39995
39990
39962
39944
39894
39879
39877
39869
39841
39837
39816
39803
39792
39778
39775
39768
39763
39747
39742
39740
39726
39715
39714
39705
39703
39682
39674
39673
39664
39662
39660
39657
39630
39619
39614
39610
39603
39594
39588
39584
39577
39567
39553
39551
39546
39544
39529
39525
39480
39475
39473
39466
39464
39457
39456
39446
39433
39425
39422
39404
39401
39399
39394
39392
39376
39371
39365
39353
39308
39305
39294
39289
39271
39231
39228
39219
39213
39197
39193
39178
39165
39160
39155
39151
39149
39135
39127
39099
39093
39090
39082
39070
39064
39056
39045
39032
39020
39015
39012
38999
38994
38962
38956
38940
38926
38918
38915
38898
38882
38878
38875
38868
38865
38846
38844
38836
38834
38823
38817
38814
38812
38800
38787
38766
38762
38728
38700
38676
38672
38660
38659
38635
38622
38619
38609
38607
38603
38600
38583
38570
38567
38566
38556
38537
38534
38520
38499
38496
38477
38472
38465
38463
38455
38448
38443
38442
38434
38425
38416
38415
38414
38402
38400
38391
38382
38372
38360
38357
38353
38324
38308
38303
38285
38274
38270
38269
38257
38247
38239
38230
38221
38219
38194
38188
38186
38167
38153
38138
38127
38117
38116
38111
38105
38102
38086
38081
38079
38072
38070
38063
38057
38037
38032
38028
38027
38016
38014
38009
37998
37983
37967
37956
37954
37944
37932
37930
37925
37920
37916
37915
37899
37867
37853
37851
37841
37839
37822
37815
37811
37807
37799
37797
37768
37752
37718
37702
37692
37687
37674
37670
37665
37641
37638
37637
37635
37634
37629
37628
37624
37617
37616
37609
37597
37581
37539
37521
37516
37513
37509
37486
37476
37452
37439
37429
37423
37410
37398
37383
37380
37377
37369
37362
37360
37347
37323
37322
37317
37286
37278
37272
37262
37241
37239
37230
37228
37227
37205
37196
37194
37188
37169
37165
37156
37152
37138
37136
37133
37123
37102
37091
37090
37068
37064
37029
37020
37015
37012
37008
36994
36991
36975
36965
36955
36954
36944
36937
36931
36919
36910
36906
36871
36864
36850
36836
36831
36806
36805
36797
36795
36794
36779
36767
36762
36759
36751
36743
36734
36723
36702
36699
36680
36676
36646
36638
36630
36626
36622
36611
36603
36591
36580
36577
36569
36568
36559
36552
36506
36495
36490
36485
36470
36453
36444
36441
36440
36434
36409
36395
36357
36356
36352
36327
36326
36322
36321
36311
36309
36302
36294
36284
36271
36263
36258
36245
36242
36233
36219
36213
36198
36185
36182
36166
36160
36158
36149
36141
36138
36122
36095
36087
36081
36075
36062
36044
36025
36011
36001
35988
35972
35971
35955
35943
35931
35924
35923
35904
35897
35881
35880
35875
35864
35862
35848
35844
35837
35826
35811
35804
35783
35782
35780
35766
35763
35762
35760
35753
35749
35748
35730
35716
35715
35711
35687
35684
35667
35664
35663
35654
35644
35626
35615
35613
35602
35593
35577
35574
35555
35543
35524
35496
35480
35476
35464
35452
35451
35434
35430
35422
35419
35403
35372
35368
35367
35358
35344
35287
35279
35278
35271
35261
35257
35237
35204
35200
35177
35176
35165
35157
35156
35153
35150
35147
35138
35099
35097
35070
35068
35060
35056
35048
35037
35035
35028
35027
35000
34993
34985
34977
34976
34971
34963
34939
34922
34920
34910
34904
34893
34891
34883
34863
34862
34860
34847
34843
34824
34821
34816
34813
34807
34804
34800
34793
34785
34783
34748
34744
34727
34720
34716
34710
34698
34697
34681
34678
34662
34661
34660
34649
34647
34642
34624
34622
34611
34610
34601
34584
34577
34565
34564
34562
34557
34552
34526
34507
34503
34497
34477
34473
34461
34460
34441
34432
34424
34421
34409
34400
34392
34385
34374
34371
34362
34341
34338
34332
34318
34280
34259
34254
34251
34249
34228
34221
34206
34185
34173
34136
34126
34124
34120
34115
34113
34103
34092
34068
34061
34056
34051
34042
34026
34025
34021
34019
34016
34014
34002
33993
33992
33984
33983
33974
33973
33970
33968
33959
33957
33938
33936
33927
33909
33906
33884
33855
33818
33817
33799
33793
33768
33739
33738
33726
33719
33716
33712
33697
33692
33680
33669
33666
33662
33655
33649
33635
33618
33610
33606
33598
33596
33586
33585
33582
33569
33555
33541
33539
33530
33518
33515
33512
33509
33498
33487
33484
33482
33476
33473
33463
33444
33439
33435
33418
33403
33393
33389
33359
33356
33353
33349
33347
33341
33334
33332
33327
33322
33317
33308
33307
33306
33288
33280
33264
33261
33259
33253
33243
33239
33232
33230
33220
33219
33218
33215
33212
33206
33179
33166
33165
33153
33151
33150
33144
33139
33109
33100
33085
33079
33077
33050
33036
33021
33015
33011
33000
32997
32988
32983
32975
32964
32963
32955
32943
32927
32922
32910
32884
32877
32853
32842
32840
32831
32827
32823
32813
32809
32807
32764
32760
32756
32739
32719
32711
32710
32701
32696
32695
32688
32672
32671
32663
32661
32660
32650
32633
32620
32612
32607
32600
32595
32586
32577
32575
32567
32561
32552
32542
32530
32509
32506
32502
32478
32472
32457
32445
32442
32440
32408
32404
32384
32380
32379
32374
32369
32345
32341
32328
32322
32317
32311
32285
32275
32271
32262
32261
32255
32223
32221
32215
32199
32193
32190
32178
32167
32165
32158
32157
32142
32137
32129
32107
32095
32084
32078
32074
32057
32039
32034
32033
32023
32012
32004
32002
31987
31982
31980
31956
31946
31941
31915
31914
31912
31866
31860
31855
31851
31839
31830
31816
31814
31808
31806
31801
31786
31774
31764
31763
31760
31750
31735
31728
31719
31718
31715
31697
31694
31685
31664
31653
31632
31618
31614
31613
31607
31598
31597
31594
31593
31592
31551
31526
31522
31520
31502
31500
31482
31471
31468
31463
31456
31447
31440
31439
31411
31408
31384
31381
31380
31356
31321
31304
31301
31294
31270
31268
31265
31256
31248
31243
31227
31224
31214
31213
31207
31206
31183
31176
31167
31158
31146
31113
31100
31093
31070
31069
31053
31047
31044
31025
31024
31021
30974
30973
30969
30952
30925
30920
30912
30897
30896
30889
30875
30858
30838
30837
30831
30828
30824
30792
30773
30759
30753
30739
30730
30715
30706
30704
30699
30696
30694
30683
30678
30661
30649
30647
30621
30615
30613
30599
30593
30585
30581
30575
30572
30561
30553
30525
30501
30485
30483
30482
30472
30447
30439
30436
30409
30375
30362
30339
30331
30325
30321
30308
30301
30274
30260
30256
30250
30240
30235
30227
30214
30203
30189
30184
30177
30162
30153
30137
30128
30125
30118
30113
30103
30098
30094
30093
30081
30069
30054
30043
30042
30037
30033
30031
30009
30007
30001
29984
29983
29974
29968
29938
29929
29928
29908
29906
29903
29891
29885
29881
29877
29873
29861
29807
29794
29787
29772
29768
29763
29760
29747
29734
29727
29708
29703
29700
29697
29679
29675
29663
29661
29640
29636
29632
29622
29617
29606
29602
29594
29582
29578
29550
29540
29527
29526
29525
29509
29504
29499
29497
29473
29471
29464
29463
29452
29433
29429
29418
29411
29406
29404
29400
29398
29397
29396
29363
29350
29326
29321
29311
29309
29296
29287
29285
29267
29261
29254
29253
29251
29243
29237
29221
29219
29182
29152
29134
29130
29129
29127
29126
29125
29119
29118
29116
29108
29105
29095
29083
29068
29049
29029
29025
29009
28999
28980
28967
28965
28958
28957
28953
28931
28871
28851
28846
28833
28822
28820
28817
28816
28807
28788
28746
28735
28719
28695
28694
28687
28673
28671
28658
28654
28653
28620
28596
28571
28518
28517
28514
28498
28487
28480
28478
28476
28473
28471
28463
28427
28425
28420
28413
28395
28382
28381
28373
28363
28357
28313
28305
28296
28286
28284
28280
28253
28238
28234
28221
28198
28182
28179
28160
28118
28116
28110
28086
28081
28056
28052
28050
28032
28030
28028
28022
28007
27982
27970
27957
27950
27912
27896
27850
27838
27831
27826
27813
27805
27802
27801
27796
27785
27782
27750
27749
27719
27718
27717
27708
27700
27687
27686
27683
27679
27650
27644
27639
27631
27628
27612
27609
27602
27596
27565
27559
27545
27534
27528
27524
27520
27493
27470
27467
27455
27453
27450
27449
27446
27445
27441
27439
27432
27417
27411
27393
27381
27374
27371
27366
27365
27358
27353
27349
27344
27326
27323
27315
27305
27302
27297
27292
27284
27270
27267
27265
27258
27252
27243
27215
27187
27167
27097
27088
27080
27078
27073
27071
27063
27062
27055
27043
27033
27019
26962
26953
26952
26950
26940
26939
26925
26922
26919
26918
26915
26909
26887
26883
26866
26865
26864
26860
26791
26781
26767
26766
26761
26760
26746
26742
26736
26729
26724
26719
26708
26696
26687
26685
26673
26632
26631
26629
26617
26605
26601
26600
26585
26576
26543
26542
26539
26537
26529
26523
26519
26503
26480
26468
26461
26440
26412
26380
26375
26367
26343
26339
26307
26271
26270
26266
26263
26260
26256
26228
26221
26200
26192
26191
26189
26174
26167
26154
26150
26105
26103
26087
26079
26042
26032
26028
26018
25991
25989
25987
25969
25966
25964
25951
25949
25943
25887
25886
25884
25875
25871
25865
25855
25843
25839
25831
25830
25820
25815
25793
25787
25776
25773
25765
25737
25735
25727
25713
25699
25689
25684
25640
25637
25632
25606
25605
25578
25576
25575
25555
25549
25542
25540
25531
25525
25503
25502
25496
25494
25492
25486
25480
25472
25467
25463
25462
25451
25450
25447
25442
25413
25409
25405
25386
25382
25361
25351
25348
25339
25338
25333
25317
25289
25279
25275
25252
25241
25236
25234
25228
25225
25203
25195
25194
25186
25183
25174
25171
25170
25160
25157
25123
25120
25106
25099
25090
25082
25079
25074
25054
25053
25028
25023
25012
24957
24940
24916
24910
24908
24907
24896
24894
24888
24867
24865
24838
24827
24817
24813
24803
24782
24781
24767
24749
24744
24737
24721
24720
24716
24712
24706
24701
24690
24682
24680
24679
24665
24655
24654
24651
24647
24626
24624
24616
24615
24609
24600
24596
24594
24592
24574
24573
24570
24551
24531
24524
24522
24521
24484
24479
24475
24463
24455
24443
24440
24438
24436
24427
24412
24400
24393
24390
24387
24379
24366
24352
24351
24344
24343
24340
24328
24310
24309
24297
24286
24270
24256
24229
24216
24207
24190
24188
24182
24122
24119
24112
24108
24106
24092
24084
24083
24081
24073
24071
24070
24065
24064
24046
24040
24036
24034
24033
24023
24014
24007
23999
23990
23979
23978
23967
23952
23946
23923
23914
23903
23891
23889
23872
23864
23832
23831
23826
23814
23813
23812
23808
23806
23801
23797
23793
23788
23783
23780
23779
23778
23774
23771
23763
23758
23753
23749
23742
23736
23721
23719
23705
23692
23684
23683
23680
23656
23650
23648
23644
23627
23619
23603
23599
23598
23594
23577
23566
23565
23560
23533
23503
23495
23489
23482
23478
23457
23450
23442
23438
23432
23428
23423
23406
23389
23384
23381
23376
23366
23357
23337
23335
23329
23321
23290
23284
23273
23253
23239
23236
23229
23219
23193
23167
23151
23133
23118
23108
23091
23085
23065
23034
23030
23026
23022
23020
23007
22991
22989
22960
22947
22943
22925
22923
22919
22915
22908
22907
22903
22864
22863
22852
22838
22832
22784
22782
22768
22766
22749
22743
22737
22727
22695
22686
22685
22683
22668
22667
22652
22643
22635
22616
22605
22598
22582
22570
22563
22546
22540
22529
22515
22497
22493
22469
22456
22444
22418
22407
22395
22386
22383
22328
22316
22290
22285
22283
22277
22268
22262
22187
22177
22162
22161
22150
22147
22133
22124
22123
22111
22106
22093
22090
22087
22074
22063
22060
22052
22051
22045
22044
22038
22037
22032
22024
22008
21999
21991
21972
21971
21956
21938
21936
21919
21917
21907
21894
21883
21868
21860
21859
21853
21844
21842
21829
21775
21773
21772
21770
21761
21757
21752
21695
21685
21658
21652
21648
21645
21623
21614
21596
21592
21584
21562
21555
21512
21508
21494
21480
21472
21464
21460
21459
21452
21447
21438
21434
21428
21344
21338
21311
21305
21283
21281
21259
21247
21246
21235
21232
21226
21216
21196
21191
21190
21168
21165
21152
21145
21123
21122
21121
21092
21086
21059
21056
21054
21050
21043
21036
21024
21023
21022
21019
20996
20985
20960
20932
20914
20910
20903
20892
20860
20854
20853
20830
20827
20768
20743
20740
20727
20714
20711
20710
20706
20703
20702
20695
20685
20682
20668
20661
20637
20609
20604
20597
20574
20563
20561
20535
20534
20523
20511
20492
20461
20457
20451
20446
20440
20434
20417
20390
20374
20368
20359
20357
20355
20344
20328
20326
20321
20320
20316
20314
20299
20288
20284
20278
20277
20250
20233
20227
20226
20223
20220
20218
20217
20184
20176
20175
20168
20163
20146
20139
20124
20121
20110
20064
20061
20057
20041
20036
20025
20016
20012
19996
19974
19966
19956
19953
19935
19934
19910
19906
19886
19877
19874
19871
19859
19846
19844
19839
19824
19820
19797
19787
19785
19765
19764
19760
19759
19739
19726
19695
19636
19627
19626
19603
19593
19586
19585
19584
19582
19572
19571
19566
19560
19553
19544
19537
19524
19522
19509
19504
19496
19487
19479
19470
19437
19411
19407
19405
19401
19399
19391
19386
19384
19383
19369
19366
19355
19329
19324
19323
19317
19303
19298
19284
19276
19265
19239
19205
19201
19188
19176
19167
19165
19156
19142
19136
19117
19104
19103
19097
19094
19067
19058
19057
19056
19054
19049
19027
19018
19013
19011
19010
19004
19003
18995
18989
18988
18962
18952
18948
18947
18935
18932
18928
18926
18924
18923
18906
18893
18878
18845
18838
18831
18829
18828
18820
18797
18787
18785
18781
18777
18767
18754
18740
18722
18702
18699
18698
18684
18682
18651
18608
18604
18602
18597
18563
18519
18488
18485
18466
18462
18453
18442
18440
18434
18415
18406
18393
18389
18372
18370
18369
18365
18358
18340
18321
18296
18290
18279
18266
18239
18237
18220
18206
18203
18202
18198
18175
18173
18172
18146
18143
18135
18133
18131
18123
18121
18118
18115
18106
18096
18079
18064
18054
18045
18042
18022
18012
18009
18007
17989
17981
17979
17958
17940
17935
17923
17914
17902
17901
17887
17881
17877
17876
17874
17866
17865
17859
17854
17851
17847
17846
17844
17841
17829
17826
17823
17811
17777
17776
17764
17763
17757
17721
17718
17703
17692
17688
17685
17682
17680
17676
17675
17657
17649
17645
17634
17633
17629
17625
17618
17610
17609
17589
17583
17559
17548
17535
17516
17511
17510
17484
17480
17461
17448
17432
17412
17407
17397
17362
17361
17359
17354
17340
17336
17333
17329
17305
17291
17273
17268
17265
17243
17236
17235
17226
17224
17214
17207
17185
17183
17162
17159
17156
17155
17154
17150
17145
17138
17135
17125
17117
17111
17090
17088
17071
17060
17053
17047
17043
17028
17009
17002
16997
16975
16967
16944
16912
16902
16893
16880
16871
16859
16852
16849
16834
16827
16814
16811
16761
16755
16703
16671
16668
16624
16623
16618
16599
16596
16590
16581
16568
16565
16560
16543
16532
16522
16516
16497
16492
16474
16469
16456
16440
16418
16404
16403
16391
16366
16361
16352
16349
16336
16334
16330
16321
16307
16300
16298
16274
16273
16271
16262
16261
16241
16238
16234
16207
16206
16204
16185
16177
16162
16156
16147
16139
16135
16129
16116
16115
16092
16084
16083
16080
16070
16065
16056
16049
16047
16041
16040
16039
16005
15987
15975
15971
15964
15958
15949
15934
15912
15876
15870
15859
15854
15851
15843
15841
15828
15820
15812
15809
15793
15786
15783
15773
15757
15746
15744
15722
15713
15710
15699
15693
15666
15662
15661
15657
15636
15630
15625
15608
15578
15576
15570
15548
15541
15507
15473
15470
15469
15429
15427
15426
15421
15412
15391
15385
15382
15350
15348
15339
15326
15303
15270
15268
15232
15216
15214
15209
15202
15196
15191
15190
15188
15186
15183
15171
15169
15153
15144
15109
15107
15093
15087
15082
15065
15059
15049
15046
15042
15038
15034
15032
15022
15015
15009
14994
14990
14962
14960
14956
14946
14927
14908
14891
14890
14874
14859
14838
14828
14809
14803
14802
14779
14771
14760
14742
14738
14731
14718
14701
14688
14682
14657
14656
14643
14638
14632
14600
14594
14575
14574
14567
14552
14548
14547
14532
14521
14511
14505
14501
14491
14479
14474
14458
14456
14450
14444
14440
14431
14424
14411
14410
14389
14380
14374
14365
14344
14340
14339
14316
14302
14296
14295
14291
14251
14239
14238
14219
14217
14208
14184
14156
14147
14146
14132
14119
14110
14077
14029
14028
14020
13998
13991
13987
13978
13976
13962
13941
13930
13929
13927
13893
13885
13882
13872
13869
13864
13850
13841
13818
13804
13797
13796
13784
13777
13774
13763
13740
13734
13721
13715
13714
13698
13695
13691
13689
13657
13653
13633
13629
13618
13613
13595
13576
13570
13534
13532
13526
13508
13501
13495
13493
13492
13483
13481
13456
13455
13429
13426
13423
13388
13384
13342
13337
13334
13309
13308
13302
13287
13281
13279
13278
13276
13268
13264
13258
13254
13236
13212
13185
13184
13144
13131
13125
13116
13112
13106
13103
13100
13092
13091
13085
13080
13075
13068
13059
13007
12997
12984
12966
12964
12940
12924
12915
12909
12906
12901
12894
12881
12870
12865
12856
12849
12832
12806
12783
12782
12764
12761
12746
12745
12736
12713
12705
12699
12690
12689
12685
12679
12678
12657
12652
12644
12619
12618
12608
12599
12573
12548
12539
12528
12518
12512
12500
12473
12450
12446
12435
12429
12422
12415
12409
12408
12400
12399
12386
12385
12384
12381
12375
12372
12369
12368
12362
12361
12357
12332
12321
12311
12306
12301
12291
12282
12275
12249
12212
12201
12187
12184
12171
12169
12167
12166
12164
12157
12153
12152
12149
12131
12129
12124
12123
12095
12089
12084
12079
12078
12070
12068
12067
12063
12049
12034
12033
12005
12000
11991
11973
11948
11941
11935
11931
11904
11894
11888
11885
11880
11855
11847
11826
11819
11810
11797
11796
11791
11783
11776
11767
11760
11758
11751
11709
11696
11691
11686
11673
11664
11653
11641
11639
11618
11610
11607
11604
11577
11558
11555
11549
11545
11543
11542
11523
11504
11501
11500
11498
11493
11480
11475
11468
11457
11440
11425
11422
11411
11400
11399
11395
11390
11388
11384
11379
11377
11373
11360
11334
11323
11321
11317
11305
11293
11282
11272
11269
11266
11259
11243
11233
11213
11176
11174
11170
11164
11160
11155
11136
11130
11122
11107
11088
11086
11084
11080
11073
11069
11061
11056
11029
11025
10999
10969
10952
10933
10913
10893
10887
10879
10862
10844
10834
10791
10768
10765
10762
10760
10741
10739
10724
10712
10711
10693
10684
10679
10655
10654
10653
10637
10632
10626
10625
10618
10616
10602
10599
10598
10589
10586
10579
10566
10551
10546
10526
10514
10510
10503
10488
10487
10468
10455
10453
10419
10403
10398
10395
10388
10386
10350
10346
10345
10340
10338
10335
10333
10328
10321
10300
10294
10292
10291
10287
10278
10272
10270
10262
10238
10215
10213
10198
10196
10194
10149
10145
10137
10100
10098
10084
10072
10070
10067
10056
10054
10052
10045
10036
10010
10005
9995
9984
9981
9971
9952
9942
9927
9909
9907
9901
9899
9897
9889
9886
9882
9874
9863
9862
9853
9851
9837
9828
9823
9819
9814
9792
9786
9776
9767
9763
9761
9733
9726
9720
9718
9717
9713
9701
9685
9677
9675
9638
9634
9624
9606
9598
9590
9565
9548
9541
9535
9526
9509
9499
9479
9474
9472
9471
9459
9457
9450
9435
9423
9416
9410
9406
9404
9386
9369
9351
9343
9341
9340
9334
9333
9327
9322
9314
9304
9280
9268
9262
9261
9260
9257
9250
9241
9236
9215
9213
9212
9194
9184
9169
9164
9160
9151
9116
9100
9092
9084
9073
9061
9051
9048
9032
9026
9022
9017
9013
9005
8996
8995
8983
8982
8972
8966
8921
8919
8910
8904
8903
8900
8891
8885
8874
8872
8851
8842
8840
8819
8807
8763
8753
8751
8729
8724
8708
8689
8663
8659
8644
8608
8607
8602
8583
8567
8564
8562
8561
8555
8542
8528
8516
8514
8485
8438
8424
8412
8402
8400
8398
8362
8348
8345
8342
8331
8325
8324
8314
8312
8308
8296
8284
8282
8272
8246
8242
8240
8227
8202
8190
8188
8176
8170
8169
8156
8130
8106
8103
8081
8080
8076
8074
8073
8062
8037
8026
8008
8007
8006
7969
7957
7951
7945
7927
7914
7911
7900
7893
7888
7883
7859
7853
7848
7832
7816
7809
7796
7789
7786
7780
7779
7778
7755
7742
7714
7706
7698
7688
7676
7666
7654
7648
7611
7607
7606
7598
7596
7594
7584
7581
7572
7566
7563
7562
7555
7554
7547
7544
7534
7532
7511
7498
7490
7486
7438
7400
7391
7380
7370
7369
7365
7362
7356
7353
7331
7287
7276
7275
7274
7262
7251
7243
7220
7217
7198
7168
7167
7160
7156
7154
7151
7132
7112
7111
7108
7104
7084
7075
7074
7068
7060
7052
7049
7042
7031
7017
7007
6998
6982
6980
6978
6963
6941
6921
6920
6909
6891
6887
6882
6880
6872
6871
6866
6860
6850
6838
6798
6787
6783
6777
6770
6759
6751
6749
6737
6736
6727
6724
6722
6713
6711
6703
6696
6683
6649
6634
6624
6614
6612
6594
6593
6586
6584
6582
6561
6547
6533
6529
6525
6513
6506
6495
6494
6489
6473
6456
6443
6441
6432
6429
6420
6400
6395
6390
6374
6368
6363
6353
6351
6346
6334
6322
6313
6312
6291
6289
6285
6266
6263
6252
6220
6217
6213
6212
6182
6178
6175
6166
6161
6155
6150
6142
6131
6117
6102
6072
6028
6024
5981
5979
5968
5964
5961
5948
5945
5944
5919
5905
5882
5880
5879
5867
5858
5833
5827
5816
5800
5789
5785
5767
5764
5754
5745
5732
5729
5724
5708
5698
5695
5690
5683
5677
5664
5655
5651
5647
5607
5605
5604
5593
5588
5584
5582
5543
5525
5515
5504
5496
5491
5487
5485
5461
5459
5455
5384
5382
5374
5370
5347
5343
5341
5340
5321
5317
5316
5304
5303
5298
5280
5274
5271
5257
5255
5249
5241
5235
5230
5224
5215
5210
5197
5186
5174
5155
5145
5129
5122
5120
5114
5109
5070
5069
5065
5062
5051
5050
5046
5043
5042
5034
5033
5028
5011
5008
4997
4995
4994
4980
4974
4971
4961
4935
4919
4914
4913
4903
4889
4888
4885
4868
4864
4859
4832
4826
4819
4815
4807
4778
4772
4757
4754
4750
4745
4728
4724
4717
4713
4706
4699
4681
4680
4677
4676
4671
4668
4667
4659
4658
4657
4641
4637
4635
4628
4625
4592
4580
4579
4574
4566
4565
4563
4553
4549
4543
4536
4528
4523
4499
4495
4474
4471
4460
4455
4450
4427
4425
4416
4413
4401
4366
4359
4350
4336
4334
4328
4323
4311
4308
4302
4298
4289
4280
4257
4251
4248
4245
4239
4216
4209
4190
4171
4167
4164
4151
4144
4137
4129
4121
4119
4112
4108
4091
4090
4080
4075
4066
4062
4044
4043
4040
4028
4025
4020
4003
3991
3956
3929
3917
3913
3911
3906
3904
3902
3888
3879
3860
3850
3830
3807
3800
3789
3754
3745
3739
3737
3714
3704
3688
3674
3662
3657
3651
3635
3630
3624
3618
3612
3608
3607
3600
3576
3570
3551
3543
3533
3529
3526
3517
3500
3498
3497
3488
3480
3443
3438
3434
3428
3427
3422
3417
3416
3397
3389
3376
3369
3363
3345
3342
3312
3307
3298
3281
3276
3271
3262
3256
3255
3250
3231
3228
3225
3220
3212
3195
3194
3193
3180
3127
3121
3119
3117
3093
3091
3087
3046
3039
3012
3009
2983
2968
2953
2949
2942
2941
2923
2920
2916
2904
2895
2881
2877
2872
2868
2863
2860
2842
2841
2823
2821
2816
2815
2795
2784
2778
2776
2766
2756
2748
2746
2744
2742
2710
2703
2684
2648
2644
2642
2641
2639
2610
2609
2606
2597
2587
2580
2562
2559
2533
2514
2479
2467
2451
2441
2428
2401
2400
2395
2394
2382
2378
2372
2354
2323
2320
2310
2307
2301
2296
2295
2285
2284
2277
2264
2257
2238
2232
2214
2208
2185
2168
2167
2165
2155
2154
2147
2142
2134
2128
2125
2098
2091
2072
2070
2063
2036
2020
2019
2018
2014
2010
1985
1982
1980
1979
1967
1952
1948
1924
1910
1899
1896
1893
1863
1856
1827
1819
1816
1810
1806
1801
1775
1769
1747
1745
1731
1727
1718
1715
1711
1701
1672
1668
1665
1664
1661
1648
1645
1615
1584
1573
1563
1552
1551
1546
1541
1540
1538
1506
1505
1495
1490
1488
1480
1476
1455
1451
1444
1426
1390
1385
1367
1361
1351
1347
1344
1318
1315
1310
1298
1288
1263
1258
1241
1238
1223
1214
1205
1202
1201
1200
1196
1194
1151
1150
1137
1133
1130
1119
1114
1110
1095
1083
1080
1079
1077
1058
1045
1030
1029
1028
1023
1014
996
990
985
983
967
950
946
924
921
917
907
889
885
842
837
833
832
824
820
819
816
812
810
784
774
773
745
741
739
737
731
727
702
689
686
667
657
638
637
630
625
612
580
578
556
551
547
538
537
533
527
472
465
464
452
450
430
427
417
413
407
404
397
375
352
346
345
337
309
306
288
286
251
245
243
223
218
202
198
164
145
138
136
113
97
91
85
78
69
46
28
27
25
14
k
