3999
3988
3985
3973
3966
3925
3909
3902
3897
3894
3893
3873
3869
3858
3853
3837
3825
3814
3813
3811
3803
3793
3791
3784
3781
3780
3743
3713
3704
3703
3702
3691
3687
3660
3655
3649
3645
3629
3622
3613
3594
3589
3572
3571
3561
3550
3547
3535
3534
3521
3475
3464
3447
3446
3434
3409
3407
3403
3399
3388
3352
3345
3342
3341
3329
3322
3320
3319
3311
3304
3288
3281
3279
3272
3271
3259
3256
3247
3245
3243
3242
3206
3187
3176
3174
3172
3166
3161
3160
3150
3139
3126
3114
3111
3110
3100
3091
3089
3084
3082
3074
3066
3065
3061
3056
3043
3037
3035
3031
3026
3008
3007
3002
3000
2982
2974
2955
2939
2938
2937
2915
2905
2903
2898
2893
2881
2869
2858
2853
2845
2837
2834
2823
2816
2814
2798
2795
2794
2787
2781
2769
2757
2755
2736
2730
2729
2723
2716
2692
2666
2663
2655
2647
2644
2634
2603
2596
2591
2583
2578
2577
2557
2551
2550
2543
2504
2494
2488
2484
2482
2467
2457
2454
2451
2445
2431
2427
2426
2413
2411
2401
2399
2393
2392
2385
2381
2350
2348
2341
2332
2290
2288
2273
2268
2262
2246
2238
2211
2197
2196
2194
2176
2172
2143
2116
2108
2103
2056
2033
2001
1990
1984
1979
1977
1965
1950
1917
1916
1904
1885
1879
1878
1877
1872
1857
1845
1829
1827
1821
1803
1797
1787
1773
1764
1761
1744
1732
1728
1721
1719
1718
1716
1705
1693
1673
1670
1664
1659
1649
1646
1608
1604
1600
1582
1572
1565
1557
1553
1545
1544
1528
1519
1518
1503
1484
1459
1449
1445
1427
1420
1416
1392
1379
1378
1371
1361
1349
1341
1326
1323
1318
1304
1296
1288
1268
1264
1256
1254
1249
1244
1242
1223
1207
1195
1178
1176
1169
1166
1159
1157
1136
1111
1098
1094
1089
1077
1067
1060
1049
1016
1007
1005
998
982
962
960
954
919
915
875
870
856
855
851
846
826
824
823
819
811
796
795
794
791
781
772
756
725
724
720
710
708
701
665
649
645
637
625
607
588
584
583
576
559
548
532
529
502
498
472
471
460
440
422
416
412
398
365
345
335
331
306
296
294
276
217
210
206
205
204
197
183
172
169
168
165
150
107
98
93
92
81
76
74
55
43
41
32
11
5
k
