99999
99975
99972
99924
99912
99905
99904
99896
99886
99865
99862
99859
99857
99855
99849
99840
99838
99826
99821
99819
99817
99807
99803
99791
99789
99776
99772
99764
99736
99719
99714
99695
99693
99685
99684
99666
99661
99659
99650
99640
99633
99614
99611
99608
99604
99600
99597
99590
99573
99543
99534
99522
99511
99504
99489
99472
99469
99458
99446
99442
99438
99427
99426
99421
99409
99399
99381
99357
99354
99340
99338
99330
99327
99323
99320
99309
99304
99296
99289
99287
99269
99268
99255
99254
99245
99242
99232
99222
99190
99182
99181
99180
99176
99169
99158
99154
99152
99146
99143
99142
99140
99136
99122
99119
99095
99075
99065
99054
99045
99033
99021
99016
99014
99007
99002
98999
98971
98966
98952
98946
98931
98927
98909
98896
98888
98865
98859
98855
98850
98845
98836
98833
98825
98817
98796
98790
98768
98766
98744
98722
98720
98703
98702
98700
98691
98677
98669
98580
98569
98561
98546
98545
98543
98539
98536
98535
98533
98486
98484
98480
98472
98460
98450
98443
98427
98399
98387
98375
98360
98350
98321
98309
98306
98302
98296
98294
98274
98271
98263
98259
98247
98229
98209
98208
98201
98197
98181
98180
98166
98161
98150
98138
98137
98122
98115
98111
98108
98107
98085
98081
98053
98033
98025
98020
98003
97999
97975
97960
97957
97956
97936
97934
97930
97922
97920
97915
97913
97904
97901
97899
97897
97896
97884
97874
97858
97835
97820
97815
97814
97757
97744
97731
97727
97724
97685
97636
97628
97625
97617
97616
97615
97607
97604
97603
97600
97598
97585
97582
97578
97565
97560
97558
97550
97542
97541
97532
97496
97491
97485
97483
97459
97451
97437
97411
97406
97397
97392
97388
97384
97373
97354
97344
97343
97329
97299
97286
97272
97270
97269
97255
97232
97222
97221
97211
97209
97208
97205
97203
97199
97176
97171
97166
97159
97158
97146
97143
97116
97106
97097
97088
97075
97055
97053
97050
97025
97024
97015
97012
97007
97000
96999
96991
96989
96981
96970
96953
96948
96947
96939
96938
96936
96926
96916
96915
96913
96907
96901
96877
96861
96848
96824
96815
96807
96796
96791
96786
96775
96772
96749
96746
96743
96738
96715
96712
96711
96709
96708
96703
96694
96692
96690
96688
96683
96682
96680
96660
96655
96629
96622
96618
96587
96584
96579
96572
96569
96566
96537
96520
96514
96502
96499
96451
96447
96446
96427
96417
96378
96362
96356
96341
96340
96337
96327
96326
96311
96309
96306
96305
96299
96287
96282
96243
96229
96224
96223
96221
96219
96203
96194
96174
96171
96156
96147
96143
96141
96140
96136
96131
96129
96125
96111
96105
96100
96085
96082
96049
96042
96035
96032
96026
96016
96011
95984
95979
95969
95966
95954
95950
95945
95923
95903
95881
95876
95860
95848
95827
95822
95820
95810
95798
95789
95774
95767
95736
95730
95720
95717
95715
95695
95683
95671
95652
95643
95631
95625
95613
95607
95604
95574
95571
95560
95541
95538
95537
95529
95527
95521
95519
95512
95507
95499
95481
95477
95442
95439
95435
95416
95415
95414
95405
95399
95398
95397
95387
95372
95363
95346
95343
95341
95339
95332
95316
95305
95300
95291
95283
95282
95252
95240
95221
95197
95196
95174
95169
95155
95141
95139
95114
95105
95101
95085
95073
95050
95031
95024
95009
95005
94970
94934
94921
94918
94910
94906
94905
94901
94896
94886
94884
94880
94867
94839
94829
94815
94814
94813
94801
94799
94749
94706
94703
94700
94699
94691
94689
94672
94659
94656
94644
94643
94616
94611
94597
94593
94584
94570
94562
94516
94513
94497
94496
94492
94473
94467
94462
94451
94438
94435
94407
94405
94395
94368
94363
94360
94348
94337
94322
94319
94306
94302
94300
94299
94295
94272
94269
94217
94203
94201
94197
94194
94186
94181
94176
94167
94146
94136
94118
94113
94106
94086
94080
94073
94072
94060
94054
94028
94004
93994
93976
93970
93952
93942
93941
93940
93928
93919
93907
93897
93895
93887
93884
93876
93875
93873
93868
93851
93835
93830
93829
93826
93822
93809
93795
93792
93789
93784
93776
93758
93741
93738
93733
93729
93728
93720
93709
93704
93701
93697
93694
93692
93691
93684
93679
93654
93649
93638
93632
93622
93609
93608
93591
93590
93587
93573
93565
93556
93516
93515
93508
93492
93490
93478
93469
93461
93446
93435
93433
93411
93407
93398
93393
93392
93388
93367
93366
93363
93357
93338
93337
93313
93297
93287
93279
93273
93265
93261
93258
93257
93255
93199
93175
93171
93170
93120
93116
93107
93106
93104
93079
93076
93064
93057
93035
93034
93017
93015
93001
92985
92972
92971
92956
92955
92949
92944
92943
92940
92933
92930
92925
92923
92922
92919
92896
92889
92877
92876
92870
92853
92831
92829
92818
92810
92795
92793
92789
92774
92766
92765
92762
92743
92734
92724
92701
92700
92698
92685
92676
92675
92612
92593
92591
92582
92576
92571
92561
92550
92545
92540
92537
92526
92523
92518
92474
92463
92458
92457
92441
92437
92420
92417
92413
92402
92397
92387
92373
92363
92355
92353
92348
92345
92339
92338
92324
92320
92306
92294
92272
92260
92242
92218
92209
92205
92199
92193
92191
92186
92166
92156
92147
92146
92137
92136
92135
92134
92132
92120
92112
92110
92101
92095
92094
92085
92076
92056
92049
92028
92012
92007
91998
91996
91987
91986
91978
91972
91957
91952
91947
91939
91931
91913
91907
91902
91900
91876
91868
91863
91833
91819
91815
91811
91808
91800
91775
91774
91768
91762
91751
91747
91745
91739
91733
91730
91699
91697
91693
91688
91686
91677
91660
91632
91623
91618
91602
91593
91578
91574
91550
91541
91539
91535
91510
91498
91481
91476
91462
91461
91460
91457
91454
91450
91447
91446
91443
91435
91411
91400
91384
91380
91373
91344
91337
91324
91320
91319
91313
91310
91306
91305
91303
91300
91291
91287
91268
91219
91215
91199
91196
91188
91186
91174
91172
91154
91135
91102
91092
91091
91070
91060
91058
91049
91020
91017
91014
90973
90970
90942
90939
90938
90929
90923
90912
90906
90905
90878
90869
90865
90861
90852
90846
90812
90811
90802
90800
90794
90768
90750
90727
90715
90712
90706
90704
90703
90696
90693
90689
90671
90654
90651
90632
90631
90629
90620
90619
90609
90605
90602
90593
90578
90574
90562
90558
90549
90536
90530
90521
90517
90507
90501
90486
90479
90475
90444
90440
90438
90437
90436
90435
90427
90419
90410
90398
90392
90375
90364
90349
90335
90329
90323
90294
90276
90272
90268
90255
90246
90242
90241
90213
90203
90199
90197
90191
90190
90180
90167
90161
90153
90148
90145
90114
90105
90101
90090
90089
90075
90074
90067
90035
90034
90032
90023
90015
89997
89996
89987
89976
89970
89960
89957
89950
89949
89943
89933
89931
89924
89919
89909
89895
89872
89870
89859
89858
89850
89848
89845
89821
89814
89803
89796
89794
89762
89752
89743
89716
89714
89687
89676
89665
89658
89656
89654
89636
89628
89623
89602
89597
89595
89585
89568
89558
89553
89542
89535
89503
89487
89480
89479
89477
89476
89469
89461
89460
89458
89449
89447
89428
89427
89418
89417
89413
89387
89379
89330
89329
89323
89308
89293
89271
89263
89262
89246
89231
89227
89218
89194
89169
89161
89149
89144
89124
89097
89094
89081
89066
89065
89059
89054
89053
89043
89036
89008
89006
88999
88993
88992
88989
88983
88982
88971
88965
88963
88952
88944
88923
88918
88916
88906
88893
88870
88866
88864
88834
88828
88823
88812
88809
88807
88806
88802
88799
88770
88766
88749
88748
88742
88724
88719
88700
88693
88686
88658
88651
88649
88648
88646
88640
88637
88617
88600
88582
88577
88548
88547
88518
88510
88506
88489
88481
88474
88470
88462
88434
88409
88394
88365
88340
88339
88329
88321
88318
88290
88285
88278
88257
88256
88251
88248
88239
88235
88229
88227
88208
88207
88194
88191
88181
88147
88142
88138
88127
88113
88102
88101
88098
88085
88073
88068
88054
88046
88045
88044
88031
88025
88015
88013
88012
88009
88002
87994
87992
87984
87974
87973
87949
87944
87938
87931
87922
87918
87910
87887
87862
87851
87844
87826
87818
87816
87804
87797
87792
87783
87781
87762
87760
87759
87753
87736
87735
87703
87698
87688
87685
87668
87661
87659
87652
87626
87614
87613
87601
87590
87589
87581
87547
87542
87538
87536
87527
87493
87449
87446
87442
87409
87398
87358
87355
87342
87341
87313
87311
87305
87297
87291
87277
87255
87253
87238
87217
87213
87207
87206
87199
87198
87197
87173
87167
87148
87115
87094
87091
87089
87080
87071
87070
87058
87048
87024
87023
87005
87004
87003
86998
86994
86987
86981
86974
86954
86950
86939
86890
86880
86879
86866
86865
86834
86828
86798
86787
86781
86763
86762
86758
86747
86743
86742
86740
86731
86729
86713
86705
86704
86696
86686
86665
86652
86647
86644
86639
86626
86585
86567
86566
86524
86519
86498
86488
86479
86473
86471
86464
86462
86460
86436
86422
86416
86409
86392
86391
86390
86386
86381
86365
86354
86349
86344
86339
86320
86309
86307
86304
86296
86289
86285
86268
86259
86244
86233
86226
86221
86212
86201
86179
86178
86172
86170
86168
86167
86161
86148
86133
86128
86118
86109
86084
86075
86069
86068
86048
86021
86002
85994
85969
85967
85962
85959
85930
85926
85921
85907
85906
85903
85898
85897
85893
85890
85885
85883
85882
85866
85853
85841
85828
85817
85815
85797
85778
85773
85771
85759
85727
85725
85714
85712
85682
85679
85678
85674
85659
85624
85615
85614
85613
85594
85591
85587
85585
85574
85571
85570
85569
85537
85528
85500
85489
85486
85483
85472
85468
85467
85453
85446
85434
85420
85417
85405
85351
85347
85344
85333
85326
85324
85322
85291
85275
85263
85239
85221
85219
85214
85201
85195
85188
85159
85151
85130
85118
85108
85106
85100
85090
85089
85086
85050
85040
85034
85033
85032
85019
85016
85015
85010
85007
85002
84992
84989
84981
84977
84960
84959
84945
84940
84932
84906
84900
84899
84895
84876
84867
84854
84830
84824
84807
84804
84803
84802
84793
84788
84783
84781
84772
84760
84756
84739
84737
84735
84729
84722
84708
84702
84675
84655
84645
84644
84635
84631
84618
84611
84604
84599
84584
84581
84572
84570
84561
84557
84556
84542
84535
84522
84519
84512
84468
84460
84451
84438
84436
84408
84405
84400
84388
84385
84381
84371
84332
84329
84325
84310
84292
84266
84251
84248
84247
84245
84244
84243
84222
84216
84209
84192
84175
84174
84173
84170
84151
84144
84138
84106
84060
84056
84054
84043
84037
84009
84006
83987
83980
83964
83955
83950
83948
83943
83938
83934
83932
83891
83883
83875
83870
83867
83820
83815
83803
83792
83773
83746
83745
83738
83737
83700
83697
83694
83678
83669
83665
83637
83618
83614
83613
83581
83575
83563
83557
83529
83526
83511
83510
83506
83493
83484
83477
83476
83474
83431
83420
83412
83407
83403
83402
83391
83386
83384
83376
83375
83374
83373
83359
83349
83346
83340
83337
83332
83331
83277
83273
83263
83261
83252
83244
83229
83217
83214
83212
83207
83197
83196
83183
83162
83160
83159
83140
83137
83121
83120
83119
83107
83106
83101
83077
83067
83059
83056
83053
83044
83030
83019
83017
83008
83006
82986
82982
82959
82930
82922
82919
82908
82900
82891
82868
82859
82857
82855
82843
82840
82837
82823
82798
82785
82779
82762
82761
82741
82738
82737
82709
82701
82680
82675
82669
82650
82646
82616
82610
82605
82587
82557
82552
82530
82528
82506
82466
82452
82447
82443
82439
82436
82435
82428
82424
82421
82415
82413
82412
82407
82375
82360
82356
82355
82346
82330
82328
82317
82301
82292
82284
82269
82245
82243
82236
82218
82215
82200
82189
82181
82174
82166
82165
82156
82148
82140
82118
82107
82084
82055
82052
82049
82046
82045
82020
82015
82013
82000
81982
81978
81969
81941
81938
81917
81908
81901
81900
81898
81892
81885
81871
81870
81851
81838
81818
81806
81805
81799
81722
81706
81704
81700
81698
81695
81673
81658
81651
81648
81645
81635
81624
81616
81606
81598
81574
81568
81551
81526
81507
81502
81495
81494
81486
81483
81457
81449
81441
81437
81422
81413
81398
81397
81368
81365
81360
81356
81352
81351
81350
81320
81313
81306
81302
81294
81288
81272
81264
81252
81245
81240
81223
81218
81206
81183
81168
81160
81132
81129
81119
81108
81107
81105
81093
81092
81090
81078
81072
81060
81049
81042
81030
81026
81021
81016
81010
81005
80957
80954
80947
80943
80912
80905
80902
80898
80863
80856
80855
80841
80835
80831
80828
80824
80816
80813
80809
80805
80793
80782
80780
80776
80762
80738
80735
80715
80709
80700
80691
80689
80688
80684
80680
80675
80673
80663
80649
80642
80563
80561
80539
80537
80536
80527
80511
80493
80483
80482
80470
80463
80460
80459
80446
80442
80429
80409
80398
80397
80395
80388
80384
80380
80374
80370
80366
80363
80351
80350
80343
80340
80333
80332
80298
80297
80296
80295
80283
80261
80260
80255
80253
80243
80242
80240
80233
80226
80216
80198
80197
80196
80186
80185
80183
80170
80143
80126
80123
80114
80112
80091
80090
80089
80088
80084
80050
80041
80033
80028
80023
80016
80009
80006
79998
79996
79983
79976
79969
79965
79959
79946
79939
79922
79919
79916
79910
79902
79888
79877
79872
79871
79856
79851
79839
79819
79813
79806
79785
79779
79747
79736
79733
79722
79717
79688
79680
79677
79674
79670
79662
79642
79632
79626
79621
79616
79599
79595
79593
79587
79578
79576
79571
79560
79558
79552
79542
79511
79468
79466
79449
79446
79433
79428
79427
79407
79392
79350
79309
79303
79281
79266
79263
79219
79214
79213
79199
79181
79171
79168
79166
79164
79150
79136
79133
79127
79098
79087
79073
79070
79069
79065
79046
79042
79039
79036
79020
79003
79002
78994
78987
78969
78966
78962
78960
78952
78948
78947
78941
78940
78936
78915
78888
78887
78886
78883
78880
78875
78864
78850
78849
78836
78817
78812
78811
78806
78803
78796
78789
78785
78783
78782
78753
78748
78743
78731
78727
78721
78706
78704
78702
78683
78665
78658
78619
78606
78592
78587
78578
78577
78572
78563
78554
78535
78523
78515
78514
78513
78511
78501
78490
78485
78471
78467
78460
78440
78437
78432
78392
78390
78380
78379
78377
78369
78350
78318
78307
78282
78278
78267
78265
78248
78234
78233
78229
78225
78193
78181
78177
78169
78167
78166
78154
78153
78145
78132
78113
78109
78108
78102
78095
78077
78072
78065
78056
78047
78044
78040
78021
78008
78007
77985
77972
77969
77968
77963
77961
77958
77943
77934
77930
77922
77891
77885
77883
77857
77855
77853
77852
77841
77839
77836
77830
77816
77802
77798
77788
77773
77761
77748
77746
77745
77744
77743
77735
77723
77713
77709
77699
77693
77687
77685
77684
77679
77676
77648
77628
77614
77605
77595
77592
77584
77567
77546
77533
77526
77520
77519
77517
77509
77507
77504
77483
77480
77479
77475
77463
77430
77405
77395
77390
77382
77378
77368
77354
77348
77336
77326
77319
77314
77301
77281
77260
77244
77236
77218
77211
77199
77196
77187
77183
77174
77171
77165
77155
77133
77126
77113
77112
77108
77090
77081
77034
77008
77006
76986
76961
76936
76935
76927
76905
76894
76893
76876
76862
76851
76849
76842
76832
76817
76815
76811
76807
76804
76799
76795
76791
76762
76759
76755
76748
76722
76720
76713
76709
76704
76703
76698
76694
76663
76655
76623
76622
76621
76595
76578
76575
76561
76534
76527
76521
76517
76513
76497
76484
76472
76464
76442
76438
76426
76424
76420
76419
76400
76391
76381
76365
76362
76345
76338
76337
76294
76293
76292
76286
76281
76271
76266
76253
76240
76238
76231
76226
76224
76220
76200
76190
76174
76161
76149
76136
76135
76130
76124
76120
76100
76093
76084
76083
76072
76071
76055
76043
76024
76020
76013
75997
75987
75958
75957
75956
75955
75940
75929
75921
75920
75897
75888
75881
75873
75854
75844
75817
75808
75805
75791
75784
75775
75768
75765
75759
75757
75747
75741
75738
75728
75727
75724
75702
75693
75676
75668
75660
75659
75652
75647
75645
75635
75634
75612
75611
75595
75593
75592
75589
75587
75582
75580
75579
75575
75562
75551
75540
75537
75533
75531
75522
75513
75510
75446
75443
75416
75397
75383
75379
75347
75336
75335
75332
75315
75313
75300
75297
75294
75292
75287
75285
75273
75264
75250
75224
75213
75212
75196
75194
75172
75167
75154
75149
75141
75091
75071
75067
75064
75030
75019
75005
74998
74997
74989
74988
74975
74946
74925
74922
74910
74906
74901
74896
74892
74869
74857
74854
74836
74828
74816
74814
74812
74810
74769
74757
74749
74734
74723
74706
74702
74691
74670
74664
74659
74651
74647
74641
74626
74594
74593
74580
74573
74555
74552
74550
74547
74540
74519
74514
74513
74502
74499
74492
74467
74465
74462
74443
74442
74436
74433
74430
74412
74408
74407
74370
74363
74348
74346
74340
74339
74332
74321
74282
74264
74215
74198
74193
74174
74172
74169
74157
74116
74112
74109
74102
74093
74089
74085
74082
74076
74072
74071
74053
74047
74040
74039
74023
74008
74006
73985
73979
73942
73935
73929
73927
73916
73914
73913
73909
73907
73904
73895
73884
73869
73853
73819
73814
73800
73793
73786
73775
73739
73723
73719
73717
73713
73709
73674
73671
73665
73657
73615
73599
73591
73552
73548
73545
73542
73540
73539
73512
73509
73503
73497
73495
73482
73463
73460
73448
73444
73429
73426
73410
73394
73393
73379
73368
73361
73356
73355
73353
73320
73294
73284
73282
73278
73276
73253
73251
73241
73231
73227
73226
73199
73176
73144
73142
73096
73079
73031
73030
73028
73010
72997
72995
72988
72981
72975
72973
72963
72962
72960
72959
72919
72903
72862
72859
72858
72846
72845
72842
72838
72826
72819
72813
72800
72792
72776
72774
72769
72765
72762
72756
72732
72726
72717
72707
72706
72704
72695
72692
72680
72658
72651
72649
72633
72623
72614
72610
72597
72593
72588
72579
72546
72526
72506
72490
72480
72476
72475
72471
72467
72462
72445
72443
72424
72381
72369
72365
72364
72353
72352
72347
72321
72300
72297
72258
72253
72235
72228
72223
72208
72203
72201
72191
72185
72161
72158
72155
72154
72147
72146
72141
72124
72114
72111
72106
72098
72092
72081
72043
72042
72029
72027
72025
72008
72006
71995
71986
71972
71944
71942
71934
71910
71900
71899
71892
71882
71879
71868
71860
71829
71814
71800
71793
71786
71781
71770
71757
71751
71740
71732
71730
71712
71699
71652
71642
71641
71636
71612
71605
71603
71594
71581
71579
71569
71560
71552
71546
71542
71541
71534
71527
71519
71508
71505
71501
71490
71472
71451
71441
71438
71427
71411
71410
71393
71349
71342
71326
71314
71298
71290
71269
71266
71265
71256
71251
71240
71236
71235
71221
71216
71198
71196
71178
71168
71162
71135
71127
71113
71101
71082
71047
71040
71030
71024
71004
70997
70986
70983
70973
70941
70933
70929
70915
70894
70892
70881
70880
70864
70863
70856
70835
70832
70829
70818
70816
70810
70788
70781
70777
70761
70753
70744
70743
70739
70727
70724
70711
70706
70686
70683
70681
70672
70664
70642
70621
70616
70598
70591
70586
70584
70580
70551
70548
70536
70524
70496
70481
70471
70458
70457
70452
70447
70442
70432
70402
70401
70399
70355
70332
70311
70290
70272
70261
70231
70210
70206
70192
70179
70176
70168
70151
70129
70125
70111
70108
70107
70068
70050
70039
70036
70011
70001
69991
69987
69942
69938
69936
69934
69925
69922
69912
69909
69897
69889
69831
69801
69795
69789
69787
69780
69769
69761
69733
69717
69713
69694
69683
69673
69670
69658
69654
69646
69615
69583
69550
69534
69500
69499
69497
69494
69475
69473
69463
69451
69446
69438
69395
69382
69380
69372
69364
69358
69355
69350
69349
69335
69328
69326
69320
69319
69308
69303
69285
69280
69240
69236
69230
69227
69213
69211
69209
69207
69204
69203
69198
69197
69196
69189
69172
69147
69128
69122
69108
69105
69104
69102
69074
69060
69057
69053
69046
69040
69036
69029
69026
69003
68994
68991
68990
68976
68971
68970
68964
68942
68937
68935
68933
68918
68902
68900
68898
68895
68893
68884
68881
68877
68876
68831
68830
68809
68798
68783
68760
68755
68739
68728
68727
68694
68679
68665
68658
68652
68628
68626
68623
68597
68595
68594
68592
68585
68573
68567
68556
68547
68544
68538
68537
68535
68522
68509
68505
68498
68494
68485
68471
68466
68465
68447
68443
68433
68412
68409
68396
68386
68381
68359
68352
68328
68325
68302
68291
68290
68288
68272
68268
68263
68258
68244
68224
68221
68208
68205
68201
68195
68184
68172
68170
68167
68165
68156
68152
68144
68135
68130
68123
68073
68072
68070
68064
68054
68052
68043
68026
68018
68002
67999
67993
67992
67991
67990
67989
67986
67980
67973
67949
67945
67939
67938
67935
67922
67913
67881
67879
67872
67818
67815
67813
67810
67804
67796
67769
67767
67755
67735
67726
67682
67669
67654
67645
67635
67632
67628
67597
67590
67576
67558
67555
67550
67545
67540
67504
67487
67475
67472
67455
67448
67436
67425
67424
67407
67406
67396
67380
67375
67366
67361
67353
67339
67330
67322
67306
67305
67289
67266
67256
67255
67253
67247
67240
67224
67217
67213
67209
67196
67194
67189
67173
67166
67159
67142
67139
67134
67128
67117
67102
67089
67055
67049
67044
67042
67041
67037
67034
67033
67001
66997
66994
66981
66979
66974
66973
66971
66967
66961
66955
66951
66948
66939
66932
66917
66915
66892
66887
66886
66873
66872
66869
66861
66849
66848
66847
66832
66829
66820
66816
66808
66787
66774
66761
66754
66750
66747
66724
66722
66720
66707
66692
66689
66680
66678
66676
66671
66663
66655
66646
66628
66601
66598
66594
66586
66582
66579
66567
66562
66556
66549
66538
66532
66524
66505
66496
66473
66472
66471
66468
66464
66447
66435
66417
66416
66403
66400
66381
66379
66378
66363
66360
66333
66330
66316
66315
66308
66301
66287
66284
66273
66260
66249
66244
66216
66208
66204
66203
66199
66176
66170
66148
66144
66143
66134
66105
66102
66093
66080
66070
66066
66048
66042
66036
66031
66023
66012
66005
65991
65986
65969
65968
65966
65964
65922
65911
65909
65907
65897
65876
65871
65845
65835
65834
65832
65816
65782
65774
65763
65760
65743
65727
65713
65712
65702
65699
65687
65686
65680
65674
65657
65654
65640
65609
65602
65589
65580
65576
65564
65555
65552
65537
65535
65508
65507
65480
65479
65465
65459
65449
65447
65444
65440
65439
65424
65418
65410
65409
65394
65390
65385
65376
65339
65331
65310
65271
65270
65268
65254
65253
65249
65242
65209
65189
65175
65152
65151
65148
65144
65140
65139
65121
65070
65040
65032
65024
64997
64992
64986
64982
64975
64969
64967
64963
64960
64957
64947
64946
64904
64899
64887
64864
64861
64854
64841
64838
64832
64829
64822
64811
64784
64781
64778
64776
64761
64751
64725
64722
64717
64708
64705
64700
64696
64670
64665
64650
64622
64619
64611
64609
64598
64580
64577
64574
64566
64558
64549
64543
64540
64516
64509
64499
64494
64493
64491
64477
64448
64441
64423
64418
64413
64407
64398
64355
64350
64347
64331
64330
64306
64289
64285
64275
64273
64270
64263
64239
64218
64199
64195
64183
64174
64148
64147
64139
64138
64135
64128
64118
64097
64094
64081
64077
64070
64060
64048
64046
64023
64017
64003
63991
63974
63971
63965
63960
63958
63955
63952
63949
63948
63934
63927
63915
63908
63899
63895
63890
63887
63886
63884
63869
63853
63851
63847
63843
63827
63810
63803
63800
63789
63775
63761
63755
63747
63725
63724
63718
63693
63678
63658
63654
63639
63637
63633
63629
63624
63617
63603
63598
63585
63580
63575
63574
63573
63572
63567
63561
63546
63540
63534
63527
63512
63508
63501
63494
63493
63489
63484
63477
63470
63466
63446
63437
63435
63432
63408
63402
63397
63389
63352
63347
63308
63296
63289
63277
63267
63265
63259
63256
63253
63249
63236
63229
63226
63214
63213
63210
63182
63167
63166
63153
63148
63146
63143
63138
63137
63125
63115
63097
63096
63083
63081
63080
63073
63060
63058
63040
63037
63024
63017
63008
62997
62996
62985
62940
62937
62915
62911
62908
62889
62871
62847
62831
62830
62816
62814
62798
62777
62774
62771
62767
62762
62749
62745
62731
62730
62718
62716
62712
62706
62697
62693
62641
62632
62621
62617
62598
62565
62557
62546
62536
62534
62529
62507
62504
62501
62499
62469
62461
62452
62440
62435
62408
62397
62375
62359
62352
62341
62329
62328
62279
62271
62267
62242
62235
62234
62230
62227
62211
62192
62189
62178
62177
62170
62150
62138
62130
62115
62106
62095
62081
62078
62063
62060
62016
62014
62011
62006
62004
61975
61962
61945
61927
61900
61894
61893
61888
61872
61845
61836
61822
61806
61802
61797
61796
61793
61785
61778
61777
61776
61766
61748
61742
61734
61727
61720
61719
61713
61704
61692
61682
61670
61655
61654
61637
61635
61632
61609
61605
61590
61582
61578
61574
61560
61558
61537
61531
61516
61512
61491
61488
61482
61444
61438
61430
61428
61422
61419
61414
61390
61373
61372
61366
61361
61357
61335
61334
61333
61329
61327
61325
61322
61302
61293
61286
61283
61277
61268
61261
61249
61246
61242
61235
61232
61225
61223
61213
61212
61206
61191
61188
61179
61142
61137
61123
61115
61112
61108
61106
61103
61102
61094
61085
61077
61066
61065
61053
61033
61019
61017
61015
61014
61010
61007
61005
60998
60993
60988
60980
60961
60958
60938
60932
60930
60928
60914
60909
60906
60884
60881
60866
60856
60852
60846
60843
60838
60831
60821
60804
60800
60776
60763
60759
60746
60742
60714
60697
60661
60659
60656
60650
60646
60639
60620
60614
60601
60587
60566
60559
60537
60529
60512
60510
60502
60497
60494
60488
60484
60479
60463
60444
60367
60366
60363
60358
60355
60352
60348
60346
60345
60322
60314
60312
60308
60302
60296
60280
60278
60275
60265
60260
60258
60253
60246
60212
60180
60179
60171
60164
60160
60159
60158
60156
60137
60131
60130
60115
60112
60110
60102
60090
60068
60065
60063
60057
60056
60054
60041
60024
60006
59994
59993
59980
59970
59967
59960
59946
59943
59942
59936
59934
59929
59900
59878
59872
59868
59859
59844
59821
59814
59799
59793
59777
59749
59741
59736
59727
59725
59718
59700
59686
59683
59681
59673
59672
59670
59664
59663
59641
59638
59626
59625
59623
59604
59593
59589
59585
59581
59557
59542
59520
59516
59499
59469
59468
59461
59428
59425
59411
59407
59405
59396
59389
59366
59364
59357
59356
59339
59318
59312
59308
59293
59292
59288
59286
59281
59279
59278
59277
59276
59260
59249
59248
59247
59234
59227
59223
59218
59198
59189
59151
59150
59145
59143
59135
59124
59121
59116
59109
59104
59086
59080
59054
59047
59039
59038
59034
59031
59025
59018
59015
59004
58986
58978
58971
58969
58968
58950
58949
58939
58934
58933
58927
58921
58896
58874
58867
58852
58844
58840
58829
58801
58774
58756
58753
58750
58728
58723
58718
58713
58692
58672
58669
58654
58652
58647
58637
58628
58609
58588
58586
58585
58559
58548
58539
58531
58520
58519
58515
58502
58501
58490
58489
58487
58459
58453
58449
58443
58438
58425
58418
58396
58394
58391
58390
58388
58385
58381
58378
58372
58369
58363
58355
58353
58349
58348
58332
58301
58297
58292
58275
58270
58260
58247
58238
58233
58220
58196
58193
58185
58167
58161
58127
58091
58085
58063
58052
58051
58042
58035
58034
58033
58022
58004
57986
57971
57964
57955
57933
57909
57900
57895
57868
57861
57860
57856
57839
57816
57812
57798
57796
57791
57782
57766
57759
57758
57726
57724
57722
57721
57720
57714
57713
57710
57698
57697
57694
57690
57689
57686
57683
57670
57665
57662
57657
57653
57650
57631
57606
57593
57584
57571
57567
57564
57562
57561
57555
57550
57544
57540
57539
57524
57522
57514
57506
57499
57485
57464
57461
57458
57427
57426
57406
57397
57394
57379
57373
57357
57354
57347
57345
57338
57334
57333
57324
57286
57284
57279
57259
57247
57238
57231
57210
57203
57186
57180
57172
57166
57159
57150
57148
57146
57132
57124
57114
57085
57079
57067
57066
57054
57051
57050
57042
57023
57005
56981
56976
56959
56940
56892
56860
56853
56826
56822
56820
56816
56809
56801
56796
56787
56784
56774
56751
56728
56720
56713
56694
56693
56689
56684
56683
56675
56668
56667
56656
56628
56602
56589
56579
56574
56555
56527
56505
56501
56474
56472
56460
56446
56430
56422
56413
56409
56407
56406
56398
56395
56393
56378
56372
56364
56326
56316
56313
56275
56269
56240
56219
56218
56203
56190
56186
56177
56170
56130
56117
56107
56086
56084
56058
56048
56047
56042
56033
56031
56017
56015
56010
55985
55984
55970
55968
55955
55949
55947
55944
55943
55923
55917
55913
55902
55895
55884
55867
55866
55855
55851
55845
55826
55824
55820
55801
55763
55737
55726
55724
55703
55701
55700
55696
55691
55687
55665
55663
55659
55634
55627
55619
55612
55611
55608
55587
55575
55573
55555
55535
55529
55525
55522
55513
55506
55504
55500
55495
55488
55485
55482
55475
55459
55443
55441
55408
55404
55393
55382
55360
55357
55356
55348
55343
55335
55316
55311
55307
55299
55291
55272
55269
55263
55261
55260
55256
55235
55230
55224
55211
55183
55171
55158
55149
55148
55145
55144
55140
55116
55115
55113
55102
55099
55089
55081
55075
55067
55039
55021
55020
54994
54980
54969
54964
54953
54939
54938
54879
54872
54865
54854
54843
54835
54824
54809
54804
54801
54789
54788
54779
54772
54766
54765
54760
54751
54750
54741
54734
54695
54677
54673
54655
54651
54644
54643
54625
54622
54613
54612
54584
54582
54556
54555
54524
54521
54517
54502
54490
54485
54479
54478
54477
54472
54467
54464
54463
54462
54445
54430
54421
54408
54407
54380
54369
54367
54340
54337
54336
54298
54295
54289
54269
54267
54265
54261
54257
54256
54236
54234
54220
54219
54217
54215
54212
54208
54203
54189
54177
54175
54157
54150
54140
54126
54117
54102
54101
54097
54088
54081
54073
54068
54065
54034
54015
53999
53986
53985
53962
53957
53955
53953
53944
53939
53933
53930
53928
53927
53917
53896
53865
53848
53844
53802
53789
53781
53769
53768
53761
53757
53753
53746
53742
53730
53724
53718
53716
53711
53709
53708
53678
53672
53664
53656
53655
53641
53633
53611
53598
53572
53570
53562
53557
53553
53546
53544
53542
53540
53530
53521
53520
53518
53509
53495
53477
53460
53452
53442
53434
53424
53419
53415
53396
53390
53378
53374
53370
53369
53352
53348
53346
53345
53338
53329
53319
53296
53286
53285
53264
53263
53261
53247
53237
53234
53221
53217
53206
53193
53172
53171
53163
53157
53148
53142
53134
53133
53130
53122
53121
53118
53109
53106
53100
53098
53092
53086
53073
53070
53069
53066
53063
53061
53052
53043
53040
53029
53023
53021
53014
53012
53004
52993
52989
52984
52977
52946
52937
52927
52913
52894
52863
52854
52853
52835
52831
52829
52827
52824
52810
52797
52775
52772
52762
52741
52736
52722
52707
52699
52698
52672
52661
52660
52649
52645
52633
52632
52625
52620
52616
52615
52610
52607
52603
52601
52599
52586
52584
52577
52565
52555
52535
52527
52525
52502
52500
52496
52493
52492
52475
52456
52454
52453
52445
52440
52439
52438
52431
52430
52429
52428
52424
52420
52410
52408
52399
52367
52353
52343
52341
52335
52330
52326
52321
52319
52316
52315
52314
52288
52286
52276
52272
52264
52263
52250
52235
52220
52203
52202
52190
52166
52161
52153
52138
52133
52118
52104
52082
52063
52059
52049
52046
52036
52031
52026
52023
52014
52013
52012
52007
52005
51977
51957
51943
51932
51928
51896
51881
51879
51875
51858
51855
51846
51838
51819
51810
51805
51800
51798
51789
51784
51781
51759
51748
51721
51710
51697
51689
51683
51675
51666
51655
51653
51627
51623
51605
51604
51600
51588
51574
51567
51558
51541
51534
51523
51519
51479
51475
51467
51449
51447
51441
51436
51423
51420
51407
51389
51385
51364
51352
51350
51343
51272
51271
51267
51266
51252
51250
51242
51225
51222
51215
51211
51209
51207
51197
51187
51177
51170
51153
51131
51129
51127
51121
51111
51101
51092
51084
51059
51043
51016
51015
51005
51000
50995
50989
50968
50951
50945
50936
50933
50931
50922
50921
50889
50878
50876
50874
50865
50856
50839
50837
50836
50824
50776
50774
50768
50766
50758
50757
50740
50730
50725
50722
50705
50677
50673
50672
50664
50652
50645
50622
50620
50608
50606
50603
50600
50568
50566
50557
50543
50541
50540
50520
50514
50511
50505
50502
50491
50488
50472
50462
50460
50458
50452
50437
50436
50429
50369
50357
50352
50351
50344
50343
50340
50322
50318
50294
50291
50266
50261
50254
50248
50245
50238
50229
50211
50196
50190
50181
50173
50167
50162
50159
50118
50107
50106
50102
50096
50095
50092
50079
50077
50076
50054
50044
50041
50013
50012
50007
50005
50003
49996
49989
49986
49969
49960
49956
49953
49950
49941
49931
49913
49900
49887
49886
49883
49882
49875
49871
49870
49869
49851
49839
49827
49825
49812
49805
49803
49800
49794
49790
49782
49767
49766
49752
49751
49748
49746
49729
49725
49723
49707
49703
49693
49686
49682
49679
49678
49665
49656
49620
49612
49608
49594
49584
49576
49568
49566
49563
49557
49556
49527
49523
49500
49471
49450
49434
49433
49396
49394
49393
49390
49377
49370
49365
49346
49331
49326
49318
49309
49281
49246
49232
49224
49201
49172
49167
49166
49141
49139
49137
49130
49117
49108
49106
49091
49088
49087
49080
49079
49074
49048
49045
49030
49009
49007
49001
49000
48996
48982
48956
48950
48949
48943
48940
48932
48931
48908
48897
48889
48888
48887
48875
48873
48870
48866
48852
48850
48839
48837
48830
48818
48814
48789
48777
48764
48757
48741
48733
48727
48726
48687
48681
48677
48671
48669
48656
48653
48649
48636
48629
48607
48605
48576
48569
48552
48545
48537
48536
48532
48526
48524
48489
48480
48474
48450
48439
48435
48433
48421
48405
48389
48385
48366
48359
48350
48347
48315
48268
48266
48251
48237
48228
48227
48213
48163
48160
48153
48146
48138
48130
48127
48120
48097
48062
48060
48047
48034
48013
48008
47997
47988
47986
47985
47983
47981
47977
47969
47950
47944
47936
47933
47931
47930
47929
47925
47910
47907
47880
47875
47873
47840
47829
47828
47826
47811
47799
47782
47780
47775
47744
47736
47729
47679
47666
47665
47650
47607
47596
47589
47572
47553
47542
47527
47520
47509
47497
47471
47442
47434
47426
47409
47394
47390
47371
47362
47353
47338
47329
47324
47312
47305
47304
47295
47287
47282
47268
47256
47241
47238
47232
47229
47219
47213
47207
47204
47185
47169
47165
47100
47098
47095
47090
47086
47049
47045
47011
46994
46985
46982
46981
46978
46973
46960
46944
46942
46940
46924
46923
46895
46894
46868
46863
46860
46834
46830
46817
46811
46807
46790
46788
46775
46761
46760
46757
46753
46749
46746
46742
46728
46721
46720
46716
46711
46687
46686
46685
46680
46671
46658
46640
46638
46637
46635
46631
46617
46605
46597
46574
46568
46557
46547
46521
46508
46504
46503
46502
46487
46486
46469
46462
46459
46453
46449
46447
46424
46423
46422
46411
46397
46395
46393
46381
46373
46343
46336
46329
46322
46309
46291
46278
46270
46262
46253
46247
46230
46229
46227
46216
46211
46207
46204
46202
46196
46186
46177
46170
46168
46152
46117
46107
46080
46078
46067
46004
46003
46002
46001
45972
45949
45945
45943
45937
45933
45913
45905
45873
45864
45857
45801
45795
45762
45757
45756
45740
45666
45663
45660
45659
45652
45642
45629
45623
45622
45608
45596
45590
45577
45566
45563
45555
45554
45534
45532
45528
45492
45476
45471
45446
45422
45412
45401
45382
45378
45368
45366
45353
45350
45342
45337
45326
45318
45313
45311
45309
45299
45236
45232
45229
45219
45199
45191
45177
45173
45171
45168
45165
45145
45138
45126
45122
45119
45116
45098
45095
45077
45076
45070
45057
45056
45048
45042
45026
45023
45020
45016
45012
45010
44998
44994
44990
44987
44977
44976
44955
44926
44900
44895
44885
44881
44879
44851
44844
44840
44837
44836
44833
44830
44825
44816
44812
44764
44760
44758
44750
44749
44732
44721
44718
44717
44704
44686
44685
44681
44677
44675
44663
44651
44650
44644
44643
44623
44616
44607
44605
44603
44593
44589
44577
44572
44571
44569
44568
44563
44562
44525
44517
44513
44508
44490
44488
44482
44473
44471
44460
44458
44419
44410
44396
44394
44393
44387
44385
44384
44380
44379
44359
44347
44344
44341
44337
44336
44330
44316
44304
44302
44299
44298
44277
44267
44264
44258
44248
44238
44233
44230
44221
44219
44215
44209
44198
44184
44179
44170
44168
44161
44152
44149
44147
44131
44121
44118
44114
44107
44105
44100
44090
44078
44066
44054
44020
44009
43972
43957
43949
43940
43939
43911
43902
43900
43887
43857
43855
43838
43822
43799
43785
43778
43746
43718
43716
43714
43703
43696
43689
43680
43672
43670
43653
43643
43630
43619
43615
43598
43594
43574
43568
43561
43539
43533
43521
43519
43517
43500
43458
43437
43435
43427
43416
43406
43385
43373
43339
43332
43323
43314
43309
43305
43293
43287
43263
43259
43255
43242
43224
43151
43142
43141
43122
43119
43117
43086
43054
43038
43017
43009
43006
43002
42979
42978
42962
42954
42950
42897
42890
42884
42877
42875
42874
42865
42864
42854
42845
42844
42837
42815
42792
42789
42786
42778
42765
42756
42755
42739
42734
42726
42715
42704
42699
42689
42685
42659
42648
42645
42594
42589
42579
42572
42559
42532
42512
42510
42499
42496
42490
42485
42480
42477
42466
42429
42428
42416
42414
42410
42406
42400
42399
42380
42379
42351
42350
42349
42346
42334
42322
42299
42274
42255
42254
42248
42232
42224
42223
42208
42203
42193
42190
42186
42164
42141
42131
42128
42126
42124
42108
42107
42097
42089
42087
42083
42020
42013
42003
41999
41991
41982
41973
41962
41953
41951
41934
41931
41907
41905
41897
41879
41862
41851
41842
41841
41831
41814
41808
41803
41786
41781
41768
41751
41734
41721
41691
41689
41670
41661
41659
41637
41630
41618
41613
41608
41594
41590
41584
41582
41576
41562
41560
41532
41527
41520
41503
41498
41477
41473
41467
41449
41448
41438
41437
41414
41380
41374
41373
41369
41350
41349
41327
41319
41303
41300
41298
41258
41251
41227
41212
41209
41200
41199
41196
41192
41177
41174
41144
41138
41127
41123
41111
41109
41108
41101
41098
41087
41061
41055
41054
41035
41028
41012
41003
41002
41001
40995
40968
40962
40955
40948
40943
40942
40940
40928
40912
40910
40879
40875
40865
40848
40843
40841
40823
40821
40819
40808
40803
40802
40793
40781
40772
40758
40753
40748
40723
40703
40693
40692
40682
40671
40670
40650
40646
40625
40623
40619
40597
40575
40564
40537
40522
40519
40518
40511
40485
40477
40462
40454
40440
40431
40426
40421
40418
40408
40404
40399
40382
40372
40355
40340
40335
40328
40319
40306
40300
40296
40292
40288
40252
40237
40225
40218
40216
40193
40190
40186
40183
40182
40181
40177
40174
40163
40150
40143
40127
40120
40114
40089
40082
40074
40050
40037
40032
40027
40023
40015
40007
39992
39979
39977
39970
39964
39959
39958
39956
39944
39933
39871
39863
39861
39838
39836
39833
39820
39814
39813
39800
39781
39768
39757
39740
39735
39729
39718
39697
39684
39676
39671
39669
39657
39636
39619
39600
39597
39585
39584
39582
39564
39561
39554
39546
39542
39540
39538
39537
39535
39499
39480
39443
39433
39420
39416
39398
39392
39391
39387
39381
39378
39371
39365
39357
39326
39323
39322
39311
39302
39282
39274
39271
39263
39259
39258
39248
39246
39228
39214
39209
39186
39183
39175
39173
39172
39167
39160
39157
39124
39111
39109
39099
39071
39064
39059
39058
39042
39032
39026
39020
38988
38973
38959
38951
38926
38913
38907
38905
38885
38857
38846
38845
38843
38842
38834
38816
38793
38791
38785
38784
38783
38766
38762
38749
38738
38728
38720
38713
38698
38664
38631
38622
38619
38611
38597
38596
38595
38592
38591
38584
38569
38558
38552
38543
38538
38537
38526
38493
38479
38464
38455
38454
38453
38447
38429
38417
38414
38403
38394
38377
38375
38369
38356
38349
38341
38340
38335
38328
38324
38314
38301
38285
38266
38255
38252
38239
38233
38221
38216
38214
38189
38178
38176
38157
38124
38123
38121
38113
38107
38105
38103
38076
38070
38068
38047
38013
38009
37983
37975
37967
37954
37947
37941
37927
37924
37918
37901
37892
37888
37887
37881
37880
37861
37849
37847
37843
37830
37828
37747
37745
37734
37719
37712
37704
37695
37686
37673
37641
37633
37632
37625
37608
37601
37593
37589
37577
37567
37563
37557
37544
37537
37536
37524
37496
37495
37494
37485
37461
37457
37433
37418
37404
37400
37399
37390
37378
37357
37352
37337
37322
37308
37298
37296
37278
37256
37243
37224
37208
37177
37172
37157
37147
37140
37115
37111
37106
37097
37092
37090
37089
37081
37063
37051
37047
37041
36988
36970
36951
36949
36934
36927
36904
36891
36889
36887
36883
36880
36874
36872
36867
36861
36858
36851
36847
36843
36842
36836
36825
36817
36816
36808
36794
36791
36787
36786
36766
36761
36749
36746
36743
36741
36738
36735
36719
36715
36713
36712
36711
36697
36693
36690
36683
36680
36673
36672
36670
36659
36651
36634
36627
36590
36573
36561
36554
36552
36550
36541
36537
36530
36528
36508
36496
36485
36470
36450
36424
36397
36396
36395
36391
36388
36379
36376
36351
36339
36320
36318
36306
36301
36297
36282
36273
36258
36251
36249
36246
36239
36224
36212
36211
36207
36204
36197
36192
36181
36176
36161
36157
36152
36123
36117
36108
36099
36084
36079
36076
36066
36058
36053
36052
36040
36017
36008
36000
35999
35985
35949
35914
35902
35899
35888
35882
35862
35858
35856
35845
35840
35831
35830
35819
35812
35809
35807
35804
35801
35790
35776
35768
35764
35763
35756
35755
35748
35746
35720
35705
35686
35681
35676
35670
35665
35647
35631
35629
35625
35616
35613
35605
35602
35598
35554
35539
35529
35517
35514
35511
35508
35500
35493
35466
35443
35441
35439
35430
35425
35413
35389
35383
35379
35375
35370
35366
35360
35355
35334
35309
35306
35305
35302
35292
35290
35285
35269
35264
35261
35256
35248
35247
35245
35231
35201
35189
35186
35181
35176
35109
35105
35087
35083
35077
35068
35060
35038
35022
34994
34990
34987
34952
34944
34943
34940
34937
34934
34931
34921
34920
34901
34900
34897
34881
34879
34870
34863
34854
34835
34833
34798
34793
34786
34784
34782
34764
34749
34745
34740
34719
34701
34690
34689
34676
34662
34658
34653
34647
34639
34627
34569
34551
34545
34535
34524
34517
34480
34474
34457
34456
34444
34436
34435
34427
34415
34403
34387
34383
34376
34361
34356
34327
34322
34314
34313
34306
34280
34251
34247
34241
34237
34228
34211
34201
34193
34171
34166
34147
34141
34139
34136
34129
34125
34116
34110
34106
34105
34098
34075
34068
34050
34048
34038
34037
34016
34011
34008
33999
33977
33971
33965
33958
33943
33937
33921
33920
33902
33887
33867
33859
33858
33854
33844
33834
33823
33822
33817
33807
33797
33791
33778
33760
33744
33724
33706
33679
33676
33673
33642
33635
33623
33611
33609
33600
33579
33559
33529
33470
33436
33420
33397
33388
33386
33377
33366
33350
33348
33340
33327
33314
33295
33293
33279
33252
33251
33232
33218
33207
33203
33190
33189
33180
33171
33166
33160
33114
33107
33106
33098
33097
33081
33073
33029
33007
32992
32974
32968
32959
32955
32933
32931
32928
32917
32910
32908
32907
32893
32876
32869
32855
32847
32845
32825
32816
32808
32799
32784
32780
32749
32734
32732
32731
32727
32726
32721
32687
32680
32671
32667
32659
32658
32621
32610
32600
32596
32595
32582
32580
32562
32529
32501
32493
32491
32490
32489
32475
32472
32447
32435
32424
32422
32417
32402
32389
32383
32376
32373
32359
32356
32353
32346
32325
32311
32303
32291
32288
32283
32281
32266
32246
32244
32229
32212
32207
32180
32171
32153
32149
32146
32102
32086
32082
32068
32066
32061
32048
32045
32033
32032
32010
32006
31995
31993
31976
31974
31973
31967
31966
31955
31947
31939
31919
31896
31895
31882
31878
31857
31855
31831
31827
31805
31796
31793
31792
31785
31779
31761
31754
31694
31693
31678
31674
31659
31657
31646
31630
31623
31614
31613
31607
31602
31591
31590
31589
31572
31553
31541
31532
31530
31504
31502
31496
31494
31486
31483
31473
31461
31457
31442
31433
31421
31413
31406
31395
31386
31359
31348
31346
31345
31337
31330
31324
31319
31311
31293
31286
31255
31240
31239
31235
31203
31200
31189
31174
31140
31126
31067
31065
31052
31048
31028
31021
31016
30999
30986
30968
30957
30950
30949
30940
30916
30871
30868
30839
30826
30821
30816
30796
30795
30793
30782
30762
30759
30753
30707
30697
30690
30689
30679
30668
30657
30652
30637
30631
30621
30620
30619
30618
30617
30613
30590
30578
30571
30565
30553
30548
30542
30536
30534
30503
30487
30481
30479
30474
30473
30471
30444
30441
30438
30437
30420
30417
30407
30393
30386
30379
30375
30373
30372
30352
30348
30335
30325
30323
30309
30304
30300
30286
30285
30281
30227
30226
30215
30183
30163
30153
30151
30140
30129
30125
30109
30083
30047
30046
30038
30032
30027
30015
30005
29987
29970
29959
29927
29923
29919
29884
29881
29880
29868
29863
29834
29830
29817
29813
29795
29794
29788
29769
29759
29757
29752
29744
29737
29733
29712
29711
29701
29661
29659
29658
29651
29639
29626
29618
29614
29609
29588
29586
29575
29572
29553
29550
29533
29529
29516
29508
29505
29494
29488
29484
29464
29437
29431
29427
29424
29419
29402
29392
29373
29371
29361
29358
29348
29327
29325
29314
29311
29308
29305
29282
29274
29255
29248
29220
29213
29176
29138
29136
29120
29097
29092
29091
29046
29027
29022
28993
28985
28957
28907
28901
28883
28871
28868
28865
28863
28851
28840
28833
28812
28797
28795
28774
28769
28761
28749
28732
28729
28719
28709
28695
28683
28641
28634
28632
28628
28621
28611
28590
28556
28548
28542
28539
28537
28536
28501
28493
28490
28479
28469
28463
28452
28441
28424
28423
28422
28405
28395
28380
28362
28358
28355
28342
28333
28326
28317
28286
28281
28276
28270
28269
28257
28255
28248
28245
28229
28221
28217
28205
28200
28197
28191
28186
28183
28174
28173
28153
28138
28125
28123
28121
28107
28101
28084
28060
27998
27996
27986
27985
27970
27961
27958
27953
27950
27932
27919
27909
27907
27906
27905
27902
27901
27852
27845
27841
27805
27802
27798
27796
27775
27761
27759
27754
27752
27750
27744
27718
27715
27711
27705
27699
27697
27681
27672
27666
27664
27659
27657
27649
27641
27632
27626
27601
27584
27580
27576
27552
27538
27536
27528
27519
27518
27512
27509
27505
27484
27443
27436
27435
27410
27379
27373
27370
27362
27352
27345
27332
27310
27275
27267
27264
27260
27244
27243
27197
27170
27168
27163
27158
27132
27115
27094
27093
27086
27073
27061
27057
27019
27007
27000
26981
26979
26972
26943
26937
26933
26928
26905
26893
26887
26848
26837
26818
26764
26748
26745
26737
26734
26726
26715
26702
26695
26685
26682
26669
26654
26639
26625
26623
26614
26602
26596
26591
26587
26585
26581
26578
26564
26498
26483
26480
26472
26453
26439
26431
26425
26424
26423
26421
26415
26410
26407
26388
26369
26368
26350
26336
26332
26331
26329
26319
26310
26300
26299
26287
26282
26267
26240
26201
26197
26166
26154
26147
26140
26125
26106
26101
26096
26083
26080
26071
26037
26036
26034
26031
26018
25997
25996
25951
25949
25942
25939
25938
25926
25924
25919
25894
25891
25890
25850
25839
25830
25822
25813
25810
25801
25789
25787
25780
25753
25747
25744
25731
25719
25713
25688
25687
25666
25663
25662
25632
25600
25567
25565
25563
25558
25556
25528
25525
25523
25518
25507
25497
25491
25481
25462
25460
25446
25444
25438
25430
25425
25397
25384
25381
25375
25358
25346
25320
25293
25286
25285
25282
25255
25240
25213
25205
25179
25177
25176
25173
25170
25153
25151
25149
25129
25111
25096
25091
25071
25055
25033
25026
25020
25018
25012
24995
24993
24990
24986
24979
24963
24953
24935
24932
24925
24912
24911
24909
24897
24896
24890
24884
24873
24872
24854
24839
24813
24811
24798
24791
24769
24764
24762
24761
24755
24738
24722
24716
24714
24705
24698
24692
24691
24689
24680
24667
24664
24662
24661
24657
24645
24633
24632
24629
24616
24613
24598
24597
24586
24576
24573
24564
24540
24526
24510
24449
24443
24415
24398
24390
24370
24354
24351
24348
24333
24302
24285
24278
24271
24267
24266
24248
24247
24198
24192
24164
24162
24153
24146
24143
24137
24129
24113
24092
24083
24073
24065
24059
24050
24048
24026
24022
24011
24006
23991
23986
23985
23966
23965
23959
23941
23937
23935
23928
23904
23899
23891
23887
23876
23857
23847
23845
23844
23841
23834
23833
23807
23806
23803
23783
23774
23764
23744
23729
23724
23700
23690
23683
23674
23673
23667
23650
23642
23640
23635
23623
23622
23621
23620
23602
23585
23574
23568
23564
23552
23539
23536
23525
23509
23508
23502
23499
23495
23489
23482
23481
23467
23457
23443
23439
23437
23430
23427
23426
23421
23384
23374
23356
23349
23316
23311
23298
23296
23295
23294
23287
23277
23271
23259
23252
23239
23235
23232
23226
23209
23205
23196
23177
23168
23159
23150
23131
23130
23119
23118
23113
23101
23085
23072
23070
23056
23044
23042
23027
23020
23016
22997
22981
22962
22943
22940
22930
22902
22882
22880
22875
22873
22865
22862
22855
22853
22838
22824
22823
22814
22813
22808
22789
22787
22785
22773
22772
22766
22728
22726
22720
22707
22703
22697
22689
22678
22677
22671
22670
22657
22653
22647
22642
22638
22635
22624
22606
22597
22596
22594
22587
22576
22574
22548
22547
22527
22525
22518
22515
22511
22501
22499
22473
22470
22464
22450
22441
22435
22432
22423
22413
22382
22350
22343
22317
22313
22304
22298
22291
22284
22282
22235
22232
22219
22215
22211
22193
22191
22190
22189
22179
22178
22177
22164
22163
22162
22135
22124
22112
22101
22093
22087
22077
22071
22068
22052
22049
22047
22039
22036
22030
22027
22011
22007
21996
21993
21989
21985
21982
21976
21954
21934
21928
21919
21914
21913
21900
21869
21865
21835
21832
21831
21830
21824
21818
21798
21794
21785
21780
21774
21762
21756
21749
21742
21718
21693
21689
21659
21637
21628
21615
21613
21602
21601
21596
21594
21592
21583
21581
21580
21575
21566
21557
21526
21521
21469
21467
21465
21455
21445
21435
21427
21396
21386
21383
21379
21372
21350
21348
21336
21323
21321
21318
21313
21285
21235
21226
21211
21191
21175
21162
21160
21156
21150
21147
21108
21098
21097
21094
21087
21079
21075
21066
21047
21038
21037
21033
21031
21029
21021
21013
21005
21000
20997
20991
20984
20972
20971
20964
20955
20952
20950
20937
20922
20911
20901
20890
20885
20882
20854
20831
20822
20818
20815
20806
20803
20800
20796
20789
20775
20766
20764
20728
20711
20696
20683
20669
20664
20658
20657
20656
20654
20645
20640
20633
20627
20614
20609
20608
20600
20553
20532
20530
20528
20525
20508
20507
20496
20490
20476
20473
20466
20443
20442
20437
20427
20422
20415
20398
20384
20380
20377
20371
20360
20357
20348
20336
20326
20295
20270
20261
20257
20255
20251
20242
20240
20226
20224
20217
20210
20208
20205
20196
20191
20186
20185
20184
20137
20104
20098
20097
20091
20082
20076
20066
20065
20057
20038
20022
20020
20018
19981
19972
19954
19953
19950
19937
19931
19927
19919
19915
19909
19907
19896
19894
19873
19867
19862
19855
19850
19841
19835
19834
19807
19806
19792
19777
19762
19761
19755
19749
19734
19691
19689
19686
19672
19667
19643
19640
19633
19615
19606
19597
19563
19555
19498
19483
19462
19459
19448
19427
19423
19411
19410
19405
19401
19392
19348
19343
19331
19326
19324
19323
19315
19283
19276
19267
19260
19253
19248
19219
19208
19205
19201
19190
19182
19175
19170
19135
19131
19128
19122
19117
19115
19112
19109
19108
19096
19090
19088
19084
19056
19029
19007
19006
18997
18989
18964
18937
18924
18912
18892
18887
18869
18854
18832
18826
18825
18819
18815
18798
18792
18786
18782
18763
18756
18751
18750
18745
18744
18741
18740
18711
18697
18693
18687
18685
18680
18648
18646
18620
18619
18618
18593
18576
18550
18548
18546
18545
18527
18525
18516
18501
18500
18476
18471
18453
18446
18442
18425
18411
18410
18404
18400
18373
18358
18351
18349
18331
18325
18262
18259
18257
18242
18239
18238
18233
18232
18220
18194
18186
18182
18179
18141
18131
18115
18114
18098
18086
18074
18073
18047
18023
18019
18004
17998
17992
17982
17964
17957
17954
17935
17909
17905
17899
17881
17876
17862
17855
17850
17849
17847
17832
17797
17794
17787
17785
17778
17775
17741
17731
17704
17683
17661
17658
17654
17651
17641
17626
17614
17599
17598
17588
17577
17565
17537
17528
17506
17505
17503
17499
17491
17485
17481
17470
17460
17457
17450
17437
17402
17382
17371
17370
17360
17338
17331
17311
17287
17263
17239
17231
17224
17221
17217
17205
17193
17183
17181
17173
17161
17153
17150
17141
17100
17098
17090
17073
17069
17068
17065
17059
17053
17049
17048
17031
17024
17022
17020
16986
16983
16939
16930
16924
16914
16886
16879
16862
16849
16848
16838
16837
16825
16824
16813
16799
16794
16776
16762
16740
16725
16720
16717
16710
16693
16685
16679
16672
16669
16667
16637
16634
16628
16624
16607
16606
16598
16591
16584
16561
16547
16541
16535
16492
16474
16467
16464
16439
16437
16430
16428
16419
16412
16403
16397
16384
16377
16360
16341
16339
16330
16322
16320
16315
16313
16309
16288
16280
16276
16267
16254
16253
16216
16211
16179
16177
16168
16166
16162
16155
16153
16141
16132
16117
16098
16089
16085
16073
16057
16053
16048
16047
16035
16027
16002
15999
15992
15984
15979
15972
15965
15960
15949
15919
15911
15904
15903
15899
15866
15852
15850
15833
15807
15805
15802
15789
15777
15763
15722
15711
15684
15679
15671
15653
15635
15611
15594
15591
15588
15580
15559
15549
15530
15520
15517
15509
15507
15484
15482
15480
15477
15476
15462
15459
15447
15446
15417
15392
15387
15373
15367
15356
15349
15348
15340
15332
15318
15317
15308
15305
15298
15296
15283
15279
15266
15253
15248
15234
15215
15203
15185
15179
15175
15169
15154
15149
15142
15140
15135
15093
15074
15073
15056
15040
15031
15026
15018
15017
15002
15000
14999
14990
14982
14975
14947
14946
14910
14904
14903
14899
14874
14866
14849
14815
14814
14799
14783
14764
14749
14747
14737
14716
14691
14684
14654
14638
14629
14611
14601
14593
14581
14568
14563
14561
14560
14550
14548
14523
14514
14510
14482
14466
14460
14438
14412
14408
14407
14397
14389
14388
14372
14370
14351
14347
14343
14340
14337
14329
14326
14314
14309
14308
14303
14289
14287
14274
14268
14266
14251
14241
14236
14205
14196
14193
14176
14167
14161
14146
14134
14120
14108
14101
14098
14097
14061
14037
14036
14030
14017
13985
13958
13956
13938
13927
13923
13907
13905
13884
13875
13871
13859
13839
13838
13836
13834
13830
13825
13804
13799
13789
13775
13772
13771
13765
13758
13753
13735
13717
13700
13694
13687
13678
13661
13659
13652
13640
13622
13561
13560
13545
13528
13516
13495
13490
13484
13480
13477
13476
13474
13458
13447
13446
13440
13434
13417
13415
13413
13403
13394
13383
13372
13365
13364
13363
13353
13336
13312
13300
13266
13226
13218
13214
13208
13198
13197
13186
13182
13144
13135
13133
13124
13122
13110
13106
13094
13063
13062
13054
13046
13035
13034
13028
13018
13014
13012
13005
12999
12996
12979
12970
12966
12923
12914
12901
12899
12897
12888
12883
12870
12854
12836
12835
12832
12829
12826
12823
12797
12762
12736
12722
12714
12710
12703
12673
12671
12661
12655
12616
12611
12609
12603
12575
12574
12546
12534
12515
12506
12503
12484
12483
12476
12471
12469
12466
12464
12463
12457
12443
12416
12415
12394
12390
12385
12371
12370
12368
12366
12362
12353
12306
12301
12288
12283
12271
12267
12258
12252
12211
12210
12209
12198
12189
12186
12161
12156
12149
12148
12143
12136
12133
12101
12091
12069
12054
12032
11997
11995
11991
11988
11987
11985
11971
11970
11951
11949
11944
11935
11918
11916
11912
11909
11905
11901
11898
11874
11870
11856
11849
11790
11764
11752
11748
11742
11739
11736
11726
11723
11721
11711
11708
11703
11688
11684
11681
11674
11664
11651
11637
11636
11609
11607
11606
11604
11600
11596
11566
11556
11533
11524
11512
11507
11506
11500
11490
11485
11482
11479
11474
11460
11451
11441
11433
11406
11404
11401
11392
11375
11374
11351
11346
11336
11285
11277
11237
11236
11229
11217
11195
11178
11175
11172
11141
11131
11107
11105
11102
11101
11100
11098
11096
11091
11089
11087
11084
11079
11074
11071
11062
11044
11041
11028
11026
11023
11012
11009
10999
10990
10971
10943
10936
10935
10934
10918
10917
10906
10895
10894
10888
10878
10874
10867
10821
10816
10806
10804
10793
10765
10758
10749
10744
10729
10727
10723
10721
10719
10710
10702
10698
10669
10667
10653
10641
10625
10624
10603
10594
10586
10584
10565
10501
10498
10488
10459
10455
10450
10445
10420
10403
10397
10370
10366
10357
10356
10354
10350
10347
10334
10319
10303
10302
10281
10252
10246
10230
10224
10223
10215
10195
10181
10171
10167
10154
10153
10150
10149
10134
10124
10117
10102
10099
10095
10092
10078
10076
10072
10059
10050
10044
10043
10040
10030
10022
10021
10016
10014
10008
10006
10004
9985
9975
9947
9940
9935
9932
9924
9903
9897
9891
9888
9871
9869
9862
9859
9840
9830
9829
9820
9810
9800
9773
9757
9738
9728
9721
9703
9696
9690
9677
9676
9663
9632
9624
9581
9573
9558
9554
9552
9541
9538
9529
9526
9504
9497
9487
9480
9451
9445
9423
9413
9403
9401
9398
9363
9357
9345
9344
9342
9338
9330
9314
9310
9305
9299
9290
9284
9271
9252
9221
9211
9208
9183
9164
9162
9152
9139
9129
9127
9126
9110
9106
9087
9079
9068
9059
9053
9048
9037
9000
8954
8945
8933
8928
8926
8923
8908
8900
8888
8877
8850
8835
8826
8820
8805
8795
8794
8786
8778
8746
8736
8720
8710
8705
8691
8675
8671
8667
8664
8660
8649
8647
8646
8638
8637
8623
8621
8615
8609
8604
8595
8571
8564
8563
8561
8560
8555
8551
8549
8535
8510
8508
8484
8461
8447
8413
8405
8404
8395
8370
8368
8367
8361
8351
8348
8344
8325
8308
8293
8289
8287
8286
8277
8273
8267
8261
8251
8229
8226
8225
8223
8222
8218
8205
8160
8139
8132
8129
8127
8123
8119
8115
8097
8095
8081
8068
8062
8048
8042
8020
8009
7996
7995
7977
7973
7960
7952
7917
7894
7883
7877
7864
7863
7857
7855
7853
7849
7828
7822
7815
7812
7797
7778
7746
7736
7701
7689
7687
7672
7664
7647
7643
7614
7607
7600
7556
7539
7529
7512
7496
7485
7483
7482
7476
7475
7468
7466
7465
7458
7452
7442
7434
7424
7406
7391
7373
7353
7337
7331
7298
7296
7283
7274
7267
7265
7264
7253
7231
7225
7216
7182
7112
7099
7097
7090
7085
7074
7072
7069
7060
7058
7050
7045
7044
7041
7040
7032
7008
7002
6985
6979
6973
6955
6954
6947
6941
6940
6934
6931
6928
6924
6922
6908
6903
6901
6893
6886
6883
6879
6859
6854
6846
6841
6828
6825
6821
6818
6789
6758
6753
6746
6740
6688
6677
6674
6668
6665
6654
6649
6638
6613
6605
6597
6559
6558
6556
6552
6535
6521
6517
6491
6484
6465
6456
6450
6428
6422
6404
6387
6385
6378
6371
6366
6364
6362
6356
6354
6352
6344
6338
6328
6317
6304
6287
6279
6273
6260
6235
6228
6213
6201
6194
6191
6187
6181
6174
6166
6156
6149
6130
6122
6100
6083
6076
6041
6033
6028
6016
6015
6009
6004
6002
5995
5988
5984
5983
5956
5953
5942
5937
5936
5928
5911
5906
5905
5888
5880
5859
5850
5843
5842
5834
5832
5831
5821
5815
5798
5791
5774
5752
5727
5716
5715
5709
5707
5699
5692
5691
5686
5680
5673
5664
5643
5621
5611
5607
5583
5579
5576
5566
5549
5543
5535
5515
5513
5504
5499
5495
5490
5479
5475
5449
5444
5439
5436
5434
5404
5387
5367
5365
5354
5335
5327
5322
5321
5303
5300
5295
5281
5268
5261
5255
5248
5247
5245
5231
5219
5191
5189
5183
5172
5170
5156
5153
5149
5145
5142
5130
5117
5108
5087
5064
5057
5025
5023
4990
4985
4967
4950
4941
4939
4936
4928
4921
4920
4902
4891
4873
4848
4821
4807
4780
4760
4752
4746
4743
4726
4722
4721
4697
4691
4647
4646
4645
4637
4630
4617
4613
4611
4593
4592
4591
4584
4572
4564
4560
4558
4531
4521
4517
4516
4511
4510
4502
4501
4500
4496
4479
4471
4457
4456
4451
4437
4434
4432
4422
4397
4384
4374
4354
4341
4329
4324
4323
4313
4302
4297
4294
4292
4288
4286
4261
4254
4247
4213
4196
4163
4148
4133
4124
4122
4114
4109
4098
4091
4089
4084
4071
4069
4064
4061
4056
3995
3993
3970
3959
3958
3950
3937
3921
3912
3902
3896
3892
3874
3868
3862
3847
3803
3798
3787
3783
3779
3778
3775
3770
3764
3762
3746
3737
3731
3717
3713
3710
3695
3694
3688
3683
3679
3676
3654
3650
3647
3617
3594
3592
3574
3559
3553
3521
3513
3494
3469
3466
3465
3460
3459
3457
3453
3437
3419
3416
3411
3406
3376
3370
3328
3321
3298
3282
3279
3271
3267
3253
3248
3242
3241
3232
3218
3201
3197
3180
3170
3166
3159
3146
3140
3138
3105
3100
3093
3080
3079
3069
3064
3056
3041
3029
3010
3006
2986
2967
2955
2938
2937
2933
2930
2913
2911
2904
2900
2869
2858
2851
2845
2841
2840
2834
2833
2831
2796
2792
2775
2758
2752
2718
2707
2703
2701
2692
2691
2678
2673
2665
2650
2641
2640
2636
2635
2620
2616
2610
2608
2594
2589
2586
2565
2551
2527
2519
2510
2508
2501
2487
2441
2435
2434
2414
2402
2395
2394
2373
2356
2353
2352
2345
2341
2330
2313
2307
2288
2269
2264
2251
2232
2231
2221
2216
2201
2196
2193
2184
2155
2151
2147
2131
2130
2129
2128
2121
2114
2102
2099
2096
2094
2086
2083
2082
2075
2071
2053
2044
2029
2017
2005
1996
1987
1978
1971
1939
1937
1932
1925
1919
1914
1902
1898
1896
1894
1886
1884
1878
1870
1862
1842
1839
1837
1834
1811
1809
1804
1790
1775
1767
1751
1731
1729
1716
1713
1710
1692
1674
1670
1642
1629
1626
1624
1621
1604
1587
1585
1580
1574
1562
1561
1549
1530
1513
1504
1503
1502
1501
1489
1444
1443
1429
1428
1425
1424
1421
1415
1403
1394
1391
1385
1379
1368
1364
1361
1344
1331
1328
1325
1308
1307
1304
1301
1300
1297
1295
1294
1277
1261
1249
1248
1240
1236
1227
1181
1179
1176
1170
1169
1125
1124
1115
1103
1089
1088
1087
1070
1063
1037
1032
1028
1020
1014
1012
1008
997
994
987
981
973
964
948
933
914
891
890
887
882
867
842
834
823
811
809
802
789
773
771
766
763
711
707
696
695
680
659
653
645
631
630
624
623
611
605
589
576
567
563
543
540
539
528
526
514
510
508
497
489
481
468
455
447
422
408
400
387
376
366
301
268
259
248
236
232
221
219
197
154
153
137
114
111
95
83
78
58
49
46
45
26
21
17
k
