9988
9982
9975
9968
9958
9942
9940
9937
9935
9911
9908
9885
9878
9875
9873
9872
9843
9823
9821
9809
9807
9804
9801
9786
9777
9776
9761
9756
9721
9720
9716
9701
9688
9685
9674
9668
9603
9585
9584
9574
9558
9549
9534
9523
9520
9500
9496
9495
9492
9491
9488
9482
9479
9477
9466
9464
9443
9413
9394
9390
9369
9362
9354
9333
9318
9313
9308
9307
9300
9297
9288
9276
9272
9269
9250
9249
9248
9245
9235
9204
9195
9189
9177
9156
9155
9147
9131
9114
9106
9101
9100
9097
9084
9075
9054
9044
9040
9038
9022
9016
9010
8996
8973
8960
8956
8953
8952
8944
8939
8935
8920
8917
8912
8898
8893
8862
8861
8859
8857
8844
8817
8792
8791
8787
8785
8783
8778
8770
8762
8745
8743
8721
8713
8681
8667
8642
8629
8609
8589
8562
8558
8551
8526
8525
8522
8507
8497
8485
8481
8473
8448
8442
8441
8432
8415
8412
8388
8380
8374
8366
8362
8355
8349
8346
8345
8335
8334
8327
8318
8315
8275
8272
8263
8262
8233
8225
8211
8210
8187
8181
8164
8163
8156
8134
8111
8080
8061
8057
8049
8047
8041
8032
8006
8001
7996
7991
7985
7966
7956
7947
7942
7923
7918
7902
7871
7856
7854
7852
7847
7833
7828
7823
7812
7804
7803
7773
7763
7750
7730
7727
7724
7716
7709
7678
7662
7661
7657
7647
7636
7629
7622
7613
7604
7597
7591
7590
7577
7565
7560
7522
7517
7499
7491
7487
7480
7478
7475
7468
7467
7451
7441
7428
7403
7402
7396
7394
7380
7377
7371
7363
7356
7343
7337
7335
7334
7329
7315
7302
7294
7285
7272
7258
7253
7247
7202
7194
7175
7172
7163
7151
7098
7063
7057
7047
7043
7042
7030
7029
7010
6991
6980
6963
6952
6948
6946
6940
6933
6932
6931
6928
6917
6911
6906
6898
6890
6888
6882
6880
6874
6864
6858
6856
6820
6812
6810
6795
6785
6781
6772
6771
6768
6763
6761
6760
6745
6738
6735
6723
6702
6693
6680
6678
6676
6666
6656
6644
6634
6617
6601
6600
6571
6568
6555
6551
6544
6540
6501
6499
6486
6455
6452
6432
6413
6409
6398
6395
6394
6385
6373
6367
6365
6364
6359
6345
6329
6314
6294
6289
6287
6286
6273
6268
6266
6261
6260
6249
6248
6247
6218
6209
6190
6178
6176
6170
6148
6144
6136
6133
6130
6125
6110
6096
6071
6025
6022
5992
5980
5971
5964
5962
5959
5958
5957
5954
5930
5922
5913
5912
5903
5888
5879
5878
5872
5863
5860
5859
5841
5836
5827
5824
5820
5816
5812
5802
5794
5785
5780
5771
5762
5758
5755
5740
5730
5725
5719
5715
5707
5704
5700
5673
5658
5657
5655
5628
5587
5579
5571
5568
5565
5556
5548
5535
5529
5526
5515
5507
5475
5467
5461
5460
5451
5447
5444
5400
5398
5387
5380
5378
5377
5365
5353
5345
5341
5337
5319
5311
5306
5300
5267
5255
5221
5220
5203
5202
5194
5191
5151
5145
5123
5097
5094
5093
5088
5079
5052
5051
5047
5040
5033
5030
5026
5021
5019
5018
5017
5003
4997
4992
4979
4971
4966
4956
4952
4948
4905
4903
4894
4893
4891
4888
4881
4879
4878
4872
4857
4839
4837
4822
4820
4817
4802
4792
4773
4772
4757
4752
4738
4690
4689
4687
4684
4676
4659
4658
4657
4656
4639
4638
4633
4631
4626
4619
4611
4608
4595
4589
4577
4562
4549
4536
4490
4489
4482
4466
4462
4443
4430
4414
4413
4392
4381
4367
4363
4361
4356
4350
4338
4316
4315
4314
4306
4289
4286
4275
4260
4253
4252
4249
4242
4241
4228
4227
4198
4191
4188
4150
4148
4146
4142
4138
4122
4115
4071
4065
4062
4055
4054
4031
4022
4020
4019
4002
4001
3990
3989
3974
3971
3968
3964
3946
3939
3928
3927
3917
3913
3912
3908
3906
3904
3901
3893
3855
3854
3851
3835
3833
3809
3798
3796
3786
3779
3743
3732
3725
3710
3690
3682
3667
3649
3648
3644
3637
3627
3624
3623
3621
3548
3546
3524
3523
3515
3512
3495
3474
3442
3419
3389
3384
3380
3361
3358
3357
3348
3335
3325
3322
3306
3296
3288
3287
3271
3267
3258
3212
3208
3205
3167
3152
3146
3139
3129
3120
3107
3106
3105
3071
3057
3049
3036
3030
3021
3017
3005
2999
2998
2984
2970
2960
2956
2953
2951
2921
2918
2882
2880
2879
2878
2868
2861
2849
2844
2835
2831
2826
2814
2807
2794
2781
2780
2736
2717
2705
2687
2681
2680
2671
2665
2662
2659
2652
2645
2637
2626
2598
2591
2569
2553
2547
2530
2524
2515
2500
2497
2492
2490
2485
2483
2471
2458
2454
2447
2441
2430
2414
2410
2396
2378
2370
2335
2318
2304
2301
2299
2293
2292
2286
2279
2272
2254
2241
2237
2224
2213
2209
2191
2186
2178
2150
2148
2147
2141
2125
2112
2102
2087
2083
2069
2068
2066
2055
2052
2039
2017
2001
1984
1983
1949
1943
1938
1933
1917
1903
1896
1888
1878
1876
1865
1863
1860
1852
1846
1843
1822
1804
1792
1788
1779
1765
1745
1740
1733
1731
1730
1719
1707
1702
1698
1691
1690
1678
1662
1660
1657
1639
1638
1637
1621
1620
1614
1613
1596
1593
1592
1585
1552
1538
1532
1531
1503
1470
1468
1459
1453
1423
1419
1415
1398
1396
1394
1381
1373
1355
1353
1342
1339
1336
1314
1286
1285
1278
1268
1250
1235
1230
1228
1216
1212
1209
1193
1189
1168
1165
1163
1157
1152
1135
1133
1129
1111
1102
1101
1094
1091
1080
1074
1073
1035
1015
1003
979
957
939
938
933
897
887
864
857
846
832
829
827
823
805
799
791
723
713
711
701
700
688
676
672
656
646
631
626
615
582
575
566
559
549
528
526
519
518
512
498
491
490
485
484
481
477
459
439
428
365
363
348
346
339
321
314
297
277
271
268
256
254
249
240
237
231
228
227
209
204
197
196
184
181
180
168
162
145
134
126
117
112
104
87
85
65
47
36
34
3
k
