7998
7997
7979
7974
7959
7952
7943
7936
7924
7922
7915
7905
7898
7884
7875
7841
7829
7825
7823
7812
7800
7784
7782
7776
7774
7762
7749
7747
7729
7728
7727
7703
7692
7689
7684
7676
7671
7663
7628
7608
7597
7582
7577
7561
7539
7534
7496
7494
7492
7477
7459
7436
7400
7390
7384
7380
7377
7323
7321
7314
7312
7295
7253
7246
7236
7233
7229
7220
7218
7213
7200
7185
7181
7171
7155
7154
7149
7140
7131
7119
7113
7111
7099
7092
7089
7074
7054
7051
7047
7045
7005
7000
6999
6986
6972
6970
6959
6954
6934
6918
6916
6904
6888
6879
6857
6830
6829
6807
6795
6794
6763
6747
6719
6712
6703
6697
6686
6685
6683
6679
6670
6669
6659
6653
6651
6647
6640
6631
6623
6619
6612
6588
6584
6579
6575
6572
6570
6567
6550
6533
6522
6517
6501
6469
6442
6436
6433
6415
6408
6386
6376
6366
6359
6357
6350
6348
6343
6342
6335
6323
6321
6299
6268
6267
6247
6232
6228
6226
6212
6204
6196
6190
6150
6126
6099
6094
6081
6079
6066
6028
6026
6012
6011
6008
6007
5988
5976
5973
5971
5969
5955
5948
5939
5934
5929
5927
5911
5909
5902
5899
5890
5880
5877
5872
5854
5852
5829
5825
5822
5809
5803
5791
5788
5770
5768
5759
5750
5748
5741
5725
5717
5702
5698
5686
5643
5638
5624
5622
5620
5616
5591
5589
5585
5583
5581
5576
5570
5563
5560
5538
5536
5533
5518
5484
5478
5475
5469
5455
5441
5431
5415
5412
5390
5387
5383
5362
5337
5323
5307
5305
5297
5291
5289
5285
5282
5267
5242
5239
5234
5199
5184
5180
5162
5159
5157
5153
5140
5133
5132
5128
5121
5109
5098
5089
5085
5084
5076
5072
5069
5068
5065
5061
5051
5049
5048
5041
5024
5023
5022
5015
5007
4993
4984
4974
4972
4961
4960
4949
4943
4932
4928
4920
4918
4917
4916
4915
4913
4910
4901
4885
4872
4865
4856
4848
4821
4818
4815
4814
4805
4796
4786
4784
4773
4771
4765
4760
4750
4744
4743
4730
4723
4720
4719
4712
4704
4688
4686
4683
4676
4671
4670
4663
4661
4644
4617
4606
4602
4600
4593
4578
4562
4561
4542
4532
4529
4523
4480
4473
4466
4461
4432
4415
4407
4390
4368
4348
4342
4341
4331
4326
4319
4315
4301
4300
4293
4289
4284
4266
4265
4261
4243
4219
4218
4179
4174
4173
4169
4162
4148
4108
4101
4093
4088
4080
4077
4068
4054
4045
4044
4025
4021
4017
4005
3999
3998
3993
3973
3961
3951
3938
3920
3911
3908
3904
3901
3900
3894
3891
3882
3868
3851
3842
3832
3829
3825
3816
3811
3808
3806
3796
3779
3774
3771
3738
3736
3731
3730
3690
3671
3657
3651
3648
3639
3615
3614
3608
3604
3602
3586
3559
3549
3545
3529
3520
3516
3501
3497
3494
3489
3478
3474
3448
3425
3408
3401
3398
3384
3382
3376
3368
3367
3364
3350
3347
3330
3317
3290
3284
3266
3265
3263
3261
3236
3232
3228
3226
3225
3224
3196
3193
3186
3185
3177
3161
3158
3128
3122
3117
3116
3112
3095
3074
3055
3050
3046
3045
3028
3027
3009
3000
2996
2980
2976
2958
2950
2946
2907
2900
2883
2878
2873
2866
2861
2858
2850
2837
2811
2806
2781
2779
2770
2767
2762
2759
2746
2742
2733
2680
2660
2656
2652
2646
2640
2618
2568
2563
2559
2530
2528
2522
2517
2516
2512
2509
2443
2438
2426
2418
2412
2403
2378
2370
2368
2358
2339
2327
2320
2308
2295
2278
2271
2268
2264
2250
2215
2192
2186
2182
2177
2174
2163
2145
2128
2116
2095
2090
2075
2072
2069
2068
2063
2015
2010
2003
1967
1965
1963
1948
1944
1939
1927
1923
1920
1907
1848
1847
1846
1844
1834
1822
1821
1812
1798
1792
1780
1764
1746
1745
1732
1725
1722
1717
1714
1711
1696
1689
1667
1658
1653
1642
1629
1624
1603
1589
1588
1583
1581
1579
1557
1555
1543
1517
1507
1496
1488
1449
1415
1409
1400
1397
1394
1386
1384
1373
1363
1346
1340
1313
1288
1251
1246
1236
1233
1215
1213
1208
1193
1189
1175
1164
1163
1160
1157
1148
1147
1139
1123
1122
1120
1117
1116
1103
1094
1085
1076
1066
1050
1037
1031
1028
1022
982
966
951
943
942
923
919
915
899
882
865
863
858
808
796
755
739
735
729
717
711
701
697
688
675
669
664
657
656
649
636
576
558
553
550
549
542
540
516
491
486
471
467
456
455
425
415
391
383
380
373
371
361
359
348
346
343
338
313
307
305
304
298
296
283
277
275
268
259
245
241
235
225
220
206
202
201
191
181
146
139
135
127
118
113
108
102
98
96
90
76
74
66
52
42
20
17
12
9
k
