80000
79996
79995
79989
79983
79982
79980
79967
79910
79892
79890
79867
79860
79838
79837
79826
79810
79803
79798
79788
79787
79780
79773
79771
79770
79768
79765
79764
79760
79752
79751
79737
79732
79700
79679
79672
79656
79642
79634
79631
79613
79600
79591
79560
79546
79545
79536
79532
79516
79512
79478
79476
79475
79473
79459
79446
79442
79439
79420
79365
79351
79350
79346
79345
79343
79323
79311
79310
79298
79286
79285
79275
79257
79249
79213
79199
79194
79169
79163
79156
79147
79146
79145
79139
79137
79126
79112
79108
79107
79089
79084
79081
79042
79009
78988
78986
78964
78956
78949
78933
78922
78899
78897
78888
78885
78871
78866
78859
78842
78839
78832
78828
78827
78824
78812
78810
78800
78774
78758
78732
78698
78657
78656
78653
78643
78626
78621
78619
78612
78590
78582
78568
78532
78526
78519
78507
78490
78466
78459
78444
78440
78425
78410
78396
78393
78379
78375
78366
78363
78351
78350
78331
78330
78327
78321
78309
78285
78282
78263
78253
78250
78243
78234
78226
78205
78191
78180
78162
78153
78148
78141
78124
78106
78101
78099
78097
78094
78088
78085
78082
78079
78077
78075
78067
78061
78056
78054
78040
78029
78008
78002
77997
77973
77972
77966
77962
77957
77948
77942
77940
77936
77934
77926
77920
77919
77898
77878
77854
77850
77821
77806
77794
77793
77782
77772
77767
77762
77742
77740
77735
77723
77712
77709
77647
77638
77599
77598
77592
77590
77554
77545
77536
77535
77527
77522
77514
77488
77485
77484
77479
77448
77430
77420
77414
77407
77406
77402
77379
77368
77341
77338
77331
77330
77327
77319
77317
77309
77298
77263
77243
77233
77229
77215
77214
77185
77168
77162
77157
77152
77139
77121
77112
77089
77088
77080
77077
77067
77065
77058
77054
77039
77031
77023
77013
77009
77002
77000
76996
76973
76968
76962
76960
76957
76952
76949
76944
76931
76902
76899
76897
76896
76893
76892
76888
76884
76881
76870
76829
76796
76788
76782
76775
76770
76762
76760
76740
76738
76730
76729
76728
76722
76715
76695
76677
76676
76673
76672
76667
76656
76640
76635
76628
76621
76608
76603
76596
76592
76575
76573
76572
76550
76548
76545
76531
76511
76508
76495
76487
76467
76453
76444
76442
76434
76433
76426
76418
76411
76404
76399
76393
76361
76344
76342
76325
76317
76284
76278
76270
76264
76242
76237
76225
76213
76211
76209
76202
76189
76185
76145
76142
76137
76133
76132
76126
76124
76120
76110
76101
76093
76091
76090
76081
76075
76068
76061
76045
76039
76038
76031
76021
76017
76014
75996
75991
75966
75947
75944
75927
75914
75892
75876
75849
75832
75830
75806
75801
75800
75796
75790
75789
75786
75778
75769
75768
75745
75738
75734
75727
75723
75705
75691
75688
75684
75668
75650
75628
75609
75597
75585
75584
75580
75547
75536
75533
75506
75505
75501
75495
75489
75486
75472
75455
75453
75432
75429
75426
75422
75421
75409
75403
75384
75381
75378
75365
75361
75353
75350
75349
75345
75344
75325
75321
75294
75290
75283
75259
75258
75254
75245
75237
75234
75228
75218
75215
75209
75200
75197
75193
75182
75178
75175
75163
75151
75135
75131
75113
75083
75073
75066
75059
75054
75040
75032
75019
75008
74985
74968
74946
74941
74934
74933
74932
74921
74915
74900
74891
74889
74887
74871
74869
74849
74845
74843
74836
74806
74804
74778
74759
74753
74724
74714
74713
74700
74695
74687
74672
74668
74661
74652
74647
74644
74642
74633
74627
74618
74599
74594
74590
74587
74586
74579
74578
74572
74571
74552
74547
74545
74544
74532
74528
74513
74505
74490
74485
74471
74455
74449
74446
74445
74444
74436
74434
74423
74417
74410
74407
74406
74399
74393
74392
74375
74363
74362
74360
74332
74329
74323
74321
74320
74318
74304
74296
74289
74278
74258
74257
74234
74223
74215
74206
74199
74189
74171
74150
74142
74110
74107
74102
74065
74064
74021
74008
73994
73993
73975
73968
73954
73952
73950
73947
73946
73943
73924
73915
73906
73905
73891
73878
73874
73861
73854
73852
73832
73824
73815
73812
73808
73799
73788
73777
73766
73742
73740
73717
73715
73712
73705
73697
73675
73661
73625
73621
73608
73606
73605
73583
73581
73578
73572
73567
73548
73544
73525
73503
73498
73497
73470
73456
73454
73434
73426
73411
73402
73401
73393
73366
73365
73355
73352
73341
73339
73332
73322
73310
73298
73288
73282
73279
73269
73236
73219
73203
73193
73187
73183
73182
73174
73163
73155
73153
73138
73136
73133
73131
73091
73039
73034
73026
73024
73012
73007
72997
72996
72991
72989
72988
72985
72961
72954
72949
72929
72924
72923
72916
72898
72887
72886
72879
72878
72873
72870
72850
72849
72842
72830
72826
72814
72812
72801
72795
72791
72789
72782
72781
72780
72763
72752
72748
72742
72731
72725
72708
72701
72700
72697
72686
72684
72681
72650
72647
72646
72639
72627
72615
72613
72610
72583
72574
72569
72555
72549
72530
72529
72524
72506
72485
72479
72466
72461
72444
72423
72421
72409
72392
72391
72371
72368
72367
72340
72321
72313
72307
72297
72276
72266
72246
72242
72235
72215
72214
72204
72202
72165
72156
72150
72137
72133
72132
72108
72105
72092
72076
72067
72061
72051
72043
72021
72017
72007
72006
71988
71987
71968
71949
71942
71916
71911
71891
71884
71875
71873
71866
71860
71859
71833
71831
71816
71797
71793
71786
71783
71782
71771
71764
71753
71751
71745
71732
71722
71713
71712
71706
71689
71683
71674
71671
71668
71655
71639
71622
71619
71616
71614
71600
71598
71590
71587
71581
71565
71560
71559
71555
71553
71536
71530
71526
71513
71484
71478
71476
71464
71461
71448
71435
71434
71427
71424
71411
71403
71381
71377
71376
71375
71362
71357
71356
71353
71352
71322
71318
71313
71286
71272
71263
71249
71247
71242
71236
71221
71216
71213
71204
71181
71171
71124
71087
71023
71004
70985
70983
70974
70945
70936
70925
70900
70896
70894
70889
70861
70853
70842
70840
70834
70833
70828
70821
70785
70772
70752
70732
70729
70708
70698
70686
70684
70645
70643
70641
70636
70627
70613
70605
70595
70590
70586
70580
70577
70564
70553
70547
70534
70524
70515
70499
70498
70492
70489
70486
70477
70456
70450
70440
70435
70421
70418
70412
70410
70407
70397
70395
70392
70336
70307
70305
70296
70295
70293
70285
70279
70276
70274
70269
70240
70231
70219
70218
70190
70184
70165
70162
70154
70113
70112
70084
70075
70068
70065
70047
70019
70013
70010
69991
69985
69974
69947
69927
69914
69906
69887
69884
69881
69879
69863
69854
69846
69842
69840
69829
69813
69804
69800
69795
69790
69727
69723
69719
69712
69701
69700
69685
69672
69664
69641
69639
69634
69630
69622
69607
69604
69603
69599
69592
69578
69548
69546
69534
69531
69530
69525
69519
69517
69491
69477
69456
69452
69449
69447
69445
69441
69438
69437
69428
69396
69388
69381
69378
69352
69341
69334
69327
69320
69300
69291
69285
69282
69268
69263
69262
69244
69232
69219
69212
69211
69210
69208
69199
69190
69185
69182
69163
69140
69138
69120
69109
69102
69101
69099
69083
69081
69067
69048
69021
69020
69010
69002
69000
68997
68986
68978
68957
68934
68929
68919
68918
68916
68879
68878
68844
68832
68825
68824
68822
68813
68805
68794
68754
68750
68745
68742
68734
68701
68696
68682
68666
68652
68627
68621
68611
68608
68591
68577
68564
68534
68524
68518
68497
68480
68454
68448
68446
68440
68436
68428
68413
68409
68405
68399
68368
68338
68337
68318
68314
68291
68282
68279
68269
68256
68255
68244
68222
68205
68203
68200
68199
68196
68189
68184
68175
68161
68139
68129
68117
68102
68093
68081
68079
68077
68074
68059
68028
68017
68005
68001
67979
67963
67954
67949
67913
67885
67878
67870
67862
67848
67831
67826
67817
67815
67814
67808
67793
67771
67758
67741
67735
67734
67727
67721
67717
67692
67684
67679
67673
67671
67647
67643
67627
67625
67599
67592
67586
67585
67579
67566
67564
67553
67551
67543
67536
67513
67500
67496
67480
67475
67467
67455
67449
67432
67430
67409
67406
67398
67396
67390
67389
67380
67369
67366
67364
67361
67357
67350
67336
67335
67332
67291
67289
67282
67270
67265
67253
67252
67243
67219
67180
67168
67167
67159
67155
67153
67135
67131
67117
67112
67102
67078
67069
67055
67038
67032
67023
67019
67011
66983
66977
66962
66948
66929
66914
66908
66906
66892
66884
66881
66873
66870
66852
66847
66838
66826
66823
66805
66802
66794
66793
66787
66774
66764
66756
66743
66723
66721
66719
66718
66702
66701
66687
66669
66667
66666
66663
66660
66659
66646
66638
66637
66629
66620
66611
66608
66597
66586
66559
66554
66553
66547
66534
66531
66530
66526
66520
66516
66513
66511
66507
66501
66500
66484
66476
66474
66469
66468
66463
66441
66439
66437
66430
66415
66409
66404
66401
66394
66390
66373
66368
66367
66347
66331
66326
66318
66316
66286
66266
66265
66221
66199
66179
66170
66158
66127
66116
66100
66085
66075
66072
66065
66045
66044
66035
66027
66011
66010
66007
65998
65973
65960
65954
65953
65946
65945
65939
65938
65931
65928
65902
65897
65890
65889
65882
65877
65876
65866
65864
65856
65841
65833
65830
65824
65810
65791
65780
65768
65754
65743
65739
65733
65725
65713
65708
65704
65701
65695
65685
65679
65669
65660
65655
65651
65649
65643
65632
65626
65625
65608
65594
65591
65581
65577
65573
65564
65563
65556
65550
65546
65540
65533
65507
65499
65473
65471
65465
65462
65461
65446
65418
65417
65415
65354
65339
65338
65319
65310
65292
65283
65278
65268
65264
65261
65248
65242
65240
65232
65207
65204
65194
65185
65177
65174
65170
65167
65166
65145
65143
65124
65123
65122
65115
65111
65109
65104
65101
65091
65077
65070
65032
65027
65020
65019
65011
65003
64972
64953
64950
64910
64909
64886
64881
64874
64872
64869
64868
64852
64838
64837
64827
64824
64823
64820
64811
64806
64795
64779
64773
64772
64762
64760
64757
64755
64747
64728
64725
64719
64696
64687
64681
64668
64663
64662
64650
64648
64633
64629
64601
64598
64594
64579
64570
64567
64560
64554
64545
64527
64526
64524
64523
64507
64488
64480
64459
64457
64431
64388
64384
64382
64367
64356
64350
64340
64338
64325
64324
64308
64303
64301
64297
64269
64258
64256
64255
64250
64232
64228
64205
64190
64183
64167
64158
64151
64149
64144
64112
64111
64094
64072
64059
64058
64054
64050
64046
64024
64019
63992
63973
63969
63965
63959
63940
63937
63935
63931
63916
63896
63877
63876
63874
63873
63871
63869
63834
63830
63805
63804
63790
63789
63785
63772
63766
63747
63746
63733
63727
63712
63699
63691
63688
63685
63672
63652
63647
63638
63624
63621
63604
63591
63585
63579
63570
63550
63549
63541
63517
63514
63495
63455
63436
63430
63419
63414
63411
63398
63387
63379
63374
63373
63372
63369
63356
63335
63317
63307
63306
63300
63279
63269
63256
63237
63236
63235
63231
63224
63223
63204
63196
63189
63188
63186
63185
63183
63171
63160
63156
63135
63132
63125
63085
63079
63063
63044
63035
63026
63024
62994
62992
62988
62982
62978
62975
62967
62966
62960
62951
62946
62939
62930
62920
62914
62913
62910
62907
62902
62898
62888
62875
62862
62851
62834
62831
62817
62800
62791
62783
62782
62767
62766
62749
62728
62699
62693
62653
62646
62641
62636
62623
62596
62594
62592
62588
62583
62568
62561
62543
62529
62523
62518
62514
62512
62510
62495
62494
62485
62465
62463
62452
62446
62426
62417
62409
62404
62395
62382
62375
62373
62361
62344
62336
62334
62318
62317
62312
62309
62307
62284
62262
62248
62242
62232
62231
62228
62225
62222
62213
62207
62191
62183
62160
62155
62144
62142
62120
62113
62109
62091
62086
62081
62074
62071
62069
62066
62062
62056
62043
62035
62017
62013
61987
61980
61974
61966
61940
61918
61917
61910
61899
61883
61847
61825
61824
61820
61802
61790
61782
61780
61773
61770
61769
61763
61746
61741
61735
61730
61722
61721
61709
61706
61700
61697
61687
61684
61681
61673
61666
61660
61652
61646
61636
61635
61634
61630
61600
61599
61592
61586
61577
61561
61560
61527
61523
61496
61488
61486
61478
61459
61441
61434
61426
61420
61393
61376
61375
61356
61354
61332
61322
61315
61291
61263
61243
61216
61215
61212
61184
61169
61136
61135
61133
61130
61104
61103
61100
61096
61084
61050
61048
61028
61023
61020
61016
61015
61014
61006
61004
61002
61001
60990
60950
60946
60944
60938
60935
60924
60917
60904
60903
60889
60883
60875
60867
60857
60854
60847
60846
60842
60832
60830
60816
60815
60805
60800
60799
60790
60778
60746
60737
60722
60718
60717
60715
60708
60707
60700
60698
60694
60689
60678
60669
60653
60618
60614
60601
60584
60572
60568
60524
60518
60509
60499
60498
60490
60485
60484
60476
60475
60474
60466
60458
60449
60435
60430
60420
60411
60395
60388
60368
60364
60363
60359
60357
60340
60317
60304
60300
60299
60295
60291
60267
60262
60228
60227
60217
60205
60204
60203
60165
60164
60154
60148
60141
60140
60134
60129
60111
60108
60097
60095
60091
60086
60075
60074
60073
60067
60047
60046
60042
60029
59974
59961
59948
59945
59944
59943
59935
59932
59923
59908
59906
59901
59897
59894
59885
59862
59857
59855
59823
59816
59810
59793
59782
59779
59768
59752
59749
59719
59710
59690
59682
59677
59671
59669
59665
59656
59650
59643
59639
59636
59628
59619
59612
59609
59608
59575
59573
59563
59545
59527
59521
59509
59504
59498
59438
59423
59420
59410
59401
59396
59387
59365
59353
59341
59336
59330
59324
59319
59312
59304
59292
59286
59277
59267
59262
59237
59235
59216
59212
59207
59206
59182
59146
59138
59113
59112
59102
59084
59082
59066
59050
59036
59016
59015
58994
58993
58977
58975
58957
58945
58944
58934
58928
58918
58907
58896
58892
58890
58887
58884
58872
58865
58846
58842
58835
58831
58828
58824
58817
58805
58804
58803
58777
58766
58765
58764
58748
58745
58744
58727
58724
58717
58701
58696
58682
58681
58670
58653
58644
58640
58635
58634
58628
58627
58615
58612
58605
58591
58573
58560
58550
58540
58528
58524
58520
58514
58501
58481
58473
58454
58450
58434
58424
58423
58421
58384
58376
58371
58367
58359
58329
58327
58315
58287
58283
58280
58278
58274
58244
58235
58225
58224
58211
58203
58193
58190
58189
58187
58184
58176
58147
58142
58061
58056
58035
58030
57983
57975
57953
57942
57940
57930
57929
57924
57916
57909
57900
57884
57882
57875
57852
57838
57833
57823
57810
57795
57787
57764
57740
57727
57709
57705
57696
57695
57693
57688
57681
57665
57651
57644
57636
57635
57616
57605
57598
57597
57590
57586
57581
57572
57565
57560
57558
57554
57542
57520
57505
57499
57493
57485
57469
57468
57464
57453
57452
57447
57441
57424
57422
57416
57407
57404
57391
57387
57369
57363
57361
57355
57344
57321
57317
57315
57307
57296
57286
57273
57271
57265
57255
57218
57216
57177
57173
57156
57150
57147
57125
57124
57114
57113
57111
57083
57057
57054
57053
57050
57044
57040
57027
57017
57002
57000
56981
56948
56932
56927
56915
56907
56893
56890
56861
56843
56836
56806
56800
56786
56775
56758
56756
56750
56745
56737
56721
56717
56698
56691
56681
56669
56656
56645
56640
56637
56635
56632
56624
56620
56610
56608
56607
56604
56568
56565
56544
56525
56519
56516
56512
56500
56482
56477
56462
56461
56441
56437
56436
56422
56420
56414
56406
56404
56399
56393
56379
56365
56363
56348
56345
56337
56330
56326
56308
56296
56292
56287
56268
56234
56216
56215
56210
56206
56193
56191
56186
56179
56177
56171
56170
56144
56142
56125
56123
56097
56062
56053
56039
56028
56026
56025
56023
56016
56008
55995
55989
55986
55965
55958
55957
55912
55891
55876
55864
55863
55858
55849
55829
55826
55822
55807
55805
55803
55797
55784
55774
55772
55769
55766
55758
55756
55736
55732
55726
55722
55715
55712
55705
55693
55684
55683
55681
55677
55663
55632
55626
55617
55598
55580
55562
55554
55553
55552
55550
55549
55543
55537
55527
55516
55458
55454
55453
55448
55437
55424
55416
55401
55398
55396
55367
55364
55346
55343
55336
55315
55306
55278
55273
55249
55233
55225
55216
55180
55176
55175
55157
55154
55146
55140
55137
55136
55125
55121
55116
55101
55078
55069
55051
55043
55042
55038
55033
55027
55022
54996
54995
54957
54956
54944
54934
54933
54911
54895
54884
54880
54862
54845
54844
54842
54841
54835
54834
54833
54821
54810
54808
54796
54795
54785
54769
54766
54765
54763
54754
54747
54707
54700
54692
54653
54648
54634
54629
54608
54606
54599
54597
54586
54578
54570
54542
54503
54497
54487
54475
54471
54470
54462
54447
54403
54402
54392
54386
54373
54362
54348
54347
54339
54330
54328
54321
54317
54313
54310
54309
54305
54298
54294
54293
54289
54269
54262
54255
54239
54231
54223
54221
54220
54200
54196
54195
54184
54177
54171
54159
54142
54135
54134
54121
54113
54109
54103
54102
54089
54076
54067
54049
54039
54028
54026
54018
54011
54009
53992
53982
53980
53972
53963
53939
53930
53922
53914
53906
53902
53900
53896
53893
53868
53846
53842
53841
53832
53828
53817
53814
53808
53807
53802
53801
53795
53771
53750
53749
53727
53718
53717
53715
53702
53696
53691
53689
53687
53684
53662
53650
53625
53621
53614
53602
53571
53568
53555
53545
53543
53539
53533
53525
53524
53518
53517
53499
53486
53474
53452
53450
53426
53425
53416
53410
53408
53379
53374
53372
53368
53359
53341
53334
53333
53321
53316
53313
53309
53301
53271
53255
53240
53227
53226
53214
53213
53202
53198
53194
53183
53181
53165
53163
53162
53158
53141
53137
53128
53109
53105
53082
53068
53064
53062
53061
53058
53056
53042
53032
53015
53008
53004
52939
52930
52908
52892
52859
52856
52822
52809
52803
52798
52790
52781
52780
52768
52751
52739
52724
52709
52699
52698
52689
52686
52677
52665
52664
52652
52641
52635
52628
52614
52599
52586
52560
52555
52542
52537
52531
52526
52524
52514
52512
52494
52491
52481
52468
52459
52455
52424
52411
52408
52401
52391
52386
52378
52369
52368
52366
52343
52338
52329
52324
52317
52311
52304
52296
52290
52275
52257
52236
52235
52234
52216
52204
52203
52199
52180
52166
52165
52163
52137
52126
52124
52121
52120
52083
52081
52054
52052
52034
52032
52031
52023
52020
52005
52001
51985
51975
51973
51970
51966
51965
51936
51912
51901
51896
51895
51891
51862
51855
51850
51844
51835
51834
51821
51815
51812
51806
51784
51775
51769
51765
51746
51728
51727
51704
51702
51691
51684
51670
51653
51633
51625
51608
51592
51590
51573
51571
51557
51554
51549
51547
51543
51535
51511
51489
51483
51450
51444
51438
51436
51411
51400
51399
51389
51386
51382
51380
51373
51359
51337
51335
51316
51309
51299
51277
51265
51264
51262
51258
51257
51238
51228
51223
51220
51187
51174
51169
51159
51142
51139
51134
51130
51121
51112
51094
51086
51068
51061
51055
51043
51040
51036
51031
51016
51011
51003
50998
50995
50993
50987
50963
50960
50954
50953
50944
50941
50911
50900
50891
50888
50879
50873
50856
50854
50835
50828
50827
50826
50818
50801
50791
50788
50783
50779
50775
50772
50769
50740
50737
50727
50726
50690
50684
50672
50646
50642
50641
50614
50599
50585
50562
50561
50552
50539
50534
50520
50514
50506
50501
50489
50488
50483
50460
50455
50453
50441
50438
50412
50405
50384
50377
50376
50365
50359
50335
50331
50328
50313
50310
50299
50292
50277
50271
50257
50239
50223
50214
50211
50210
50208
50207
50203
50154
50143
50136
50133
50112
50107
50092
50086
50070
50063
50057
50005
49995
49991
49988
49982
49976
49969
49952
49946
49944
49934
49931
49930
49926
49920
49919
49906
49898
49890
49886
49866
49840
49829
49826
49809
49806
49803
49799
49775
49771
49768
49754
49753
49731
49728
49726
49724
49721
49716
49701
49697
49653
49642
49639
49638
49618
49617
49595
49581
49578
49576
49571
49563
49561
49548
49547
49521
49517
49505
49503
49478
49474
49462
49456
49452
49441
49424
49405
49402
49381
49374
49371
49370
49362
49360
49356
49352
49345
49336
49322
49302
49299
49280
49243
49233
49218
49202
49199
49196
49193
49165
49164
49163
49146
49139
49131
49105
49103
49100
49092
49089
49061
49058
49051
49010
49008
48994
48970
48965
48954
48948
48940
48928
48922
48915
48891
48882
48878
48830
48828
48812
48808
48801
48743
48724
48711
48708
48702
48695
48679
48678
48670
48667
48665
48664
48652
48647
48646
48645
48637
48625
48624
48616
48599
48590
48583
48582
48578
48573
48567
48561
48545
48544
48532
48529
48508
48507
48487
48486
48481
48479
48476
48467
48464
48449
48446
48440
48425
48403
48393
48385
48383
48363
48362
48338
48337
48320
48319
48313
48283
48273
48272
48264
48252
48247
48245
48242
48238
48228
48223
48217
48202
48198
48185
48181
48177
48149
48143
48136
48129
48115
48112
48094
48080
48073
48062
48042
48034
48027
48015
48006
47972
47965
47953
47951
47941
47935
47901
47878
47873
47862
47857
47854
47839
47828
47815
47814
47809
47808
47804
47788
47785
47740
47729
47723
47715
47698
47695
47686
47682
47663
47657
47653
47644
47629
47626
47622
47615
47606
47599
47593
47576
47552
47546
47540
47536
47531
47529
47515
47514
47512
47503
47502
47501
47500
47490
47474
47468
47467
47464
47457
47451
47445
47435
47433
47426
47393
47389
47376
47372
47354
47337
47328
47311
47301
47283
47278
47274
47261
47242
47239
47237
47233
47232
47227
47211
47207
47204
47197
47181
47149
47148
47145
47144
47121
47115
47105
47092
47091
47086
47067
47046
47043
47034
47027
46999
46973
46968
46962
46954
46946
46941
46921
46904
46898
46890
46885
46838
46820
46814
46787
46783
46774
46769
46762
46744
46740
46735
46730
46702
46697
46695
46680
46675
46673
46666
46665
46663
46653
46651
46640
46632
46629
46627
46626
46623
46620
46613
46611
46607
46581
46556
46554
46518
46503
46497
46481
46472
46468
46416
46396
46381
46380
46379
46378
46374
46337
46325
46308
46294
46289
46287
46280
46269
46251
46219
46195
46190
46182
46166
46153
46138
46132
46113
46103
46087
46075
46073
46036
46022
46001
45971
45956
45955
45951
45933
45920
45909
45902
45899
45893
45884
45875
45868
45867
45848
45821
45820
45795
45789
45783
45780
45778
45774
45733
45728
45727
45726
45699
45658
45653
45635
45616
45564
45500
45484
45477
45476
45458
45451
45443
45432
45395
45387
45384
45382
45363
45359
45358
45357
45346
45325
45319
45310
45297
45294
45292
45276
45263
45258
45256
45242
45237
45229
45228
45215
45199
45190
45185
45184
45183
45176
45155
45148
45139
45133
45128
45126
45110
45106
45093
45088
45062
45060
45059
45047
45042
45033
45031
45001
44988
44953
44943
44939
44929
44921
44911
44904
44899
44888
44872
44863
44855
44841
44840
44830
44828
44813
44810
44803
44798
44790
44764
44750
44747
44745
44744
44733
44728
44719
44717
44714
44691
44688
44671
44647
44639
44628
44625
44621
44596
44584
44583
44582
44580
44566
44559
44557
44535
44531
44523
44512
44508
44501
44490
44485
44481
44480
44470
44469
44465
44464
44458
44436
44433
44413
44409
44408
44395
44392
44382
44381
44376
44371
44367
44365
44354
44343
44342
44331
44329
44314
44311
44306
44296
44295
44287
44285
44274
44270
44260
44252
44226
44217
44205
44183
44145
44085
44082
44069
44068
44063
44057
44041
44023
44019
43997
43996
43983
43970
43965
43957
43938
43930
43928
43920
43917
43914
43913
43892
43886
43884
43873
43865
43858
43855
43848
43827
43800
43791
43788
43751
43745
43741
43731
43727
43717
43714
43680
43673
43666
43645
43644
43643
43641
43614
43606
43604
43603
43582
43577
43573
43571
43562
43558
43539
43533
43509
43486
43484
43464
43446
43429
43424
43421
43408
43407
43401
43392
43385
43378
43360
43356
43346
43340
43316
43296
43286
43282
43281
43256
43242
43235
43231
43226
43223
43208
43199
43197
43183
43181
43163
43157
43150
43144
43137
43134
43132
43126
43125
43122
43117
43115
43100
43092
43084
43082
43062
43061
43059
43054
43042
43041
43033
43022
43000
42990
42972
42963
42954
42943
42941
42940
42920
42918
42913
42911
42908
42902
42897
42893
42882
42862
42829
42825
42824
42813
42808
42804
42798
42794
42788
42772
42768
42764
42763
42757
42744
42736
42720
42711
42708
42707
42698
42696
42690
42677
42650
42640
42637
42619
42617
42609
42602
42592
42568
42565
42551
42547
42535
42524
42520
42519
42491
42490
42486
42476
42467
42461
42453
42452
42450
42443
42439
42429
42428
42424
42421
42420
42404
42402
42384
42377
42376
42361
42349
42325
42316
42314
42306
42267
42266
42264
42252
42248
42233
42209
42205
42183
42166
42164
42103
42093
42092
42077
42073
42071
42070
42064
42058
42052
42048
42046
42029
42014
41983
41979
41954
41947
41946
41925
41921
41909
41908
41893
41883
41878
41876
41875
41823
41806
41800
41792
41732
41715
41714
41709
41680
41669
41640
41627
41616
41611
41609
41599
41592
41582
41572
41563
41546
41539
41533
41494
41490
41489
41482
41480
41475
41469
41443
41429
41428
41419
41410
41390
41374
41365
41362
41352
41343
41322
41308
41303
41290
41265
41260
41249
41242
41231
41228
41207
41200
41194
41191
41187
41180
41167
41140
41130
41128
41106
41100
41093
41090
41080
41077
41060
41023
41020
41008
41004
40995
40992
40973
40947
40945
40941
40940
40939
40936
40929
40907
40901
40895
40893
40877
40863
40831
40803
40800
40777
40768
40747
40717
40708
40686
40664
40659
40616
40600
40595
40583
40558
40555
40540
40537
40529
40515
40509
40489
40471
40459
40458
40455
40447
40435
40432
40412
40400
40392
40384
40382
40381
40379
40364
40356
40333
40311
40303
40295
40286
40259
40237
40210
40208
40183
40179
40172
40165
40154
40150
40146
40145
40142
40139
40136
40132
40128
40127
40095
40085
40067
40054
40027
39998
39983
39965
39956
39954
39902
39897
39895
39894
39893
39892
39891
39886
39844
39842
39833
39831
39825
39814
39801
39780
39768
39765
39761
39726
39720
39707
39704
39677
39672
39663
39658
39656
39604
39602
39601
39583
39579
39573
39559
39554
39547
39541
39525
39517
39504
39498
39495
39488
39483
39480
39475
39449
39435
39374
39364
39344
39340
39330
39288
39281
39264
39261
39246
39238
39237
39224
39215
39182
39181
39176
39150
39143
39122
39118
39105
39096
39074
39068
39067
39063
39042
39037
39036
39035
39028
39024
39010
38976
38970
38964
38963
38955
38904
38875
38856
38847
38840
38837
38828
38821
38809
38789
38788
38782
38779
38762
38734
38697
38671
38670
38665
38664
38658
38649
38647
38645
38634
38629
38623
38618
38613
38599
38584
38579
38568
38540
38538
38533
38526
38513
38493
38492
38491
38489
38479
38478
38456
38452
38451
38434
38399
38397
38396
38384
38367
38363
38353
38343
38324
38311
38291
38259
38254
38252
38249
38242
38236
38223
38215
38204
38197
38190
38186
38184
38177
38170
38164
38163
38152
38150
38147
38133
38119
38109
38080
38079
38066
38062
38058
38040
38036
38032
38028
38009
37994
37990
37961
37957
37950
37948
37947
37924
37914
37902
37895
37871
37863
37861
37851
37847
37841
37840
37820
37819
37817
37798
37792
37787
37775
37769
37761
37756
37742
37736
37716
37712
37688
37679
37666
37662
37661
37657
37656
37651
37633
37630
37613
37590
37585
37572
37569
37566
37538
37532
37506
37500
37493
37486
37485
37448
37444
37436
37432
37411
37401
37400
37397
37390
37389
37384
37367
37356
37355
37350
37348
37345
37339
37322
37320
37304
37301
37299
37290
37287
37258
37254
37253
37247
37246
37245
37237
37224
37194
37159
37152
37139
37138
37135
37130
37113
37108
37103
37073
37055
37048
37037
37026
37024
37017
37006
36980
36966
36935
36924
36909
36908
36890
36884
36876
36874
36867
36866
36849
36846
36841
36836
36829
36828
36827
36826
36819
36818
36804
36801
36791
36790
36768
36764
36762
36752
36738
36735
36720
36716
36685
36682
36672
36664
36653
36647
36631
36619
36610
36602
36585
36584
36581
36567
36564
36561
36558
36549
36543
36534
36531
36529
36505
36502
36489
36488
36487
36484
36466
36464
36463
36456
36438
36433
36423
36411
36391
36376
36355
36350
36339
36321
36313
36309
36303
36277
36275
36264
36240
36232
36218
36208
36199
36194
36188
36184
36183
36182
36160
36149
36146
36142
36132
36130
36128
36116
36101
36089
36084
36082
36081
36074
36060
36054
36045
36042
36041
36039
36032
36027
35995
35969
35968
35963
35957
35949
35940
35929
35916
35908
35895
35893
35892
35873
35850
35846
35843
35841
35837
35829
35824
35821
35818
35816
35807
35803
35794
35779
35771
35768
35765
35738
35726
35718
35713
35706
35695
35639
35634
35624
35620
35609
35595
35587
35575
35534
35533
35529
35490
35484
35482
35476
35472
35466
35464
35462
35455
35450
35399
35398
35393
35377
35329
35320
35317
35315
35290
35281
35278
35268
35261
35259
35258
35230
35214
35209
35202
35181
35178
35177
35158
35150
35132
35130
35129
35127
35115
35104
35102
35093
35074
35072
35063
35062
35008
35004
35001
34993
34981
34965
34947
34944
34943
34942
34941
34915
34909
34904
34902
34901
34856
34849
34847
34844
34839
34835
34832
34831
34828
34819
34815
34804
34797
34796
34778
34776
34771
34752
34750
34724
34716
34713
34710
34691
34672
34665
34662
34656
34643
34633
34631
34630
34611
34610
34609
34602
34579
34566
34565
34538
34536
34522
34521
34519
34514
34512
34501
34500
34472
34468
34467
34457
34440
34437
34432
34425
34421
34418
34410
34399
34397
34394
34380
34379
34364
34352
34347
34339
34333
34317
34305
34294
34286
34276
34260
34252
34242
34227
34226
34217
34213
34180
34173
34160
34156
34135
34133
34127
34126
34120
34095
34085
34076
34063
34050
34031
34018
34007
33989
33965
33961
33952
33932
33927
33918
33917
33909
33906
33898
33878
33866
33865
33855
33851
33850
33846
33803
33801
33787
33769
33768
33767
33762
33756
33747
33731
33720
33715
33711
33694
33685
33671
33665
33650
33648
33629
33620
33585
33577
33530
33515
33508
33496
33482
33467
33449
33433
33432
33420
33411
33408
33399
33389
33384
33382
33376
33373
33364
33363
33354
33347
33342
33336
33324
33319
33301
33300
33295
33284
33275
33268
33261
33254
33240
33236
33222
33220
33216
33214
33175
33161
33147
33132
33127
33120
33117
33113
33106
33091
33084
33073
33060
33049
33039
33035
33021
33011
33008
33003
33002
33001
32988
32987
32937
32901
32894
32887
32879
32878
32872
32868
32852
32846
32827
32819
32814
32790
32777
32763
32762
32748
32746
32740
32734
32733
32685
32655
32646
32640
32637
32633
32625
32601
32588
32584
32581
32559
32529
32520
32469
32448
32446
32437
32435
32414
32409
32396
32395
32393
32386
32372
32367
32361
32354
32351
32349
32331
32326
32312
32277
32271
32266
32247
32245
32228
32224
32213
32196
32190
32189
32175
32166
32149
32143
32141
32128
32122
32106
32093
32062
32060
32056
32053
32050
32047
32046
32040
32032
32006
31992
31982
31964
31911
31908
31902
31866
31864
31863
31854
31847
31844
31816
31791
31789
31788
31782
31778
31770
31769
31767
31763
31762
31758
31751
31744
31742
31740
31736
31730
31710
31704
31702
31701
31698
31696
31694
31682
31672
31669
31666
31662
31652
31644
31628
31621
31620
31603
31590
31578
31567
31560
31554
31549
31542
31525
31523
31512
31506
31494
31488
31485
31476
31475
31472
31463
31459
31455
31438
31425
31424
31405
31372
31345
31343
31338
31336
31331
31328
31319
31303
31287
31281
31245
31236
31228
31215
31210
31207
31200
31174
31162
31159
31129
31128
31127
31120
31118
31099
31084
31081
31057
31055
31053
31051
31042
31035
31030
31028
31026
31022
31010
30984
30979
30971
30958
30954
30940
30862
30860
30856
30852
30838
30836
30814
30808
30804
30794
30791
30774
30761
30759
30722
30717
30698
30695
30694
30665
30662
30659
30648
30646
30635
30630
30629
30626
30618
30617
30606
30599
30572
30569
30551
30549
30548
30544
30525
30505
30502
30492
30491
30487
30467
30466
30440
30418
30404
30403
30396
30394
30392
30384
30369
30349
30344
30338
30330
30323
30316
30307
30275
30274
30264
30245
30241
30232
30199
30189
30176
30167
30158
30149
30144
30137
30117
30116
30097
30093
30092
30082
30060
30046
30036
30012
30003
29985
29984
29967
29925
29923
29922
29921
29910
29891
29887
29886
29882
29871
29859
29850
29848
29837
29818
29817
29816
29811
29800
29785
29771
29765
29759
29748
29745
29734
29726
29720
29702
29693
29664
29656
29654
29652
29648
29641
29640
29639
29612
29609
29605
29592
29591
29575
29559
29552
29531
29524
29510
29508
29505
29501
29497
29484
29457
29450
29445
29437
29409
29402
29382
29379
29377
29374
29369
29354
29271
29261
29251
29247
29218
29216
29210
29202
29181
29160
29159
29128
29127
29125
29122
29119
29102
29098
29092
29086
29073
29072
29062
29060
29059
29032
28998
28990
28981
28967
28959
28953
28952
28944
28931
28926
28904
28901
28894
28892
28858
28847
28834
28828
28806
28779
28775
28741
28732
28723
28720
28700
28698
28684
28660
28656
28648
28646
28642
28639
28625
28596
28585
28582
28574
28552
28551
28533
28530
28511
28506
28483
28480
28479
28472
28461
28460
28451
28423
28420
28399
28396
28388
28387
28377
28350
28344
28338
28329
28328
28308
28305
28304
28254
28248
28242
28230
28228
28223
28211
28201
28200
28199
28191
28176
28172
28170
28154
28149
28146
28143
28142
28139
28134
28110
28104
28091
28082
28074
28065
28064
28050
28041
28027
28026
28024
28018
28012
28000
27992
27987
27964
27955
27950
27938
27937
27933
27929
27919
27914
27909
27897
27886
27863
27860
27834
27830
27821
27815
27811
27810
27794
27780
27777
27774
27764
27758
27757
27749
27740
27729
27724
27720
27718
27710
27705
27703
27700
27698
27692
27685
27672
27648
27641
27625
27619
27616
27608
27562
27553
27551
27538
27532
27497
27488
27447
27445
27444
27440
27437
27428
27415
27410
27402
27396
27390
27382
27379
27376
27368
27366
27353
27352
27342
27329
27327
27324
27314
27312
27300
27296
27289
27286
27273
27267
27241
27236
27224
27197
27193
27189
27187
27173
27169
27154
27133
27132
27131
27116
27114
27094
27087
27085
27068
27042
27036
27032
27030
27020
27000
26991
26960
26956
26934
26901
26890
26883
26882
26879
26856
26843
26837
26836
26831
26820
26802
26796
26789
26769
26762
26746
26742
26741
26728
26722
26720
26683
26670
26662
26659
26643
26637
26611
26589
26586
26585
26578
26577
26569
26560
26533
26501
26490
26477
26470
26469
26466
26455
26442
26434
26427
26413
26412
26409
26402
26391
26373
26371
26370
26363
26357
26355
26347
26316
26307
26297
26286
26284
26256
26252
26231
26213
26208
26200
26190
26187
26177
26169
26148
26147
26143
26121
26111
26107
26097
26065
26008
26000
25992
25989
25980
25963
25957
25956
25940
25936
25918
25885
25884
25848
25835
25829
25818
25807
25806
25802
25796
25787
25781
25766
25764
25756
25733
25732
25720
25719
25716
25702
25694
25687
25664
25658
25648
25633
25627
25622
25621
25602
25594
25584
25579
25575
25567
25546
25532
25531
25526
25525
25497
25495
25490
25488
25480
25464
25453
25439
25407
25400
25394
25390
25387
25377
25354
25352
25347
25343
25335
25322
25312
25304
25297
25295
25289
25277
25270
25262
25248
25241
25233
25229
25226
25217
25213
25206
25203
25198
25162
25145
25137
25129
25123
25121
25099
25090
25089
25083
25053
25048
25046
25032
25031
24992
24979
24969
24963
24958
24948
24945
24942
24941
24915
24906
24896
24882
24856
24840
24828
24808
24776
24760
24759
24733
24717
24714
24697
24681
24671
24663
24658
24653
24647
24636
24628
24620
24618
24604
24601
24587
24577
24568
24535
24525
24523
24518
24488
24486
24472
24431
24424
24417
24416
24402
24401
24365
24361
24358
24346
24339
24328
24316
24299
24291
24263
24258
24238
24230
24221
24214
24209
24203
24201
24197
24196
24193
24181
24178
24168
24167
24159
24123
24112
24107
24087
24086
24067
24054
24040
24021
23994
23993
23992
23979
23978
23971
23963
23945
23943
23942
23921
23891
23887
23881
23864
23863
23845
23844
23834
23823
23815
23812
23810
23807
23806
23772
23766
23740
23723
23711
23704
23697
23669
23665
23664
23663
23654
23645
23635
23630
23619
23613
23612
23600
23596
23560
23548
23517
23493
23492
23490
23487
23472
23469
23467
23463
23443
23437
23409
23406
23405
23400
23395
23393
23381
23377
23375
23368
23367
23351
23330
23320
23318
23314
23313
23309
23308
23300
23277
23273
23260
23251
23245
23234
23208
23206
23194
23187
23179
23177
23163
23148
23147
23142
23128
23126
23091
23059
23049
23041
23034
23022
23021
23015
23013
23002
22999
22982
22971
22959
22952
22925
22922
22921
22920
22912
22909
22893
22870
22869
22843
22834
22824
22795
22790
22788
22780
22778
22756
22741
22734
22728
22705
22693
22688
22687
22675
22666
22646
22627
22625
22620
22608
22599
22593
22588
22578
22572
22546
22520
22508
22507
22500
22476
22458
22456
22455
22454
22449
22448
22442
22392
22379
22356
22331
22322
22312
22310
22307
22306
22288
22281
22279
22265
22242
22221
22211
22204
22198
22191
22188
22182
22169
22145
22141
22134
22112
22109
22096
22092
22070
22056
22048
22036
22016
22001
21995
21971
21969
21960
21951
21950
21949
21937
21932
21930
21921
21903
21894
21893
21892
21891
21890
21886
21873
21870
21862
21852
21807
21804
21803
21798
21775
21772
21769
21760
21751
21750
21741
21732
21721
21709
21695
21684
21670
21669
21656
21655
21647
21645
21622
21611
21605
21590
21577
21574
21573
21570
21566
21560
21555
21548
21543
21530
21518
21506
21505
21502
21500
21492
21491
21490
21489
21437
21419
21388
21386
21385
21375
21371
21363
21358
21347
21340
21321
21309
21308
21269
21257
21251
21250
21241
21218
21213
21198
21192
21186
21181
21162
21155
21147
21131
21127
21116
21112
21111
21104
21072
21068
21067
21063
21053
21048
21045
21034
21014
21010
20988
20986
20984
20981
20940
20935
20924
20918
20916
20909
20907
20906
20903
20892
20884
20883
20878
20855
20854
20846
20827
20813
20812
20798
20791
20780
20776
20736
20715
20697
20671
20666
20661
20653
20627
20626
20603
20596
20594
20587
20585
20584
20566
20551
20547
20536
20494
20480
20473
20470
20464
20458
20433
20425
20417
20415
20409
20394
20385
20368
20363
20335
20323
20302
20300
20285
20282
20276
20249
20233
20232
20227
20210
20209
20196
20172
20171
20168
20163
20159
20121
20115
20112
20106
20088
20075
20073
20063
20043
20038
20035
20033
20025
20018
19993
19991
19985
19976
19932
19930
19929
19917
19903
19881
19870
19863
19856
19848
19846
19844
19843
19838
19831
19824
19800
19799
19791
19788
19785
19772
19764
19752
19747
19724
19720
19713
19701
19697
19682
19666
19650
19635
19622
19620
19596
19593
19590
19573
19565
19556
19541
19534
19529
19528
19515
19489
19481
19468
19451
19443
19402
19396
19394
19393
19386
19339
19330
19320
19297
19296
19279
19274
19273
19271
19266
19257
19254
19253
19248
19233
19217
19214
19196
19187
19184
19155
19152
19137
19124
19108
19096
19088
19085
19078
19047
19045
19030
19020
19009
19006
18995
18992
18980
18975
18947
18928
18915
18884
18878
18872
18866
18853
18827
18808
18805
18802
18793
18792
18784
18781
18761
18748
18743
18725
18724
18713
18698
18696
18676
18672
18669
18661
18648
18645
18642
18637
18635
18610
18607
18593
18592
18579
18572
18555
18554
18551
18542
18538
18526
18519
18498
18483
18469
18467
18463
18454
18441
18415
18413
18382
18378
18377
18375
18342
18335
18322
18321
18305
18297
18289
18279
18278
18264
18259
18249
18239
18233
18230
18227
18225
18221
18215
18212
18184
18176
18172
18167
18153
18146
18144
18139
18128
18123
18122
18118
18112
18107
18099
18089
18084
18056
18050
18045
18031
18026
18022
18005
17998
17994
17990
17975
17970
17967
17954
17939
17927
17924
17899
17887
17881
17877
17875
17864
17857
17854
17849
17832
17818
17814
17811
17808
17790
17789
17781
17773
17771
17745
17738
17724
17708
17700
17666
17639
17638
17617
17609
17601
17600
17577
17575
17562
17558
17542
17525
17521
17520
17508
17498
17496
17491
17489
17488
17482
17479
17477
17474
17462
17456
17440
17436
17433
17430
17416
17411
17409
17407
17393
17383
17351
17349
17348
17335
17305
17301
17294
17290
17284
17272
17253
17237
17227
17203
17190
17174
17167
17153
17140
17130
17109
17106
17103
17102
17100
17090
17077
17069
17066
17052
17048
17044
17036
17030
17021
17019
17015
17009
17007
16992
16975
16971
16929
16921
16906
16890
16866
16863
16844
16842
16834
16826
16823
16822
16820
16818
16801
16800
16790
16779
16777
16764
16762
16759
16754
16748
16732
16729
16727
16725
16724
16722
16716
16713
16706
16705
16687
16684
16679
16675
16667
16659
16654
16643
16629
16613
16598
16589
16582
16576
16559
16556
16544
16527
16525
16516
16489
16479
16475
16448
16421
16407
16387
16362
16350
16344
16331
16329
16319
16306
16298
16293
16288
16285
16269
16258
16257
16254
16253
16243
16237
16220
16216
16188
16186
16175
16147
16105
16101
16098
16071
16066
16064
16062
16049
16046
16045
16034
16030
15996
15986
15982
15961
15950
15929
15927
15910
15908
15905
15895
15878
15870
15856
15849
15845
15832
15831
15827
15810
15802
15798
15790
15787
15774
15767
15764
15759
15743
15731
15722
15721
15715
15686
15647
15644
15638
15635
15632
15626
15623
15622
15612
15599
15589
15584
15561
15551
15544
15527
15511
15509
15504
15503
15493
15487
15485
15480
15475
15463
15453
15450
15436
15431
15429
15426
15424
15413
15396
15364
15348
15337
15332
15310
15309
15307
15285
15274
15270
15265
15258
15255
15254
15231
15229
15222
15202
15196
15190
15152
15151
15146
15141
15135
15130
15127
15119
15089
15060
15058
15054
15042
15034
15031
15021
15018
15013
15002
14992
14973
14963
14928
14919
14905
14900
14889
14885
14859
14853
14852
14848
14837
14836
14781
14778
14773
14770
14752
14745
14736
14734
14730
14719
14707
14695
14688
14684
14669
14666
14611
14603
14592
14585
14560
14551
14540
14533
14506
14494
14487
14481
14471
14448
14427
14409
14407
14402
14398
14389
14382
14375
14371
14350
14322
14312
14306
14301
14293
14284
14281
14275
14267
14258
14232
14210
14205
14197
14195
14191
14189
14182
14178
14176
14171
14157
14148
14133
14131
14125
14122
14113
14106
14099
14098
14078
14073
14071
14067
14051
14048
14038
14029
14022
14020
14019
14010
14005
13998
13984
13977
13971
13938
13936
13900
13897
13890
13843
13836
13814
13812
13802
13797
13792
13756
13745
13733
13720
13713
13712
13711
13698
13666
13661
13649
13593
13575
13551
13533
13519
13518
13512
13509
13503
13499
13496
13485
13463
13457
13426
13415
13412
13395
13385
13378
13366
13351
13335
13330
13326
13313
13308
13306
13293
13291
13288
13281
13273
13267
13266
13264
13259
13242
13211
13199
13185
13176
13169
13167
13163
13160
13125
13124
13120
13118
13110
13107
13094
13076
13072
13070
13047
13041
13040
13014
13013
13000
12999
12980
12975
12969
12961
12933
12929
12927
12915
12911
12902
12900
12887
12878
12877
12870
12861
12846
12839
12836
12829
12828
12826
12824
12821
12817
12808
12806
12790
12778
12774
12746
12742
12735
12733
12729
12718
12695
12690
12687
12686
12678
12677
12676
12675
12670
12660
12657
12653
12646
12645
12635
12612
12607
12597
12583
12577
12562
12537
12531
12528
12527
12516
12506
12501
12495
12493
12490
12484
12477
12467
12452
12450
12444
12438
12427
12425
12409
12393
12388
12372
12368
12362
12344
12328
12300
12290
12277
12274
12265
12256
12251
12244
12219
12203
12200
12181
12144
12124
12113
12105
12079
12062
12060
12057
12031
12018
12007
12002
11995
11961
11944
11925
11908
11896
11894
11891
11882
11881
11875
11858
11853
11852
11850
11845
11814
11809
11796
11792
11766
11760
11756
11738
11703
11701
11692
11648
11643
11639
11623
11604
11587
11584
11583
11565
11543
11527
11525
11523
11508
11499
11486
11478
11437
11412
11407
11393
11373
11359
11345
11343
11328
11323
11316
11297
11289
11288
11283
11271
11270
11246
11245
11242
11227
11211
11198
11185
11180
11172
11165
11142
11131
11071
11070
11054
11051
11041
11023
11021
11019
10997
10991
10990
10965
10960
10949
10946
10942
10914
10910
10899
10885
10884
10876
10858
10835
10813
10804
10799
10796
10777
10776
10750
10742
10738
10734
10732
10706
10691
10683
10678
10666
10664
10654
10644
10643
10629
10625
10614
10597
10579
10578
10556
10548
10546
10543
10529
10521
10517
10507
10501
10496
10486
10476
10470
10461
10443
10431
10414
10412
10388
10383
10381
10378
10374
10367
10357
10353
10342
10336
10311
10298
10285
10264
10260
10214
10213
10207
10202
10197
10174
10173
10155
10148
10143
10139
10129
10123
10120
10116
10087
10074
10047
10043
10042
10025
10004
9996
9994
9984
9977
9959
9948
9944
9939
9927
9922
9912
9901
9899
9891
9876
9859
9853
9848
9847
9808
9792
9788
9776
9753
9752
9744
9743
9739
9727
9726
9725
9721
9704
9689
9679
9678
9675
9672
9668
9664
9635
9614
9605
9596
9593
9577
9575
9546
9545
9542
9534
9531
9510
9505
9498
9490
9474
9464
9462
9453
9448
9439
9437
9430
9424
9413
9407
9402
9398
9392
9386
9372
9368
9351
9337
9306
9285
9282
9275
9247
9238
9185
9165
9147
9146
9143
9140
9136
9079
9070
9061
9057
9055
9050
9040
9022
8999
8992
8987
8966
8949
8944
8943
8940
8931
8926
8883
8861
8842
8837
8831
8816
8811
8804
8794
8781
8779
8776
8774
8747
8745
8741
8699
8666
8654
8626
8614
8594
8579
8559
8529
8485
8460
8453
8441
8409
8402
8388
8387
8386
8378
8377
8375
8357
8335
8334
8332
8287
8279
8276
8274
8258
8252
8251
8241
8233
8213
8212
8209
8203
8200
8199
8173
8170
8162
8145
8136
8115
8107
8097
8093
8074
8047
8044
8039
8030
8021
8013
8010
8009
8005
8004
7999
7928
7902
7899
7898
7872
7861
7860
7855
7851
7845
7842
7837
7826
7813
7812
7800
7787
7746
7734
7723
7711
7704
7684
7683
7674
7657
7642
7595
7594
7588
7586
7582
7575
7555
7550
7544
7540
7538
7537
7501
7481
7477
7466
7451
7444
7443
7439
7436
7432
7420
7416
7403
7383
7381
7374
7360
7322
7314
7307
7298
7283
7266
7253
7234
7229
7221
7219
7217
7212
7184
7178
7156
7145
7134
7122
7119
7111
7108
7087
7046
7023
7009
7008
7007
6998
6982
6978
6957
6943
6942
6925
6918
6917
6911
6907
6890
6888
6879
6870
6864
6857
6849
6839
6837
6815
6810
6789
6787
6771
6747
6743
6742
6739
6733
6723
6708
6698
6694
6692
6679
6677
6674
6650
6642
6639
6632
6630
6627
6619
6613
6607
6603
6602
6589
6562
6549
6544
6542
6540
6536
6533
6529
6526
6513
6506
6505
6475
6471
6434
6429
6422
6419
6416
6399
6390
6388
6353
6330
6313
6297
6295
6283
6253
6243
6240
6238
6216
6193
6192
6185
6167
6161
6157
6136
6126
6122
6112
6106
6096
6093
6092
6080
6067
6065
6006
5998
5989
5965
5961
5946
5940
5931
5927
5918
5908
5872
5865
5857
5844
5843
5819
5814
5803
5790
5785
5783
5779
5778
5775
5761
5760
5732
5714
5696
5685
5678
5676
5673
5659
5657
5652
5645
5640
5628
5621
5620
5612
5594
5580
5563
5551
5548
5545
5538
5519
5516
5512
5511
5497
5488
5477
5447
5438
5434
5421
5397
5389
5383
5361
5354
5349
5345
5342
5341
5334
5311
5305
5303
5288
5283
5265
5257
5238
5233
5218
5191
5177
5156
5149
5114
5089
5084
5075
5074
5073
5052
5042
5041
5039
5027
5025
4993
4990
4983
4976
4975
4952
4943
4925
4916
4898
4891
4885
4883
4867
4848
4825
4818
4808
4803
4784
4777
4771
4763
4758
4754
4723
4722
4716
4708
4707
4703
4683
4682
4676
4674
4672
4654
4630
4628
4620
4615
4614
4593
4592
4586
4585
4579
4569
4550
4538
4530
4522
4520
4516
4501
4485
4469
4468
4467
4458
4456
4455
4449
4428
4400
4377
4376
4329
4324
4320
4307
4305
4299
4296
4290
4248
4247
4239
4230
4223
4208
4196
4195
4194
4184
4144
4132
4126
4108
4076
4068
4067
4032
4023
4004
4000
3981
3979
3965
3960
3957
3955
3954
3950
3935
3904
3901
3889
3872
3864
3859
3857
3816
3808
3805
3803
3784
3775
3759
3748
3709
3704
3690
3683
3679
3676
3663
3652
3643
3642
3622
3608
3588
3559
3548
3544
3543
3528
3526
3521
3518
3509
3502
3481
3471
3470
3461
3452
3443
3437
3425
3424
3414
3378
3377
3373
3359
3350
3339
3333
3327
3325
3323
3311
3292
3288
3267
3256
3246
3244
3237
3235
3199
3190
3135
3125
3091
3079
3046
3044
3013
3011
3010
3007
3002
2999
2982
2944
2941
2931
2922
2913
2911
2910
2909
2902
2892
2890
2887
2882
2880
2873
2866
2861
2856
2843
2841
2828
2826
2822
2821
2817
2800
2787
2783
2777
2759
2758
2757
2756
2749
2745
2724
2722
2712
2708
2703
2700
2694
2672
2659
2654
2645
2644
2638
2633
2624
2618
2617
2610
2598
2591
2583
2575
2567
2546
2545
2538
2536
2535
2528
2516
2509
2504
2474
2443
2413
2410
2391
2383
2382
2374
2354
2346
2339
2310
2301
2289
2285
2275
2267
2264
2249
2248
2233
2227
2225
2209
2208
2203
2180
2178
2144
2140
2137
2134
2124
2109
2083
2072
2068
2062
2059
2058
2041
2039
2028
2021
2019
2013
1990
1986
1977
1976
1973
1961
1951
1938
1936
1932
1928
1925
1906
1901
1880
1867
1852
1844
1834
1832
1822
1760
1746
1740
1737
1721
1701
1691
1682
1676
1664
1653
1637
1612
1568
1563
1559
1557
1552
1534
1530
1525
1514
1513
1509
1507
1505
1475
1471
1463
1462
1441
1436
1426
1425
1424
1415
1403
1398
1366
1361
1358
1343
1328
1324
1319
1311
1301
1285
1284
1278
1273
1251
1244
1242
1236
1235
1227
1225
1207
1154
1153
1147
1135
1116
1107
1104
1102
1078
1074
1062
1042
1030
1020
1019
1014
1012
1002
999
995
982
980
958
917
905
892
889
884
876
848
832
811
799
794
790
787
785
784
777
775
774
766
738
732
731
713
710
699
697
682
663
641
633
631
613
612
610
600
592
587
566
551
549
544
533
520
515
497
495
482
476
468
458
456
442
433
396
378
376
374
372
332
329
317
313
311
309
259
254
247
241
236
214
212
191
182
178
168
141
135
120
99
86
79
71
60
59
35
19
6
5
k
