2858
8225
9937
771
1329
4251
8335
6560
8734
9391
4919
4575
8426
8296
9472
7462
8199
7648
9516
1190
6713
4556
161
9166
6072
2962
756
9326
1780
8032
1857
4060
5829
1568
4170
9077
1245
4354
5441
3599
1104
170
2105
1102
9739
2640
474
3106
8082
8143
1773
325
2815
8954
7257
6505
9400
9487
7556
881
7090
5174
3687
7534
3500
7304
2708
8878
6161
446
4824
8437
4071
6138
4310
5072
9048
8241
716
2038
821
9941
7717
7975
477
8485
4438
1106
8108
2652
5788
9448
8766
1325
1839
2132
3097
30
3723
9882
2582
8450
2492
2783
8710
2592
9783
4120
1430
9172
101
5671
5822
5167
5560
3203
1378
5979
8684
3945
7010
9182
6836
6209
8547
9297
5005
9662
499
904
5220
4675
3570
9375
5965
1933
6553
2711
4787
9599
2799
8032
7851
8122
89
8650
5637
5174
3175
9730
2401
6986
6599
8220
7014
4557
5817
1040
9104
6488
2149
5266
9579
698
9282
4690
574
7051
1322
4983
5348
7805
8813
4073
4429
4504
5299
6004
7462
8104
6214
1357
3515
8404
2341
3139
9867
3432
1326
250
1019
5901
3643
494
6241
9160
2207
8476
1366
8891
4222
4686
8910
5784
9496
8257
9019
6619
1261
1140
741
9685
3431
2292
8077
7919
5880
9091
987
1470
347
6780
529
3647
6439
3742
7676
4279
6338
3246
2135
3220
2871
8449
2285
2985
6881
3534
614
6327
6117
7144
810
7496
793
9024
7237
6811
1830
4129
9902
2013
1381
9814
9940
459
5596
3282
4495
398
7995
2067
7854
2108
3528
8455
8644
3907
453
8095
9988
6972
6625
3327
6315
7306
6704
5261
8372
9341
2603
9712
553
2104
3048
2134
2101
8459
6285
6302
8838
8232
2593
4142
3335
6826
8237
7528
9526
7807
8348
749
6389
2576
3653
2478
8894
993
8527
3007
9257
5128
6057
5232
4649
5466
2490
8171
1334
470
6478
5747
5461
3209
5145
1633
5019
4571
6660
5036
3498
2651
6369
653
4946
1578
9485
5306
1483
4829
1723
1881
6543
6627
9903
6446
2900
3328
6362
1307
1677
4106
8339
5970
4944
7414
3558
6612
299
879
8036
8203
1663
7924
9420
5235
7537
712
6109
8289
3282
7258
3907
2713
2586
6781
7379
2337
748
6427
1272
2869
875
3122
1044
8764
925
5875
4178
4948
1093
738
4787
9879
4407
2917
3142
2041
1201
1170
3508
4745
8463
6289
9658
3466
4920
6762
7215
5218
6055
1674
2155
6080
6415
6180
3028
7359
5296
1329
704
678
1688
9005
7664
7297
5323
1917
867
2215
835
4620
6418
1710
7829
2386
111
1430
8996
1214
5696
4408
7366
370
8676
7539
6225
4072
6273
4601
9522
3419
3951
4164
4616
1234
4243
8116
6734
4460
1216
6172
9569
1132
2275
6283
4381
6473
9140
7188
569
2106
2970
1544
7920
6498
1296
4558
1082
7724
5262
9515
682
2939
9068
5146
1753
6221
3751
749
9709
9524
944
3644
6665
2092
6856
4209
5491
5229
9012
285
6536
8373
5666
4869
712
3617
619
4962
7529
3294
7637
6146
8913
9717
3838
3711
3244
1756
7491
6689
1931
7864
5595
2333
7406
3513
5853
9945
7077
4032
7897
8649
6814
7292
2001
3297
6807
9477
1875
6671
5850
388
568
3135
6311
4640
7992
3739
4709
8613
5024
8309
3414
7599
9088
2458
3593
8626
5030
8410
7663
3514
5467
960
3467
3985
8282
1726
2680
2803
6083
7917
2764
9323
9089
1851
2476
1825
8482
9426
4836
7667
1144
4164
2412
9627
4520
438
2003
4490
4435
4469
1545
4540
2127
8146
4997
7125
1269
8380
7927
3657
7039
5170
9929
203
5146
4215
1848
2316
9692
4561
3311
1104
4620
2658
6288
7771
4344
7713
8261
4342
5028
180
1292
5857
7161
2401
7561
393
6845
3532
172
8602
1539
7408
2935
944
1457
540
4918
7496
626
5882
9647
131
124
8790
1052
5942
2041
8605
1862
4642
6471
9160
2478
5624
9395
6065
3275
4652
2579
2933
5079
5868
5930
1802
6259
7160
6889
8007
18
6679
4971
1394
6907
2484
4202
9655
2959
7543
9357
3952
9730
7480
3618
7472
4185
8504
5068
9182
1147
7557
169
2485
4593
9338
984
9317
8009
4003
7550
7581
9126
3
8741
7641
731
7454
751
8625
909
3845
4821
8772
4820
2615
3222
68
9897
4476
2654
4164
7530
2384
9947
8895
6974
851
7834
8352
8488
3691
1516
9263
1406
4589
3195
8831
6018
8904
6933
4517
2777
8027
4471
4753
7467
4950
209
3444
3630
7738
6997
9918
5625
6983
9961
2631
7126
7944
812
1938
1212
4195
2914
777
7414
8664
6324
2288
1936
1623
4909
1459
9623
9338
8698
9702
3681
3394
5466
61
3588
6849
8336
919
3015
1553
4158
4683
457
7076
1386
811
275
3458
9730
6216
7609
3044
4578
9924
5858
1435
8679
493
7991
8186
6753
7001
5975
8015
6827
512
8052
2527
5380
6363
9770
4183
8813
4532
3963
5688
6503
6283
9587
3543
4541
4593
1189
9781
2297
5150
4518
6388
5233
3380
5552
4103
2059
3702
6262
8908
6398
3085
9238
9797
390
524
3335
221
411
1676
251
3728
3771
9091
1474
9033
8289
5609
2160
5717
4888
7130
8990
3761
3881
4174
7652
5224
4233
7144
5727
3199
9799
3211
5725
5356
7710
7727
5605
3508
16
6810
9267
208
3094
7614
7073
3212
2024
8095
2873
7826
9022
9610
159
4276
8886
5015
7273
9744
3319
7446
5148
6194
7983
4568
3677
5173
9825
8456
5596
9988
6518
3804
4641
3583
8507
2783
5564
3429
6284
9710
9377
982
7132
998
9013
7895
802
3955
5798
2230
7330
4851
8013
4237
2660
5582
3230
3060
7530
3433
4089
4276
6857
849
9352
3848
8586
4037
5970
8228
949
6674
4881
2977
4735
4236
9332
1109
395
1781
6853
4057
4473
2524
4375
7877
2611
2675
878
8565
6861
5913
3303
4253
5699
7884
3205
7311
7841
3377
5176
3776
7515
2127
1862
6872
9674
5273
725
8316
end