7956
7923
7903
7885
7874
7843
7830
7784
7779
7777
7726
7676
7639
7622
7611
7604
7594
7585
7569
7567
7521
7501
7489
7463
7454
7448
7445
7419
7418
7415
7402
7400
7397
7335
7332
7309
7301
7300
7252
7238
7127
7104
7102
7078
7073
7060
7057
7035
7019
7018
7001
6997
6995
6922
6855
6835
6832
6817
6761
6686
6674
6620
6567
6550
6498
6469
6452
6449
6416
6413
6395
6355
6340
6336
6329
6307
6265
6232
6210
6195
6194
6193
6181
6176
6160
6126
6122
6059
6053
6028
5983
5972
5941
5932
5927
5856
5829
5826
5715
5711
5666
5665
5663
5636
5628
5613
5607
5588
5579
5565
5521
5481
5468
5466
5456
5407
5405
5379
5375
5350
5313
5293
5267
5259
5222
5201
5190
5116
5096
5082
5067
5058
5042
5035
5018
5017
5013
5001
4997
4986
4971
4933
4929
4909
4886
4859
4856
4853
4852
4807
4799
4795
4769
4765
4731
4729
4720
4696
4694
4672
4634
4599
4593
4587
4571
4558
4552
4541
4486
4484
4464
4433
4430
4396
4393
4391
4377
4335
4307
4291
4282
4263
4233
4219
4213
4210
4202
4164
4133
4121
4120
4102
4084
4079
4065
4042
4027
4005
3996
3881
3869
3862
3833
3790
3781
3777
3774
3727
3724
3692
3689
3684
3669
3651
3648
3641
3614
3613
3563
3556
3538
3532
3494
3488
3481
3458
3357
3344
3313
3264
3241
3205
3151
3135
3120
3104
3102
3078
3075
3070
3061
3043
2998
2987
2914
2900
2888
2869
2845
2829
2817
2769
2758
2713
2695
2643
2638
2629
2604
2598
2549
2515
2512
2497
2496
2456
2453
2409
2364
2311
2307
2204
2200
2182
2132
2122
2110
2106
2093
2074
2049
2047
1997
1966
1965
1938
1936
1923
1904
1887
1853
1834
1816
1787
1769
1763
1738
1727
1721
1720
1694
1646
1632
1627
1597
1585
1572
1571
1564
1541
1535
1511
1507
1491
1462
1453
1449
1438
1413
1411
1409
1403
1396
1336
1306
1282
1275
1269
1251
1246
1241
1225
1165
1164
1153
1151
1146
1141
1130
1113
1088
1066
1049
1030
1011
936
925
908
880
879
873
864
826
823
814
809
737
711
695
659
657
626
559
558
556
554
545
530
489
484
475
469
467
460
417
390
385
383
354
351
347
327
309
306
268
251
228
182
181
180
143
130
125
121
105
91
86
65
41
8
25
120
125
196
263
266
309
312
313
319
326
328
329
360
363
377
383
411
431
469
481
505
551
573
593
625
629
638
660
670
675
680
685
750
783
787
801
807
815
831
870
871
888
910
919
921
922
943
954
995
1030
1046
1058
1117
1203
1214
1227
1228
1261
1264
1286
1321
1346
1373
1392
1420
1436
1461
1474
1484
1530
1548
1587
1597
1602
1690
1725
1728
1745
1748
1771
1828
1907
1918
1943
1954
1957
1966
1980
1986
2021
2046
2060
2099
2119
2122
2133
2159
2165
2174
2180
2182
2190
2192
2200
2207
2210
2237
2277
2279
2288
2299
2352
2357
2380
2388
2537
2540
2566
2597
2645
2731
2764
2782
2783
2791
2796
2814
2825
2829
2835
2876
2881
2897
2943
2969
2976
2980
2992
3011
3091
3108
3119
3130
3137
3148
3155
3163
3233
3234
3266
3283
3345
3367
3372
3375
3391
3410
3483
3490
3503
3572
3575
3577
3615
3622
3653
3660
3698
3699
3705
3795
3831
3833
3840
3856
3896
3899
3912
3980
4003
4020
4038
4057
4070
4071
4074
4088
4093
4173
4216
4225
4263
4274
4276
4294
4311
4314
4319
4325
4347
4384
4392
4409
4421
4441
4449
4450
4456
4460
4465
4474
4492
4495
4531
4551
4553
4598
4609
4641
4684
4717
4731
4739
4753
4766
4788
4789
4816
4822
4823
4864
4866
4909
4910
4915
4923
4942
5005
5015
5037
5056
5096
5101
5104
5132
5173
5232
5242
5248
5262
5282
5301
5371
5376
5379
5386
5399
5403
5446
5450
5452
5455
5503
5527
5528
5552
5574
5580
5587
5593
5619
5623
5669
5680
5693
5716
5732
5734
5754
5775
5828
5899
5906
5911
5917
5918
5920
5982
5988
6019
6021
6024
6029
6053
6073
6081
6083
6097
6153
6169
6186
6214
6290
6293
6297
6364
6408
6419
6431
6447
6479
6492
6505
6555
6566
6578
6590
6601
6627
6628
6644
6660
6668
6679
6698
6700
6710
6721
6724
6726
6746
6755
6770
6774
6777
6779
6809
6873
6930
6932
6935
6936
6959
6977
6986
6996
6997
7004
7006
7017
7031
7037
7062
7082
7111
7151
7155
7163
7172
7188
7196
7240
7248
7259
7294
7302
7340
7346
7357
7375
7395
7410
7421
7451
7456
7541
7568
7586
7588
7597
7631
7647
7686
7732
7744
7757
7816
7828
7829
7835
7854
7856
7878
7896
7912
7920
7962
7976
7998
k
