39979
39918
39909
39907
39898
39895
39863
39807
39797
39721
39685
39674
39670
39667
39662
39657
39649
39632
39629
39618
39617
39591
39585
39577
39570
39544
39539
39518
39509
39469
39460
39452
39441
39439
39419
39408
39400
39392
39381
39320
39302
39284
39256
39249
39234
39180
39161
39118
39115
39053
39039
39026
39023
38991
38977
38966
38964
38961
38937
38898
38868
38850
38842
38808
38797
38796
38767
38743
38717
38715
38689
38688
38687
38681
38667
38656
38650
38620
38565
38521
38515
38513
38496
38493
38492
38491
38485
38483
38469
38464
38459
38424
38422
38406
38399
38381
38358
38339
38314
38291
38284
38282
38277
38260
38245
38227
38218
38212
38204
38184
38157
38130
38127
38125
38108
38087
38084
38075
38070
38060
38038
38033
37970
37967
37947
37924
37876
37869
37844
37830
37824
37820
37816
37800
37755
37726
37665
37621
37608
37596
37549
37539
37522
37509
37478
37460
37417
37415
37395
37377
37373
37368
37366
37321
37298
37276
37259
37219
37192
37167
37138
37129
37099
37069
37048
37038
37029
37002
36991
36983
36975
36948
36942
36934
36898
36880
36865
36814
36789
36775
36774
36759
36755
36709
36670
36629
36607
36581
36527
36523
36489
36485
36476
36470
36399
36396
36362
36356
36333
36332
36319
36313
36291
36281
36242
36239
36186
36135
36106
36084
36080
36077
36051
36004
35978
35942
35924
35864
35861
35857
35825
35823
35796
35772
35766
35750
35744
35710
35680
35657
35647
35643
35637
35630
35626
35610
35607
35565
35534
35497
35489
35427
35410
35383
35343
35332
35308
35305
35279
35237
35212
35205
35193
35184
35155
35093
35051
34996
34986
34973
34958
34915
34906
34905
34880
34806
34765
34704
34701
34686
34684
34683
34657
34645
34638
34618
34569
34557
34523
34473
34467
34456
34441
34397
34317
34290
34260
34255
34240
34234
34227
34221
34204
34197
34185
34160
34139
33988
33982
33978
33954
33946
33929
33927
33894
33871
33810
33808
33800
33768
33762
33755
33730
33724
33716
33686
33666
33663
33620
33594
33573
33570
33559
33532
33507
33496
33491
33490
33464
33461
33442
33438
33384
33371
33359
33341
33332
33319
33316
33310
33284
33280
33271
33243
33227
33133
33132
33129
33122
33115
33060
33029
33008
32993
32989
32961
32943
32894
32888
32801
32763
32750
32745
32733
32732
32653
32649
32627
32625
32622
32591
32555
32552
32529
32519
32493
32436
32429
32411
32318
32304
32295
32286
32285
32283
32263
32253
32207
32203
32202
32178
32170
32103
32087
32061
32052
32042
32013
32011
31997
31940
31920
31897
31887
31885
31847
31796
31790
31786
31753
31743
31717
31700
31695
31687
31656
31642
31636
31602
31550
31542
31529
31491
31484
31481
31466
31412
31398
31369
31304
31285
31269
31251
31242
31223
31204
31171
31143
31121
31066
31054
31045
31035
31032
31017
31007
30961
30957
30941
30896
30893
30882
30875
30852
30812
30805
30804
30766
30745
30734
30727
30715
30709
30681
30656
30629
30608
30594
30487
30468
30461
30437
30431
30413
30406
30396
30369
30358
30337
30327
30318
30288
30208
30159
30124
30099
30092
30072
30030
30008
29991
29964
29948
29937
29931
29929
29928
29850
29780
29670
29664
29658
29592
29576
29567
29565
29534
29499
29494
29453
29430
29427
29400
29388
29375
29372
29364
29346
29322
29314
29307
29253
29236
29205
29196
29176
29152
29144
29140
29134
29119
29115
29109
29093
29085
29073
29066
29064
29041
29037
29022
29020
28970
28960
28958
28922
28905
28892
28883
28872
28806
28802
28795
28777
28739
28733
28728
28720
28712
28699
28662
28614
28603
28597
28562
28549
28524
28513
28478
28468
28450
28446
28433
28420
28414
28341
28326
28281
28249
28224
28214
28206
28196
28194
28190
28157
28143
28123
28109
28084
28072
28066
28031
27980
27959
27951
27935
27921
27918
27861
27852
27837
27824
27817
27800
27783
27768
27666
27660
27639
27620
27619
27618
27607
27593
27575
27535
27519
27494
27457
27447
27418
27392
27381
27378
27362
27354
27316
27315
27295
27246
27243
27233
27181
27154
27147
27123
27119
27092
27085
27074
27050
27032
27020
27005
26999
26983
26959
26955
26923
26890
26880
26850
26840
26838
26826
26815
26792
26770
26762
26730
26712
26612
26596
26592
26586
26532
26524
26519
26508
26488
26454
26448
26436
26429
26403
26395
26381
26372
26354
26294
26286
26285
26284
26270
26237
26149
26140
26129
26106
26097
26090
26073
26024
26020
26015
25993
25991
25941
25925
25924
25894
25877
25874
25850
25834
25808
25802
25797
25784
25779
25761
25748
25711
25672
25626
25603
25602
25592
25555
25547
25539
25535
25512
25494
25473
25449
25441
25423
25405
25394
25371
25360
25336
25331
25311
25296
25294
25293
25278
25263
25253
25251
25205
25195
25189
25172
25157
25118
25099
25075
25060
25057
25049
25024
25010
24986
24985
24982
24978
24964
24956
24954
24952
24932
24873
24869
24863
24847
24828
24795
24776
24747
24742
24737
24728
24721
24683
24662
24647
24637
24627
24625
24621
24620
24608
24604
24569
24563
24517
24493
24483
24482
24433
24430
24396
24391
24381
24369
24358
24326
24321
24320
24316
24285
24260
24240
24220
24219
24182
24179
24159
24140
24134
24126
24117
24108
24086
24001
23999
23992
23981
23962
23945
23941
23931
23921
23907
23894
23892
23887
23852
23822
23819
23801
23781
23759
23753
23752
23706
23684
23677
23670
23667
23653
23614
23603
23566
23562
23548
23511
23504
23486
23469
23453
23448
23411
23323
23320
23316
23305
23297
23243
23207
23199
23156
23137
23120
23113
23102
23096
23088
23075
23053
23030
23026
23018
22976
22954
22951
22932
22921
22893
22878
22850
22849
22848
22836
22824
22811
22806
22787
22783
22758
22730
22671
22663
22640
22610
22606
22519
22429
22421
22406
22359
22357
22336
22307
22303
22294
22273
22225
22221
22201
22195
22191
22152
22123
22120
22110
22108
22103
22101
22096
22072
22049
22041
21965
21943
21938
21914
21884
21865
21782
21780
21767
21746
21742
21739
21680
21675
21671
21669
21637
21622
21546
21536
21493
21486
21444
21441
21432
21426
21393
21392
21301
21294
21275
21223
21144
21097
21092
21068
21027
21014
21001
20992
20989
20980
20979
20966
20918
20903
20868
20844
20837
20827
20824
20796
20780
20770
20742
20740
20673
20666
20662
20658
20657
20654
20621
20614
20604
20603
20576
20548
20508
20426
20394
20388
20342
20341
20306
20272
20233
20227
20226
20222
20204
20196
20190
20173
20157
20144
20139
20137
20112
20093
20080
20061
20057
20044
20001
19986
19972
19916
19893
19868
19837
19813
19807
19793
19753
19729
19717
19710
19689
19688
19685
19662
19649
19639
19572
19519
19501
19498
19480
19475
19473
19450
19435
19394
19379
19367
19346
19339
19322
19320
19309
19246
19187
19182
19152
19104
19098
19093
19035
19003
18998
18990
18982
18950
18857
18848
18842
18835
18833
18818
18766
18757
18739
18734
18652
18633
18613
18593
18541
18519
18518
18462
18440
18436
18425
18423
18399
18389
18375
18353
18346
18344
18318
18314
18307
18251
18244
18231
18224
18209
18159
18158
18154
18143
18128
18114
18110
18108
18081
18074
18070
18054
18015
18009
17978
17971
17929
17914
17903
17892
17872
17864
17856
17834
17801
17796
17757
17723
17702
17699
17679
17626
17600
17599
17598
17564
17535
17497
17472
17458
17456
17453
17431
17409
17379
17332
17260
17243
17211
17201
17197
17149
17122
17109
17075
17062
17061
17036
17029
17026
17015
16981
16970
16945
16942
16935
16928
16888
16879
16770
16718
16710
16709
16708
16687
16621
16614
16608
16595
16560
16552
16544
16520
16519
16517
16507
16496
16474
16445
16444
16442
16437
16435
16409
16399
16391
16359
16357
16328
16327
16312
16294
16293
16265
16259
16242
16237
16231
16196
16128
16118
16106
16078
16042
16033
15957
15925
15905
15893
15878
15855
15836
15830
15786
15775
15742
15718
15715
15690
15675
15674
15671
15653
15607
15599
15593
15578
15567
15521
15489
15487
15475
15473
15466
15411
15388
15375
15340
15337
15294
15289
15269
15195
15183
15167
15157
15151
15145
15115
15112
15094
15093
15088
15061
15032
15026
15016
15009
14984
14972
14961
14958
14951
14935
14925
14919
14892
14883
14870
14854
14839
14838
14804
14790
14789
14785
14784
14782
14749
14713
14688
14646
14643
14627
14609
14599
14595
14591
14570
14549
14548
14533
14524
14489
14452
14444
14441
14399
14362
14361
14359
14336
14316
14284
14282
14277
14258
14238
14213
14176
14170
14135
14124
14101
14073
14040
13991
13967
13952
13944
13899
13892
13888
13864
13818
13779
13711
13708
13690
13680
13653
13644
13634
13572
13569
13524
13508
13506
13491
13457
13439
13384
13370
13356
13343
13340
13311
13278
13214
13202
13184
13177
13171
13169
13156
13150
13128
13121
13115
13102
13058
13003
12974
12966
12912
12908
12878
12854
12826
12815
12764
12758
12751
12734
12717
12716
12698
12691
12684
12616
12609
12595
12573
12548
12533
12490
12469
12437
12432
12378
12313
12282
12243
12240
12231
12213
12203
12171
12159
12138
12132
12112
12110
12090
12077
12072
12054
12027
12019
12016
11972
11957
11943
11942
11910
11837
11826
11807
11792
11770
11734
11716
11699
11627
11615
11598
11597
11584
11551
11522
11516
11514
11505
11479
11462
11461
11354
11336
11289
11282
11276
11275
11259
11256
11199
11188
11171
11167
11149
11148
11125
11100
11088
11079
11056
11032
11012
11006
11004
11000
10980
10939
10929
10923
10919
10890
10880
10861
10829
10792
10781
10750
10729
10701
10699
10682
10680
10621
10600
10595
10551
10547
10518
10496
10492
10461
10455
10404
10399
10393
10361
10337
10316
10287
10276
10235
10194
10168
10161
10137
10124
10117
10093
10040
10030
9994
9967
9955
9937
9874
9870
9850
9826
9790
9786
9773
9759
9752
9742
9718
9716
9673
9649
9646
9590
9588
9587
9538
9520
9516
9502
9477
9470
9469
9459
9455
9413
9403
9355
9341
9329
9273
9266
9261
9203
9196
9191
9162
9152
9141
9117
9096
9089
9037
9019
9003
8970
8952
8932
8924
8917
8916
8913
8897
8880
8858
8844
8800
8722
8718
8713
8706
8691
8687
8686
8650
8634
8620
8590
8583
8552
8535
8522
8515
8465
8457
8441
8391
8356
8348
8344
8332
8324
8322
8320
8299
8289
8258
8247
8141
8115
8112
8064
8050
8031
7992
7935
7898
7815
7800
7788
7766
7755
7737
7725
7720
7704
7702
7673
7657
7650
7596
7582
7554
7541
7537
7533
7526
7467
7432
7411
7328
7222
7161
7137
7136
7123
7116
7114
7095
7081
7065
7012
7007
6934
6914
6897
6873
6868
6848
6837
6800
6780
6698
6693
6666
6650
6615
6614
6610
6585
6567
6537
6523
6499
6457
6408
6399
6391
6373
6366
6356
6338
6318
6301
6298
6265
6255
6248
6238
6223
6209
6169
6150
6106
6085
6075
6061
6056
6013
5991
5957
5946
5926
5863
5858
5840
5832
5815
5813
5785
5774
5742
5729
5707
5607
5594
5532
5477
5467
5406
5387
5386
5383
5380
5356
5303
5300
5295
5261
5260
5253
5238
5224
5204
5193
5187
5180
5176
5151
5137
5131
5123
5098
5038
5036
5030
5008
4984
4959
4943
4932
4931
4875
4853
4839
4835
4825
4820
4810
4782
4768
4765
4753
4750
4729
4727
4692
4681
4649
4636
4635
4625
4621
4609
4558
4516
4502
4495
4456
4448
4431
4428
4417
4398
4322
4291
4286
4282
4272
4261
4255
4244
4243
4237
4226
4220
4214
4182
4159
4149
4134
4099
4088
4073
4054
4022
4012
4008
3980
3964
3950
3921
3898
3882
3852
3809
3687
3680
3658
3613
3575
3559
3535
3529
3477
3471
3462
3437
3417
3365
3364
3304
3282
3262
3203
3189
3187
3183
3158
3154
3141
3124
3116
3101
3091
3070
3057
3053
3047
3014
2970
2907
2896
2891
2861
2807
2800
2776
2767
2759
2734
2712
2686
2631
2615
2577
2509
2491
2477
2474
2449
2414
2385
2372
2371
2345
2344
2334
2303
2297
2285
2282
2248
2223
2212
2209
2168
2162
2131
2128
2079
2059
2026
2019
2018
1995
1980
1965
1943
1924
1896
1870
1866
1838
1837
1806
1797
1796
1785
1770
1764
1655
1642
1639
1582
1569
1549
1533
1530
1504
1496
1397
1376
1363
1341
1287
1244
1238
1235
1195
1193
1191
1186
1185
1178
1167
1139
1135
1119
1115
1102
1069
1059
1041
1035
1020
1016
1010
1009
1007
1005
974
969
957
948
934
909
875
851
848
847
840
741
739
652
602
592
584
548
543
506
461
458
430
415
401
389
388
375
371
367
337
332
324
305
214
211
179
129
128
90
81
25
31
34
38
45
79
95
198
204
205
213
236
291
292
308
324
358
363
374
397
427
430
487
491
492
494
545
559
564
647
669
690
703
742
749
752
781
791
846
869
918
942
1010
1065
1074
1098
1108
1143
1147
1207
1209
1240
1265
1308
1311
1373
1433
1459
1460
1519
1520
1530
1555
1598
1611
1645
1664
1669
1673
1680
1687
1718
1733
1760
1775
1779
1784
1794
1810
1823
1850
1862
1863
1907
1916
1917
1933
1948
1978
2030
2039
2052
2098
2105
2114
2134
2151
2156
2167
2174
2213
2266
2274
2279
2291
2316
2319
2375
2405
2410
2421
2436
2441
2451
2470
2479
2491
2497
2519
2534
2585
2619
2658
2660
2666
2676
2697
2711
2713
2719
2722
2756
2779
2781
2806
2820
2830
2838
2861
2891
2931
2941
2948
2962
2964
3070
3071
3094
3199
3205
3219
3259
3304
3309
3336
3349
3372
3404
3409
3475
3485
3535
3536
3548
3555
3571
3644
3647
3739
3752
3771
3805
3807
3822
3842
3868
3888
3905
3909
3916
3935
3979
3988
3994
4032
4124
4171
4227
4274
4290
4319
4339
4349
4352
4372
4385
4465
4502
4518
4524
4540
4549
4576
4582
4654
4666
4699
4708
4734
4778
4783
4811
4860
4870
4919
4925
4931
4934
4935
4939
4960
4983
5015
5018
5095
5109
5135
5137
5159
5174
5233
5247
5280
5311
5312
5319
5326
5331
5333
5385
5399
5402
5404
5420
5422
5424
5449
5453
5456
5465
5518
5564
5570
5587
5642
5658
5680
5695
5730
5803
5806
5812
5820
5831
5835
5870
5883
5892
5918
5944
5959
5964
5975
6011
6040
6052
6073
6080
6095
6128
6133
6143
6144
6148
6152
6177
6200
6216
6281
6317
6327
6339
6348
6415
6438
6439
6453
6455
6472
6484
6487
6495
6504
6541
6564
6569
6585
6587
6664
6719
6789
6802
6809
6885
6898
6901
6952
7009
7023
7024
7032
7044
7061
7074
7078
7138
7150
7160
7162
7165
7179
7181
7188
7197
7270
7302
7328
7334
7338
7342
7356
7371
7417
7423
7452
7461
7484
7511
7522
7527
7561
7582
7633
7639
7692
7711
7722
7772
7776
7780
7786
7875
7940
7945
7950
7983
8000
8008
8011
8015
8025
8041
8053
8065
8071
8113
8126
8136
8143
8179
8211
8215
8254
8275
8290
8300
8305
8357
8403
8410
8436
8468
8470
8539
8545
8563
8580
8595
8604
8609
8611
8652
8710
8721
8737
8766
8782
8804
8846
8856
8891
8899
8909
8932
8939
8946
9033
9050
9086
9106
9107
9139
9140
9173
9196
9208
9271
9305
9316
9328
9329
9341
9349
9359
9396
9407
9414
9425
9444
9466
9476
9534
9541
9555
9595
9607
9621
9628
9650
9666
9680
9684
9713
9715
9729
9733
9776
9785
9802
9812
9844
9868
9875
9907
9932
9978
9988
10075
10079
10084
10096
10107
10175
10226
10240
10243
10306
10311
10314
10315
10328
10337
10352
10375
10404
10406
10475
10491
10505
10518
10523
10538
10541
10563
10565
10609
10617
10619
10677
10702
10719
10723
10753
10769
10770
10782
10827
10846
10901
10914
10932
10937
10948
10953
10957
10970
10976
10986
11055
11075
11135
11138
11187
11204
11213
11286
11315
11337
11340
11352
11358
11377
11379
11408
11429
11473
11552
11553
11567
11606
11626
11636
11640
11656
11657
11681
11682
11748
11752
11783
11884
11907
11908
11911
11922
11925
11939
11943
11950
11987
12022
12039
12073
12076
12085
12122
12130
12143
12160
12198
12213
12251
12293
12315
12330
12400
12468
12474
12483
12495
12524
12527
12529
12543
12568
12586
12591
12592
12602
12635
12677
12681
12734
12771
12779
12789
12800
12811
12828
12960
12987
13009
13027
13030
13056
13058
13066
13115
13136
13147
13162
13167
13198
13237
13267
13365
13378
13392
13418
13431
13442
13485
13490
13507
13545
13554
13573
13591
13603
13609
13617
13619
13623
13627
13712
13742
13810
13828
13846
13854
13878
13883
13893
13902
13909
13918
13932
13970
14035
14049
14137
14199
14240
14242
14261
14278
14309
14332
14396
14445
14459
14464
14472
14478
14479
14484
14485
14492
14501
14539
14547
14592
14597
14608
14625
14636
14640
14650
14659
14688
14696
14712
14715
14719
14742
14754
14782
14796
14803
14824
14847
14873
14911
14944
14994
15022
15023
15037
15067
15080
15088
15093
15108
15110
15133
15172
15174
15188
15252
15266
15268
15272
15288
15322
15362
15370
15387
15406
15436
15509
15539
15573
15584
15616
15697
15723
15802
15832
15834
15859
15869
15884
15893
15924
15940
16014
16015
16018
16039
16089
16094
16108
16148
16163
16165
16180
16194
16207
16212
16213
16222
16250
16268
16282
16310
16323
16332
16362
16377
16381
16392
16399
16418
16420
16431
16434
16441
16452
16482
16489
16496
16497
16506
16515
16562
16588
16629
16638
16700
16753
16756
16767
16781
16782
16793
16794
16842
16854
16856
16857
16867
16911
16922
16938
16941
16951
16971
17025
17049
17064
17066
17072
17146
17185
17210
17223
17232
17241
17299
17301
17319
17336
17357
17376
17431
17435
17440
17447
17478
17495
17538
17539
17548
17564
17586
17591
17593
17621
17651
17652
17661
17669
17684
17698
17709
17734
17751
17770
17785
17805
17809
17814
17848
17854
17859
17868
17909
17919
17921
17939
17969
17974
18002
18030
18038
18057
18070
18111
18135
18149
18154
18188
18206
18217
18227
18235
18248
18278
18280
18288
18301
18312
18325
18378
18407
18409
18416
18425
18426
18455
18458
18508
18525
18543
18565
18580
18589
18614
18615
18647
18648
18660
18667
18706
18742
18747
18817
18848
18864
18865
18873
18890
18947
18963
19004
19022
19062
19064
19102
19104
19116
19132
19141
19148
19161
19213
19249
19288
19343
19355
19357
19362
19382
19419
19494
19506
19525
19527
19555
19558
19559
19566
19573
19635
19657
19706
19763
19805
19836
19850
19861
19866
19867
19868
19876
19927
19949
20069
20092
20094
20127
20148
20167
20174
20228
20233
20281
20300
20346
20379
20384
20444
20488
20494
20496
20535
20565
20585
20648
20669
20726
20727
20732
20799
20810
20843
20892
20894
20899
20943
20960
20972
20982
20996
21027
21043
21063
21105
21183
21188
21196
21231
21251
21257
21279
21313
21317
21342
21346
21351
21358
21392
21412
21437
21449
21458
21461
21466
21470
21501
21508
21511
21516
21529
21549
21570
21616
21635
21647
21676
21681
21687
21691
21696
21710
21742
21758
21777
21780
21788
21793
21796
21809
21831
21867
21868
21919
21928
21935
21943
21963
21970
21983
22009
22010
22051
22089
22092
22183
22187
22207
22217
22276
22299
22324
22332
22333
22353
22369
22412
22422
22440
22443
22449
22454
22477
22483
22518
22541
22551
22554
22577
22611
22629
22670
22681
22686
22690
22696
22744
22782
22784
22788
22810
22817
22862
22875
22883
22905
22914
22915
22940
22992
23051
23061
23113
23135
23174
23179
23181
23185
23198
23203
23266
23269
23271
23276
23299
23305
23350
23381
23388
23409
23413
23418
23430
23458
23471
23475
23477
23494
23505
23556
23566
23567
23587
23592
23606
23610
23636
23644
23650
23666
23714
23719
23739
23753
23770
23775
23804
23808
23812
23813
23861
23879
23891
23894
23900
23916
23958
23959
23982
23998
24008
24019
24034
24067
24080
24095
24109
24122
24127
24130
24205
24207
24218
24228
24237
24238
24285
24300
24304
24327
24352
24361
24373
24387
24397
24400
24418
24430
24454
24485
24493
24527
24543
24544
24552
24555
24557
24562
24594
24642
24665
24679
24723
24769
24794
24805
24826
24828
24829
24874
24923
24930
24933
24937
24957
24959
25001
25036
25048
25049
25112
25136
25150
25176
25183
25192
25208
25221
25242
25260
25275
25299
25336
25352
25386
25414
25457
25496
25500
25504
25548
25563
25584
25604
25658
25672
25675
25698
25710
25741
25755
25779
25793
25809
25830
25833
25859
25864
25866
25877
25896
25913
25959
25960
25991
26005
26059
26073
26100
26118
26119
26167
26178
26199
26218
26233
26268
26288
26322
26339
26345
26360
26362
26367
26373
26380
26392
26401
26411
26429
26439
26440
26461
26547
26554
26578
26583
26598
26601
26608
26626
26653
26654
26694
26727
26812
26832
26839
26847
26865
26870
26888
26899
26906
27007
27051
27054
27062
27109
27112
27221
27244
27255
27270
27273
27281
27283
27305
27335
27353
27389
27412
27416
27425
27432
27438
27446
27453
27462
27517
27533
27534
27550
27558
27560
27563
27569
27581
27620
27623
27654
27725
27733
27760
27772
27812
27872
27880
27882
27884
27885
27912
27925
27957
27961
27968
27977
28041
28085
28087
28103
28152
28201
28204
28275
28288
28332
28355
28359
28361
28366
28372
28381
28383
28391
28405
28408
28449
28495
28502
28524
28546
28677
28692
28725
28761
28773
28819
28841
28870
28873
28923
28950
28953
28959
28964
28977
28981
28995
29002
29044
29063
29067
29115
29157
29174
29222
29235
29238
29341
29367
29368
29369
29391
29404
29413
29422
29441
29448
29460
29469
29476
29530
29558
29577
29606
29650
29663
29710
29729
29734
29740
29761
29800
29876
29896
29902
29910
29921
29928
29950
29967
29972
29984
30020
30025
30037
30046
30064
30069
30089
30094
30097
30101
30103
30142
30157
30172
30223
30232
30234
30268
30300
30331
30341
30344
30348
30349
30371
30374
30380
30384
30398
30441
30468
30493
30496
30552
30556
30564
30580
30601
30651
30653
30662
30692
30731
30733
30741
30770
30800
30811
30816
30839
30865
30883
30944
31010
31029
31041
31047
31065
31147
31163
31166
31170
31174
31189
31235
31236
31249
31265
31307
31331
31365
31373
31376
31386
31403
31425
31436
31470
31502
31513
31520
31546
31593
31627
31649
31654
31699
31716
31738
31742
31743
31753
31795
31800
31802
31838
31871
31885
31930
31935
31942
31960
31980
32021
32043
32080
32106
32151
32157
32165
32172
32197
32206
32214
32225
32226
32228
32257
32262
32269
32281
32288
32302
32310
32337
32357
32368
32369
32384
32416
32428
32461
32506
32543
32548
32580
32612
32628
32632
32643
32665
32685
32693
32707
32716
32727
32753
32782
32800
32817
32841
32879
32880
32884
32885
32901
32909
32910
32915
32928
32935
32996
33003
33031
33039
33041
33080
33124
33144
33145
33156
33171
33176
33178
33179
33183
33199
33243
33258
33263
33270
33276
33312
33327
33328
33338
33343
33348
33365
33371
33380
33403
33408
33441
33499
33502
33522
33527
33546
33552
33565
33590
33602
33611
33617
33625
33634
33651
33669
33713
33738
33756
33764
33781
33784
33797
33915
33943
33953
33962
33966
33974
33985
34006
34008
34020
34027
34040
34052
34055
34075
34090
34099
34117
34118
34140
34145
34158
34176
34239
34245
34257
34274
34296
34309
34314
34326
34331
34357
34360
34403
34417
34418
34419
34466
34479
34545
34575
34579
34633
34642
34664
34694
34698
34709
34714
34720
34762
34767
34774
34816
34818
34832
34863
34905
34924
34947
34985
34997
35006
35032
35057
35061
35077
35092
35121
35178
35182
35191
35196
35203
35208
35213
35225
35229
35237
35269
35308
35317
35326
35330
35356
35357
35376
35415
35476
35478
35497
35513
35569
35575
35614
35621
35623
35631
35641
35677
35761
35762
35772
35777
35801
35821
35822
35848
35858
35894
35913
35914
35954
35973
35979
35999
36006
36037
36047
36053
36060
36064
36079
36086
36116
36146
36155
36164
36192
36203
36210
36236
36244
36247
36253
36263
36289
36294
36310
36314
36323
36337
36385
36397
36451
36459
36473
36478
36501
36504
36582
36592
36619
36628
36630
36634
36642
36672
36686
36687
36698
36711
36712
36720
36734
36740
36745
36790
36836
36839
36841
36843
36868
36897
36911
36921
36960
36977
36985
37023
37034
37082
37085
37131
37133
37178
37179
37188
37235
37238
37244
37263
37276
37293
37295
37333
37335
37341
37347
37358
37360
37388
37399
37436
37438
37466
37531
37547
37598
37601
37617
37618
37645
37655
37669
37684
37698
37701
37732
37754
37783
37815
37828
37857
37885
37931
37938
37963
37969
37970
37982
38000
38003
38070
38076
38082
38137
38142
38146
38159
38163
38166
38177
38178
38204
38212
38271
38343
38353
38373
38394
38403
38406
38418
38433
38461
38473
38481
38484
38507
38593
38646
38654
38681
38687
38724
38732
38739
38784
38819
38838
38878
38880
38889
38897
38987
39004
39028
39030
39042
39052
39085
39106
39155
39164
39173
39175
39186
39214
39237
39241
39259
39288
39298
39333
39382
39422
39426
39460
39508
39540
39561
39580
39590
39591
39611
39631
39652
39676
39684
39700
39701
39707
39719
39726
39746
39750
39751
39765
39770
39777
39797
39805
39807
39820
39825
39832
39838
39840
39859
39876
39961
39966
39989
39993
39995
k
