9992
9964
9951
9918
9904
9900
9898
9882
9807
9788
9777
9774
9760
9719
9691
9630
9621
9610
9609
9584
9577
9573
9567
9522
9518
9481
9477
9445
9429
9402
9396
9346
9328
9265
9247
9241
9237
9235
9213
9122
9118
9116
9105
9102
9083
9072
9057
9040
8987
8985
8983
8972
8890
8888
8883
8879
8873
8866
8862
8849
8823
8814
8813
8789
8778
8776
8775
8756
8755
8723
8696
8693
8666
8643
8597
8596
8594
8541
8533
8482
8444
8437
8433
8424
8402
8373
8356
8321
8299
8293
8291
8277
8265
8255
8226
8153
8142
8097
8092
8091
8074
8057
8037
8013
7970
7958
7956
7932
7906
7885
7879
7873
7853
7848
7842
7790
7745
7741
7738
7735
7720
7646
7630
7628
7612
7611
7598
7592
7583
7579
7566
7538
7534
7530
7505
7493
7480
7458
7359
7358
7283
7256
7251
7248
7225
7219
7180
7171
7166
7157
7110
7107
7103
7078
7049
7047
7023
6991
6980
6974
6958
6949
6943
6930
6927
6881
6835
6805
6747
6745
6744
6742
6719
6717
6712
6700
6682
6674
6663
6624
6617
6570
6550
6542
6530
6518
6480
6471
6445
6436
6392
6370
6352
6299
6275
6259
6252
6205
6204
6172
6164
6134
6131
6111
6095
6084
6025
6004
5994
5975
5963
5938
5923
5885
5861
5843
5822
5817
5797
5795
5731
5723
5644
5630
5587
5579
5543
5541
5527
5485
5480
5472
5470
5450
5448
5417
5410
5397
5362
5275
5245
5239
5204
5194
5172
5157
5129
5116
5066
5062
5056
5049
5021
4990
4984
4926
4920
4883
4856
4827
4825
4806
4801
4793
4761
4717
4696
4683
4670
4644
4640
4629
4604
4594
4583
4569
4556
4524
4489
4426
4371
4347
4281
4256
4242
4176
4151
4085
4084
4074
4023
3977
3972
3958
3927
3895
3870
3838
3798
3795
3777
3774
3705
3662
3647
3645
3644
3609
3605
3599
3583
3556
3542
3522
3484
3471
3456
3439
3438
3433
3403
3366
3345
3342
3327
3288
3285
3233
3219
3200
3199
3173
3171
3167
3146
3133
3113
3093
3091
3088
3056
3009
2996
2978
2971
2940
2934
2912
2895
2875
2852
2842
2836
2823
2781
2770
2767
2709
2692
2652
2650
2641
2640
2635
2600
2597
2543
2533
2515
2483
2449
2435
2434
2425
2415
2378
2358
2346
2342
2339
2332
2326
2323
2319
2308
2254
2219
2212
2185
2181
2089
2084
2042
1993
1987
1957
1945
1942
1913
1883
1867
1866
1856
1843
1826
1794
1793
1769
1752
1749
1744
1727
1716
1696
1667
1611
1552
1509
1488
1486
1478
1476
1465
1446
1425
1423
1314
1302
1295
1290
1232
1215
1183
1182
1162
1154
1130
1126
1086
1081
1063
1061
995
923
901
864
863
841
799
767
742
730
657
653
630
624
603
599
588
563
548
541
475
452
451
446
445
435
416
415
408
405
399
395
390
385
384
382
373
372
333
282
272
268
247
236
233
219
218
186
181
178
119
96
82
36
32
30
27
25
1
2
6
11
16
30
40
49
102
115
124
138
156
207
208
229
235
263
298
316
333
340
360
373
410
411
441
460
511
519
529
530
541
559
570
583
591
597
600
702
743
756
765
801
816
820
864
946
989
1087
1117
1146
1153
1178
1191
1197
1277
1282
1298
1343
1348
1374
1387
1457
1475
1482
1489
1526
1528
1536
1562
1563
1592
1598
1629
1654
1722
1727
1729
1732
1767
1774
1789
1790
1808
1826
1832
1858
1930
1956
1962
1964
1969
1976
1977
1979
2035
2052
2060
2075
2121
2143
2146
2179
2192
2206
2211
2219
2232
2255
2290
2293
2295
2319
2321
2323
2362
2386
2404
2417
2430
2449
2455
2459
2467
2482
2508
2526
2548
2550
2557
2560
2605
2607
2665
2672
2702
2719
2731
2735
2743
2745
2755
2809
2843
2897
2900
2916
2966
3036
3046
3050
3099
3105
3175
3210
3258
3321
3342
3344
3347
3421
3438
3445
3481
3509
3518
3519
3551
3571
3575
3583
3615
3650
3654
3662
3718
3772
3773
3841
3842
3849
3853
3883
3888
3903
3905
3935
3968
3986
3994
4029
4048
4067
4070
4131
4132
4161
4211
4219
4242
4284
4299
4303
4334
4341
4343
4412
4461
4467
4509
4510
4521
4542
4558
4593
4615
4619
4624
4673
4680
4686
4688
4714
4751
4752
4772
4793
4840
4848
4875
4888
4892
4960
4984
4991
5000
5031
5033
5069
5072
5097
5105
5118
5149
5155
5192
5200
5210
5214
5222
5232
5237
5266
5276
5300
5314
5317
5334
5348
5362
5385
5458
5471
5494
5532
5543
5591
5601
5603
5634
5667
5678
5698
5702
5717
5762
5779
5789
5804
5829
5834
5835
5843
5892
5899
5909
5923
5929
6042
6066
6092
6098
6139
6161
6171
6193
6211
6246
6257
6266
6279
6281
6297
6308
6323
6369
6375
6377
6388
6411
6418
6448
6449
6478
6480
6506
6535
6554
6567
6576
6609
6652
6671
6696
6697
6702
6720
6721
6722
6734
6760
6765
6786
6791
6819
6850
6854
6858
6878
6879
6892
6964
6970
6982
6987
6991
7003
7007
7027
7071
7107
7134
7140
7157
7162
7180
7189
7207
7220
7228
7240
7242
7248
7253
7254
7269
7278
7295
7360
7397
7424
7442
7457
7473
7490
7524
7554
7585
7593
7599
7604
7612
7627
7629
7655
7748
7784
7825
7845
7855
7859
7924
7944
7950
7967
7978
7989
8000
8004
8052
8103
8105
8106
8131
8144
8156
8187
8204
8212
8214
8217
8221
8228
8253
8266
8296
8308
8316
8337
8340
8352
8399
8419
8442
8443
8470
8483
8488
8508
8533
8575
8581
8594
8600
8613
8638
8654
8661
8700
8767
8786
8792
8806
8835
8840
8871
8884
8908
8915
8932
8933
8966
8979
8992
8993
9017
9023
9035
9039
9079
9090
9096
9113
9120
9152
9172
9178
9216
9233
9259
9280
9306
9327
9358
9364
9394
9419
9479
9487
9564
9575
9619
9630
9639
9677
9709
9772
9783
9791
9831
9863
9867
9873
9875
9881
9889
9902
9931
9953
k
