99998
99958
99930
99874
99865
99858
99828
99821
99812
99775
99750
99738
99701
99698
99696
99678
99667
99641
99638
99637
99601
99584
99562
99541
99528
99492
99457
99452
99423
99366
99348
99342
99335
99308
99270
99232
99195
99193
99178
99164
99124
99109
99103
99085
99071
99057
99044
99033
99019
99015
98951
98925
98884
98875
98864
98843
98842
98840
98813
98799
98755
98671
98657
98608
98600
98542
98539
98537
98483
98478
98477
98447
98446
98434
98415
98402
98390
98364
98328
98318
98286
98282
98261
98234
98218
98215
98202
98189
98138
98133
98108
98102
98049
98025
98017
97993
97930
97914
97908
97892
97885
97873
97869
97866
97852
97848
97840
97834
97833
97756
97729
97714
97687
97682
97677
97668
97665
97664
97647
97644
97638
97615
97609
97605
97592
97583
97520
97492
97457
97454
97447
97393
97384
97279
97270
97262
97255
97204
97192
97151
97140
97129
97115
97045
97039
97030
97026
97020
96989
96976
96969
96966
96962
96936
96922
96874
96863
96861
96858
96828
96826
96807
96805
96794
96783
96758
96757
96745
96744
96740
96725
96711
96701
96700
96663
96659
96652
96619
96608
96590
96549
96524
96495
96485
96470
96453
96442
96436
96424
96397
96344
96318
96315
96298
96288
96246
96204
96159
96157
96108
96097
96091
96078
96063
95954
95923
95882
95864
95844
95840
95776
95765
95742
95736
95722
95703
95690
95684
95654
95645
95642
95633
95627
95590
95584
95570
95568
95522
95506
95443
95413
95399
95396
95371
95364
95355
95335
95334
95281
95253
95247
95243
95217
95212
95171
95152
95141
95129
95064
95047
95015
95002
94988
94986
94969
94948
94934
94933
94915
94893
94888
94865
94864
94772
94751
94741
94733
94732
94709
94708
94703
94697
94694
94689
94642
94638
94631
94533
94524
94510
94505
94472
94456
94428
94423
94363
94353
94347
94345
94344
94318
94261
94214
94191
94187
94183
94179
94175
94153
94134
94119
94105
94102
94096
94065
94054
94045
94023
94003
93999
93995
93979
93968
93953
93949
93944
93927
93861
93857
93856
93802
93796
93783
93778
93761
93741
93727
93726
93723
93697
93662
93632
93610
93604
93591
93563
93546
93525
93455
93434
93422
93378
93312
93310
93307
93281
93257
93221
93207
93193
93157
93156
93134
93131
93102
93097
93083
93077
93014
92990
92988
92972
92927
92918
92916
92898
92889
92887
92881
92879
92877
92871
92870
92863
92851
92805
92801
92765
92744
92734
92708
92698
92689
92674
92670
92667
92651
92643
92633
92624
92609
92597
92593
92574
92543
92489
92485
92479
92478
92466
92448
92344
92286
92282
92274
92240
92234
92223
92189
92155
92148
92103
92081
92050
92026
92014
92010
91990
91982
91940
91937
91934
91914
91888
91884
91844
91832
91821
91818
91797
91769
91765
91745
91736
91712
91668
91617
91584
91562
91550
91547
91541
91480
91431
91399
91389
91376
91363
91361
91347
91325
91304
91300
91287
91231
91226
91223
91219
91210
91202
91196
91189
91167
91156
91144
91142
91134
91132
91122
91121
91115
91109
91089
91083
91076
91075
91035
91018
91013
91012
91010
91007
90976
90945
90940
90935
90871
90860
90855
90825
90801
90782
90723
90707
90684
90668
90666
90664
90642
90532
90519
90516
90473
90464
90414
90382
90357
90342
90330
90317
90314
90310
90304
90260
90230
90227
90198
90175
90171
90163
90136
90109
89984
89968
89966
89927
89865
89858
89842
89793
89786
89724
89716
89715
89705
89684
89626
89625
89610
89598
89596
89568
89533
89501
89463
89458
89453
89450
89324
89303
89301
89290
89289
89257
89186
89185
89182
89157
89118
89109
89023
88952
88942
88904
88900
88893
88892
88878
88877
88841
88827
88822
88782
88756
88740
88715
88682
88679
88675
88648
88608
88565
88550
88515
88508
88492
88447
88416
88383
88382
88322
88298
88285
88248
88205
88202
88163
88157
88150
88144
88136
88128
88088
88086
88065
88020
87999
87991
87965
87959
87946
87935
87928
87901
87881
87860
87831
87796
87738
87735
87724
87710
87668
87599
87573
87534
87516
87497
87481
87449
87439
87437
87431
87427
87417
87407
87380
87351
87343
87319
87242
87239
87236
87129
87128
87120
87099
87068
87058
87033
87021
86989
86958
86954
86923
86914
86911
86905
86841
86816
86812
86796
86788
86778
86769
86762
86753
86729
86710
86704
86701
86691
86685
86679
86665
86659
86636
86626
86605
86556
86553
86522
86513
86440
86439
86384
86377
86357
86287
86265
86253
86244
86234
86214
86197
86195
86186
86179
86135
86120
86092
86085
86072
86057
86030
86014
86010
85975
85971
85948
85942
85926
85902
85873
85772
85760
85702
85695
85685
85647
85598
85593
85585
85583
85564
85545
85534
85521
85516
85481
85471
85433
85409
85384
85381
85380
85361
85321
85284
85249
85245
85231
85221
85214
85212
85206
85181
85172
85171
85155
85151
85124
85093
85072
85050
85031
85010
84983
84947
84916
84912
84882
84879
84855
84799
84794
84791
84784
84755
84732
84728
84715
84711
84686
84676
84667
84661
84660
84650
84635
84629
84611
84484
84420
84403
84376
84343
84215
84205
84194
84188
84170
84139
84119
84096
84079
84058
84040
84015
84013
83996
83977
83883
83879
83869
83844
83816
83788
83760
83758
83724
83683
83669
83665
83596
83561
83555
83519
83442
83439
83438
83420
83397
83383
83346
83343
83303
83290
83258
83256
83241
83238
83232
83194
83193
83161
83089
83084
83078
83041
83021
83019
83002
82980
82966
82959
82877
82866
82811
82786
82776
82725
82702
82683
82681
82667
82624
82609
82595
82584
82561
82553
82539
82482
82478
82470
82460
82458
82430
82422
82397
82366
82362
82351
82346
82341
82310
82302
82274
82267
82244
82210
82205
82199
82181
82169
82167
82157
82125
82113
82109
82108
82104
82060
82048
82038
81988
81954
81911
81899
81795
81782
81711
81697
81686
81680
81662
81608
81603
81573
81565
81560
81431
81418
81388
81355
81334
81331
81309
81308
81303
81285
81245
81242
81219
81205
81196
81153
81113
81098
81092
81090
81062
81053
81044
81009
80987
80963
80941
80936
80914
80899
80830
80829
80821
80761
80760
80759
80740
80731
80729
80714
80711
80701
80697
80687
80674
80662
80655
80648
80638
80598
80561
80553
80512
80510
80488
80472
80468
80465
80436
80419
80386
80366
80363
80296
80250
80239
80209
80208
80202
80201
80185
80175
80174
80157
80145
80114
80102
80097
80095
80092
80088
80087
80083
80072
80064
80062
80059
80050
80036
79999
79975
79933
79916
79904
79885
79878
79855
79827
79760
79650
79649
79648
79641
79635
79618
79568
79564
79544
79543
79525
79521
79515
79474
79472
79471
79438
79432
79419
79418
79417
79412
79379
79353
79318
79242
79236
79156
79136
79121
79120
79075
79061
79047
79014
79000
78973
78960
78954
78936
78907
78888
78886
78881
78867
78862
78762
78750
78706
78705
78693
78691
78663
78603
78524
78518
78470
78442
78441
78436
78430
78424
78422
78420
78400
78383
78239
78194
78176
78134
78129
78121
78114
78105
78096
78065
78063
78051
78046
78024
78019
77999
77963
77959
77950
77930
77929
77921
77918
77898
77882
77848
77847
77804
77796
77786
77715
77561
77543
77511
77449
77448
77441
77438
77413
77359
77336
77298
77236
77172
77169
77161
77151
77139
77079
77065
77029
76998
76991
76978
76977
76975
76966
76938
76936
76876
76863
76818
76798
76789
76788
76766
76763
76740
76720
76713
76670
76667
76579
76554
76537
76483
76467
76447
76436
76426
76414
76404
76399
76390
76376
76372
76355
76301
76290
76287
76260
76253
76236
76199
76192
76144
76136
76133
76130
76048
75995
75993
75991
75978
75946
75904
75895
75859
75846
75835
75831
75830
75815
75813
75741
75727
75722
75708
75699
75691
75646
75613
75583
75565
75540
75526
75524
75481
75479
75473
75436
75422
75393
75379
75365
75340
75334
75333
75332
75323
75319
75310
75275
75261
75260
75250
75217
75212
75153
75109
75105
75102
75091
75085
75069
75067
75064
75063
75050
75028
75026
75012
74997
74987
74956
74946
74932
74911
74889
74879
74862
74858
74846
74838
74829
74795
74793
74744
74702
74690
74682
74677
74662
74654
74653
74636
74526
74524
74501
74496
74495
74468
74450
74446
74439
74366
74285
74263
74261
74257
74248
74195
74158
74152
74131
74121
74118
74103
74090
74086
74054
74035
74031
74020
74014
74010
74008
73991
73982
73981
73962
73960
73937
73933
73924
73904
73871
73867
73844
73835
73823
73820
73795
73790
73773
73654
73572
73564
73546
73514
73507
73500
73469
73452
73425
73417
73390
73378
73338
73320
73312
73303
73286
73244
73242
73241
73171
73123
73118
73079
73057
73047
72993
72947
72939
72924
72912
72869
72862
72851
72844
72789
72771
72760
72754
72750
72748
72729
72702
72701
72700
72664
72635
72632
72627
72619
72587
72560
72537
72533
72531
72522
72515
72474
72473
72433
72399
72394
72387
72384
72377
72369
72368
72311
72282
72281
72265
72260
72201
72200
72195
72150
72125
72112
72100
72095
72060
72055
72050
71992
71984
71979
71911
71905
71860
71854
71825
71767
71747
71670
71659
71644
71613
71596
71555
71519
71506
71500
71443
71408
71401
71383
71355
71346
71314
71303
71285
71255
71252
71247
71228
71222
71212
71183
71177
71168
71150
71142
71134
71121
71111
71090
71074
71064
71046
71031
71021
70936
70935
70924
70918
70885
70881
70844
70841
70839
70815
70783
70779
70683
70677
70675
70662
70658
70614
70596
70572
70541
70527
70503
70474
70445
70432
70417
70416
70415
70409
70405
70404
70339
70330
70314
70285
70233
70227
70212
70211
70189
70186
70167
70141
70136
70116
70110
70097
70023
70020
69988
69984
69956
69927
69888
69852
69828
69787
69776
69756
69742
69718
69710
69676
69654
69651
69649
69619
69613
69581
69519
69497
69479
69472
69442
69430
69429
69379
69375
69337
69320
69315
69294
69202
69175
69139
69126
69109
69091
69083
69062
69038
69021
69019
69001
68871
68870
68825
68824
68820
68787
68781
68755
68718
68697
68684
68666
68648
68647
68638
68625
68624
68618
68591
68555
68546
68539
68460
68456
68447
68441
68439
68438
68420
68392
68389
68386
68375
68361
68358
68357
68351
68346
68333
68285
68262
68233
68211
68111
68070
68032
68020
68018
67961
67959
67921
67909
67904
67899
67882
67872
67869
67833
67817
67783
67772
67745
67722
67715
67695
67682
67617
67607
67596
67544
67514
67509
67502
67483
67459
67457
67441
67390
67384
67383
67356
67309
67299
67298
67297
67262
67228
67180
67169
67155
67144
67124
67121
67115
67091
67020
66926
66919
66898
66897
66881
66867
66847
66772
66754
66741
66734
66724
66720
66702
66697
66670
66662
66660
66656
66637
66599
66588
66579
66576
66535
66518
66493
66474
66462
66428
66416
66402
66398
66359
66357
66335
66314
66313
66278
66276
66271
66269
66268
66238
66237
66218
66179
66148
66126
66124
66094
66085
66039
66027
66019
65890
65887
65884
65846
65839
65810
65781
65778
65721
65666
65637
65577
65558
65557
65537
65529
65525
65478
65472
65470
65466
65461
65455
65437
65435
65431
65399
65341
65336
65242
65238
65237
65182
65119
65103
65102
65088
65046
65001
64975
64963
64962
64959
64929
64919
64918
64907
64901
64900
64880
64840
64830
64739
64724
64708
64697
64692
64686
64683
64680
64671
64650
64644
64540
64477
64460
64438
64407
64396
64348
64333
64328
64322
64300
64277
64224
64214
64207
64194
64188
64130
64078
64049
64008
63983
63953
63939
63934
63920
63918
63912
63905
63870
63840
63835
63811
63797
63785
63781
63777
63767
63753
63691
63685
63660
63621
63613
63600
63575
63536
63452
63441
63428
63407
63405
63384
63381
63338
63326
63275
63266
63265
63253
63224
63219
63159
63143
63122
63119
63108
63099
63077
63072
63061
63053
63046
63000
62987
62979
62969
62961
62916
62866
62862
62840
62773
62756
62725
62724
62710
62706
62610
62608
62577
62554
62553
62503
62470
62469
62457
62412
62404
62365
62360
62357
62300
62285
62272
62248
62246
62228
62224
62217
62214
62213
62204
62139
62120
62117
62108
62103
62090
62070
62052
62024
62005
61995
61966
61959
61955
61940
61936
61902
61826
61825
61808
61785
61748
61696
61695
61691
61668
61568
61557
61545
61496
61465
61446
61439
61438
61426
61387
61365
61324
61315
61307
61286
61281
61276
61261
61253
61196
61153
61100
61099
61096
61072
61045
61031
61024
60985
60980
60976
60972
60959
60955
60948
60945
60942
60903
60900
60898
60894
60877
60865
60855
60826
60783
60782
60737
60729
60728
60674
60651
60648
60603
60589
60544
60510
60481
60454
60409
60404
60348
60333
60309
60282
60262
60247
60170
60169
60153
60108
60105
60080
59954
59951
59947
59942
59920
59890
59880
59873
59834
59828
59815
59814
59760
59759
59754
59737
59707
59694
59672
59656
59651
59649
59626
59616
59608
59593
59590
59540
59521
59514
59507
59505
59490
59470
59450
59405
59373
59346
59341
59328
59325
59319
59315
59305
59301
59278
59256
59214
59199
59198
59189
59153
59124
59121
59117
59115
59061
59039
59008
58981
58948
58941
58921
58888
58885
58877
58866
58862
58854
58841
58825
58824
58779
58773
58750
58734
58727
58714
58704
58680
58676
58672
58669
58661
58651
58636
58578
58542
58508
58496
58487
58482
58443
58428
58407
58390
58358
58352
58325
58299
58228
58223
58222
58201
58159
58156
58134
58115
58105
58060
58059
58034
58032
58029
57961
57957
57941
57913
57907
57869
57847
57835
57824
57815
57789
57787
57779
57772
57771
57761
57744
57732
57729
57713
57677
57666
57664
57661
57658
57633
57612
57611
57531
57530
57528
57510
57507
57483
57475
57473
57472
57467
57438
57430
57424
57417
57409
57400
57378
57362
57339
57325
57277
57255
57199
57198
57158
57156
57131
57116
57114
57051
56977
56937
56935
56903
56872
56852
56819
56806
56799
56774
56771
56695
56686
56672
56594
56562
56514
56465
56432
56422
56401
56388
56385
56383
56376
56345
56285
56252
56246
56243
56220
56215
56180
56178
56171
56081
56072
56068
56029
56003
55991
55976
55975
55958
55951
55944
55912
55907
55887
55868
55860
55846
55839
55838
55818
55811
55784
55740
55713
55706
55690
55674
55667
55655
55646
55627
55599
55577
55571
55525
55511
55470
55465
55457
55454
55407
55362
55346
55342
55332
55329
55296
55248
55231
55228
55224
55216
55171
55102
55096
55094
55080
55077
55072
55062
55057
55032
55006
54981
54964
54960
54923
54902
54893
54882
54850
54841
54712
54709
54679
54674
54640
54609
54559
54557
54551
54539
54502
54495
54468
54451
54424
54391
54385
54346
54310
54292
54289
54283
54274
54250
54249
54236
54193
54183
54182
54146
54139
54137
54128
54121
54119
54085
54064
54048
54019
53931
53913
53909
53888
53845
53839
53808
53804
53776
53750
53740
53704
53703
53679
53676
53663
53661
53653
53648
53576
53566
53565
53559
53558
53550
53542
53533
53493
53459
53454
53418
53399
53370
53347
53327
53324
53298
53296
53276
53245
53227
53212
53202
53199
53190
53168
53151
53146
53120
53084
53038
52974
52968
52952
52945
52933
52929
52922
52909
52905
52872
52830
52817
52811
52804
52784
52776
52729
52723
52721
52712
52648
52645
52609
52595
52594
52584
52575
52548
52532
52528
52521
52515
52514
52513
52482
52467
52455
52446
52400
52394
52377
52367
52358
52292
52253
52143
52140
52097
52075
52049
52043
52041
52031
52025
52024
52013
52003
51971
51970
51953
51940
51868
51840
51837
51833
51777
51707
51696
51695
51652
51644
51642
51640
51541
51540
51525
51512
51508
51471
51465
51452
51447
51442
51384
51382
51366
51355
51329
51300
51267
51255
51205
51202
51198
51178
51147
51115
51080
51044
51040
51030
51026
51017
51012
51009
51001
50996
50965
50953
50946
50929
50917
50828
50783
50779
50734
50723
50693
50690
50667
50634
50560
50541
50538
50535
50522
50493
50491
50486
50485
50458
50451
50443
50429
50419
50416
50413
50409
50387
50370
50345
50335
50321
50281
50245
50209
50195
50187
50174
50114
50072
50068
50051
49989
49985
49894
49880
49875
49843
49828
49820
49805
49772
49733
49732
49714
49713
49703
49696
49686
49677
49666
49636
49627
49562
49559
49510
49463
49462
49452
49448
49420
49413
49393
49387
49381
49372
49345
49317
49316
49282
49280
49249
49228
49215
49158
49144
49143
49077
49063
49058
49034
49022
48998
48982
48978
48976
48966
48956
48933
48921
48879
48855
48849
48830
48828
48812
48778
48696
48688
48687
48667
48647
48638
48591
48585
48523
48518
48513
48498
48488
48481
48386
48369
48367
48362
48329
48251
48236
48235
48218
48200
48197
48194
48190
48178
48145
48143
48096
48068
48038
48004
47985
47966
47963
47940
47938
47925
47868
47863
47821
47788
47752
47743
47736
47708
47684
47670
47643
47614
47551
47520
47486
47485
47476
47460
47392
47391
47375
47360
47355
47335
47333
47325
47317
47315
47303
47292
47192
47179
47172
47111
47094
47072
47071
47065
46942
46875
46841
46840
46794
46761
46738
46730
46689
46678
46637
46611
46588
46575
46540
46532
46528
46520
46466
46435
46430
46428
46411
46404
46392
46391
46386
46344
46335
46330
46328
46309
46282
46260
46256
46226
46212
46199
46184
46182
46162
46147
46146
46135
46064
46058
46055
46050
46033
46016
45998
45995
45984
45980
45978
45923
45895
45886
45876
45818
45807
45758
45756
45746
45737
45678
45652
45631
45621
45604
45597
45586
45577
45559
45540
45490
45454
45451
45447
45432
45429
45413
45348
45335
45267
45214
45213
45159
45071
45066
45041
45036
45029
45025
45013
45002
44983
44972
44956
44942
44906
44896
44865
44829
44818
44808
44781
44765
44738
44728
44678
44647
44592
44562
44547
44527
44521
44514
44499
44493
44486
44451
44429
44418
44395
44389
44387
44338
44307
44300
44226
44186
44179
44160
44146
44142
44116
44102
44078
44074
44040
44032
44003
43998
43973
43955
43932
43919
43915
43871
43841
43821
43815
43763
43737
43711
43690
43672
43671
43666
43653
43625
43585
43574
43559
43557
43538
43532
43504
43495
43483
43470
43461
43435
43411
43404
43372
43248
43199
43192
43084
43078
43063
43062
43058
43044
43007
43006
42999
42988
42982
42976
42936
42863
42827
42818
42817
42780
42773
42750
42720
42719
42668
42666
42654
42614
42613
42611
42593
42589
42587
42559
42556
42550
42549
42532
42511
42506
42469
42426
42370
42365
42328
42315
42308
42305
42296
42267
42252
42213
42197
42179
42172
42163
42156
42139
42136
42058
42054
42038
42023
42018
41967
41937
41900
41887
41878
41860
41825
41814
41810
41805
41791
41783
41753
41746
41736
41720
41714
41689
41684
41658
41637
41632
41626
41561
41521
41507
41498
41483
41480
41454
41451
41409
41338
41310
41303
41287
41271
41268
41260
41251
41240
41221
41177
41160
41155
41116
41103
41068
41065
40996
40990
40984
40948
40943
40929
40924
40920
40907
40875
40866
40857
40856
40842
40807
40805
40803
40774
40746
40719
40705
40642
40640
40636
40628
40623
40607
40602
40585
40564
40560
40533
40525
40512
40500
40485
40474
40471
40459
40433
40413
40406
40396
40393
40379
40368
40354
40350
40342
40289
40266
40212
40201
40173
40150
40105
40103
40098
40090
40082
40049
40035
40030
40022
40021
39996
39969
39962
39945
39940
39935
39909
39893
39844
39833
39826
39814
39719
39703
39673
39622
39594
39587
39559
39546
39525
39490
39477
39458
39355
39341
39308
39289
39278
39244
39238
39222
39216
39214
39207
39166
39134
39119
39117
39105
39086
39066
39011
38991
38978
38924
38914
38904
38899
38896
38881
38875
38865
38812
38808
38785
38760
38744
38721
38709
38693
38692
38655
38648
38626
38621
38594
38546
38537
38524
38486
38465
38412
38399
38392
38347
38344
38335
38311
38302
38290
38272
38267
38255
38249
38245
38242
38234
38214
38162
38142
38135
38118
38117
38108
38075
38071
38000
37987
37982
37976
37970
37961
37952
37929
37900
37852
37846
37821
37799
37760
37708
37703
37682
37646
37638
37610
37608
37590
37563
37533
37525
37483
37467
37451
37406
37402
37401
37371
37368
37344
37336
37328
37303
37300
37286
37266
37264
37258
37231
37198
37135
37098
37067
37054
37043
37030
37025
37016
37009
36984
36970
36965
36955
36884
36871
36847
36824
36808
36802
36800
36795
36785
36774
36766
36763
36760
36758
36744
36730
36716
36705
36680
36631
36621
36578
36577
36548
36523
36522
36506
36484
36479
36455
36451
36388
36369
36367
36342
36339
36337
36332
36298
36253
36243
36186
36154
36151
36143
36135
36113
36095
36049
36011
36003
35991
35987
35985
35976
35947
35945
35909
35892
35863
35856
35852
35824
35817
35731
35722
35626
35608
35587
35570
35518
35505
35500
35462
35446
35428
35425
35410
35395
35392
35365
35357
35353
35342
35331
35298
35281
35273
35253
35194
35181
35179
35124
35117
35104
35086
35077
35076
35071
35062
35059
35044
35034
34989
34947
34935
34922
34880
34851
34825
34817
34811
34784
34761
34740
34734
34729
34723
34719
34704
34676
34661
34643
34631
34582
34556
34555
34553
34536
34525
34515
34503
34491
34477
34468
34413
34401
34383
34369
34334
34328
34291
34258
34245
34240
34238
34233
34224
34216
34189
34184
34172
34111
34092
34085
34068
34063
34040
34027
34004
33988
33981
33930
33924
33913
33871
33745
33724
33720
33715
33714
33709
33701
33697
33684
33670
33661
33658
33637
33634
33609
33605
33601
33590
33574
33559
33548
33539
33526
33511
33505
33496
33489
33464
33449
33437
33417
33385
33366
33324
33310
33308
33306
33299
33279
33260
33247
33245
33226
33198
33193
33190
33176
33171
33099
33074
33057
33051
33042
33038
33024
33019
33015
33000
32981
32968
32923
32917
32910
32905
32879
32859
32807
32793
32765
32736
32730
32711
32710
32678
32671
32659
32630
32618
32598
32591
32561
32555
32528
32496
32454
32448
32435
32430
32354
32318
32254
32237
32221
32145
32144
32130
32040
31973
31911
31907
31888
31869
31862
31806
31802
31793
31782
31769
31756
31707
31700
31682
31617
31598
31584
31580
31509
31489
31451
31447
31426
31390
31373
31367
31346
31337
31331
31294
31272
31243
31231
31209
31195
31169
31162
31159
31126
31121
31094
31090
31081
31080
31065
31055
31045
31025
31009
30971
30953
30938
30901
30892
30886
30801
30770
30758
30734
30722
30648
30640
30600
30592
30591
30570
30565
30539
30513
30497
30468
30400
30395
30389
30352
30348
30340
30271
30256
30232
30218
30208
30189
30160
30113
30094
30090
30084
30082
30075
30068
30067
30050
30025
30021
30000
29969
29961
29902
29894
29891
29865
29804
29800
29799
29792
29785
29784
29733
29721
29707
29686
29676
29648
29645
29616
29609
29604
29597
29588
29573
29557
29555
29542
29538
29527
29524
29511
29485
29477
29463
29418
29400
29394
29392
29357
29297
29272
29261
29250
29205
29172
29165
29163
29124
29114
29113
29088
29058
29041
29016
29014
29005
28928
28927
28890
28889
28882
28879
28809
28758
28739
28732
28699
28689
28681
28677
28675
28633
28616
28611
28598
28552
28531
28491
28485
28464
28438
28413
28401
28394
28390
28383
28360
28345
28337
28331
28325
28321
28295
28287
28268
28255
28221
28170
28140
28101
28087
28078
28067
28055
28050
28031
28029
28018
28013
28012
27968
27921
27904
27895
27892
27891
27868
27824
27815
27805
27774
27761
27715
27685
27674
27659
27655
27637
27605
27506
27500
27480
27466
27450
27395
27343
27325
27313
27294
27290
27282
27242
27188
27183
27180
27156
27058
27052
27046
27018
27016
27010
26983
26981
26961
26951
26923
26912
26891
26885
26837
26812
26791
26765
26752
26724
26719
26709
26698
26657
26640
26631
26614
26579
26562
26556
26540
26512
26504
26495
26467
26464
26462
26460
26455
26397
26376
26365
26350
26342
26330
26329
26321
26311
26310
26284
26277
26275
26258
26253
26248
26245
26227
26223
26218
26161
26158
26150
26138
26097
26092
26082
26081
26080
26066
26029
26024
25994
25989
25985
25960
25957
25953
25913
25904
25896
25885
25874
25861
25857
25845
25839
25838
25825
25802
25772
25757
25669
25642
25610
25577
25575
25570
25567
25554
25547
25509
25498
25475
25472
25465
25463
25448
25434
25410
25405
25390
25384
25378
25350
25339
25323
25310
25281
25259
25245
25222
25162
25161
25156
25106
25048
25047
25002
24989
24986
24983
24976
24895
24894
24884
24881
24868
24837
24830
24821
24763
24714
24702
24684
24669
24633
24608
24598
24556
24545
24532
24508
24501
24492
24439
24436
24432
24409
24404
24380
24356
24354
24327
24322
24316
24271
24260
24256
24224
24168
24161
24152
24092
24091
24079
24060
24057
24021
23948
23928
23927
23909
23896
23840
23819
23804
23727
23688
23684
23683
23668
23665
23654
23639
23631
23584
23580
23578
23573
23568
23553
23542
23465
23462
23455
23449
23400
23350
23336
23314
23277
23270
23262
23246
23234
23227
23212
23148
23142
23137
23131
23094
23067
23064
23058
23049
23044
23042
23019
23000
22967
22926
22914
22896
22890
22883
22862
22834
22767
22759
22755
22743
22742
22734
22729
22675
22658
22630
22626
22619
22613
22608
22593
22564
22563
22554
22544
22538
22489
22418
22387
22345
22325
22289
22283
22274
22246
22235
22210
22205
22084
22034
22028
22024
22001
22000
21975
21960
21930
21923
21899
21858
21838
21819
21806
21757
21727
21713
21662
21654
21632
21614
21599
21570
21551
21532
21511
21507
21501
21495
21494
21490
21485
21444
21411
21333
21311
21289
21281
21265
21263
21252
21222
21213
21212
21207
21188
21154
21153
21143
21116
21103
21089
21078
21058
21050
21045
21040
20995
20973
20959
20939
20852
20754
20752
20712
20704
20696
20686
20670
20662
20654
20635
20629
20624
20599
20573
20539
20527
20497
20472
20457
20454
20445
20437
20404
20382
20360
20346
20339
20305
20255
20232
20223
20211
20190
20156
20136
20123
20119
20113
20090
20085
20084
20077
20056
20053
20035
20007
19982
19961
19878
19868
19858
19836
19824
19797
19790
19787
19752
19714
19661
19652
19634
19596
19589
19581
19576
19572
19570
19568
19547
19539
19532
19527
19521
19516
19459
19402
19362
19305
19293
19198
19179
19173
19170
19167
19120
19111
19096
19083
19078
19019
19014
19006
18995
18984
18966
18942
18936
18932
18910
18891
18794
18777
18769
18663
18644
18643
18637
18617
18612
18572
18567
18553
18541
18534
18513
18503
18500
18485
18477
18456
18416
18391
18380
18377
18339
18338
18256
18212
18203
18201
18188
18153
18139
18114
18082
18071
18031
17991
17962
17943
17941
17916
17892
17851
17804
17783
17780
17752
17707
17689
17688
17682
17680
17668
17662
17655
17651
17648
17611
17606
17598
17550
17547
17501
17485
17456
17441
17438
17435
17425
17387
17377
17357
17291
17266
17217
17215
17209
17185
17181
17136
17124
17063
17015
17007
17006
16967
16957
16955
16941
16937
16834
16800
16795
16771
16717
16700
16680
16675
16668
16652
16640
16587
16570
16559
16558
16510
16467
16424
16411
16408
16356
16346
16327
16311
16265
16255
16222
16218
16199
16189
16182
16180
16173
16145
16144
16120
16095
16081
16044
16020
16006
16002
15957
15945
15925
15904
15902
15884
15880
15843
15831
15769
15756
15708
15700
15699
15647
15630
15623
15586
15579
15515
15510
15487
15473
15455
15453
15446
15411
15403
15377
15346
15342
15313
15301
15268
15231
15209
15199
15180
15170
15163
15137
15039
15024
15000
14947
14913
14903
14894
14893
14872
14866
14837
14798
14785
14777
14728
14720
14686
14681
14668
14664
14653
14545
14514
14457
14436
14372
14355
14350
14346
14345
14287
14284
14276
14274
14263
14259
14255
14247
14239
14204
14201
14129
14121
14078
14063
14049
13885
13877
13875
13867
13812
13806
13776
13707
13704
13691
13687
13680
13672
13669
13647
13592
13506
13481
13476
13452
13426
13422
13404
13393
13386
13336
13303
13275
13239
13238
13202
13186
13176
13173
13170
13148
13124
13086
13043
13032
13018
12973
12964
12959
12957
12941
12831
12814
12766
12748
12744
12687
12678
12674
12673
12664
12656
12640
12618
12611
12575
12547
12546
12508
12500
12472
12469
12463
12453
12451
12443
12440
12415
12413
12372
12371
12344
12338
12326
12321
12298
12292
12288
12280
12274
12254
12251
12244
12238
12227
12224
12179
12175
12171
12153
12147
12145
12100
12098
12075
12065
12050
12031
11971
11957
11951
11927
11882
11873
11871
11861
11851
11835
11789
11784
11783
11775
11768
11767
11764
11744
11742
11712
11640
11614
11599
11598
11589
11565
11548
11518
11447
11443
11435
11426
11424
11423
11378
11334
11305
11289
11280
11256
11220
11210
11159
11148
11135
11133
11132
11072
11064
11061
10990
10954
10946
10943
10942
10941
10844
10841
10839
10833
10768
10738
10730
10683
10668
10648
10618
10598
10568
10534
10526
10511
10504
10479
10477
10444
10420
10399
10396
10391
10383
10378
10358
10355
10352
10328
10326
10322
10313
10306
10270
10264
10256
10254
10251
10241
10201
10194
10178
10157
10122
10082
10049
10040
10024
10019
10005
9988
9973
9972
9964
9922
9921
9895
9867
9844
9831
9815
9795
9787
9772
9748
9737
9732
9722
9716
9712
9681
9665
9661
9660
9606
9600
9589
9566
9545
9535
9527
9480
9448
9393
9350
9309
9303
9296
9238
9187
9138
9135
9098
9078
9049
9027
9011
9003
8981
8978
8974
8921
8920
8916
8841
8829
8808
8799
8794
8780
8772
8770
8758
8723
8699
8697
8695
8673
8663
8594
8586
8582
8567
8539
8502
8500
8477
8425
8416
8404
8403
8391
8380
8304
8298
8264
8261
8256
8202
8152
8150
8082
8072
8059
8057
8052
8037
8029
8006
7945
7928
7919
7877
7871
7869
7856
7849
7809
7804
7788
7769
7753
7750
7747
7715
7706
7689
7687
7684
7666
7638
7630
7594
7555
7542
7507
7484
7466
7433
7403
7394
7339
7328
7282
7276
7261
7254
7250
7191
7169
7148
7133
7129
7123
7075
7061
7051
7036
7026
7022
6943
6918
6857
6839
6826
6821
6807
6801
6793
6791
6761
6748
6706
6705
6701
6687
6684
6660
6643
6642
6639
6623
6589
6517
6507
6389
6314
6283
6280
6248
6233
6229
6219
6170
6164
6149
6146
6142
6128
6126
6110
6043
5945
5934
5909
5891
5888
5887
5835
5826
5809
5792
5775
5725
5722
5675
5673
5659
5620
5610
5608
5579
5570
5550
5532
5524
5522
5518
5512
5472
5468
5446
5438
5383
5354
5332
5319
5305
5295
5293
5281
5277
5231
5204
5196
5156
5155
5133
5108
5062
5057
5004
4929
4923
4907
4875
4871
4859
4842
4840
4793
4784
4743
4722
4713
4709
4680
4670
4653
4652
4641
4634
4600
4598
4590
4571
4565
4506
4490
4462
4432
4421
4418
4373
4351
4350
4319
4309
4271
4261
4257
4234
4233
4218
4209
4195
4185
4147
4125
4097
4072
4040
4037
4005
3984
3926
3920
3896
3879
3853
3846
3840
3828
3823
3821
3759
3729
3726
3719
3708
3697
3689
3682
3681
3634
3589
3531
3452
3368
3360
3339
3317
3305
3278
3224
3211
3210
3204
3194
3141
3124
3109
3030
3002
2999
2958
2910
2895
2894
2869
2849
2755
2749
2748
2729
2728
2727
2715
2712
2689
2659
2652
2600
2595
2577
2575
2542
2530
2521
2501
2475
2463
2454
2442
2437
2385
2370
2356
2303
2251
2250
2237
2233
2225
2219
2171
2150
2147
2146
2133
2130
2090
2056
1929
1902
1890
1888
1877
1864
1825
1800
1795
1785
1760
1734
1658
1640
1632
1606
1600
1597
1596
1584
1524
1468
1462
1438
1435
1424
1423
1419
1384
1382
1335
1317
1290
1255
1233
1209
1199
1197
1173
1171
1147
1131
1081
1047
1021
1010
967
932
911
906
878
876
858
854
849
760
758
701
695
675
672
669
648
633
622
613
596
581
554
549
548
477
446
437
407
398
375
372
367
293
275
263
248
241
213
209
192
175
174
168
167
161
156
136
116
107
102
77
73
69
65
57
55
44
40
37
33
11
36
49
59
75
78
103
108
110
139
158
183
198
225
271
305
315
332
358
376
422
430
435
484
494
506
523
583
585
594
597
604
606
609
661
683
733
745
756
777
796
812
813
849
857
948
973
976
982
995
1010
1013
1055
1059
1070
1108
1115
1148
1163
1177
1178
1187
1190
1196
1206
1213
1232
1248
1258
1271
1295
1315
1316
1330
1333
1347
1354
1404
1414
1431
1452
1453
1473
1489
1561
1562
1646
1705
1709
1713
1722
1809
1844
1889
1890
1927
1938
1993
1999
2020
2071
2079
2080
2094
2144
2147
2152
2187
2200
2201
2206
2209
2223
2224
2237
2309
2323
2362
2411
2413
2422
2443
2463
2489
2492
2532
2566
2576
2577
2588
2616
2634
2661
2715
2745
2748
2771
2772
2782
2793
2854
2870
2875
2889
2905
2916
2923
2945
2949
2953
2961
2973
2997
3016
3028
3035
3039
3040
3053
3057
3061
3084
3092
3096
3122
3134
3157
3168
3198
3216
3230
3231
3242
3244
3251
3275
3294
3341
3364
3385
3398
3436
3437
3476
3499
3507
3509
3517
3545
3581
3589
3591
3620
3650
3705
3714
3715
3717
3721
3769
3778
3791
3797
3806
3808
3846
3855
3875
3912
3944
3948
3955
3968
3997
3998
4014
4040
4065
4075
4080
4093
4099
4121
4182
4183
4188
4202
4214
4239
4272
4276
4290
4291
4346
4363
4419
4432
4434
4457
4485
4514
4541
4574
4602
4622
4624
4625
4629
4635
4638
4664
4667
4681
4693
4699
4711
4731
4749
4756
4770
4802
4805
4839
4857
4890
4891
4986
5005
5046
5151
5168
5186
5187
5212
5240
5262
5266
5275
5331
5333
5361
5419
5429
5532
5541
5562
5618
5662
5667
5703
5716
5722
5735
5741
5752
5757
5762
5790
5803
5843
5887
5906
5928
5935
5985
6021
6025
6043
6059
6080
6094
6103
6143
6148
6149
6151
6213
6217
6270
6288
6307
6387
6400
6401
6421
6426
6477
6491
6513
6516
6518
6531
6533
6541
6549
6575
6581
6642
6643
6644
6667
6685
6688
6713
6715
6720
6729
6741
6761
6764
6786
6810
6888
6905
6912
6924
6936
6946
6966
7014
7017
7158
7173
7198
7205
7247
7290
7312
7325
7343
7405
7428
7484
7510
7553
7568
7584
7601
7603
7612
7613
7620
7632
7658
7664
7706
7741
7762
7766
7785
7786
7794
7805
7850
7867
7882
7886
7899
7913
7948
7961
7967
8005
8012
8027
8033
8074
8090
8106
8163
8178
8183
8205
8231
8233
8246
8251
8258
8280
8284
8301
8359
8369
8374
8394
8395
8405
8448
8467
8490
8518
8571
8593
8686
8724
8757
8759
8766
8798
8824
8857
8884
8897
8966
9025
9034
9052
9096
9106
9116
9203
9228
9234
9261
9263
9266
9332
9411
9431
9437
9453
9469
9476
9489
9495
9503
9528
9532
9540
9568
9586
9613
9673
9708
9724
9739
9770
9797
9798
9799
9801
9803
9812
9823
9853
9873
9940
9942
9996
10026
10032
10070
10099
10140
10157
10161
10164
10166
10171
10179
10211
10220
10231
10274
10313
10326
10333
10338
10424
10430
10445
10506
10515
10545
10550
10552
10591
10611
10626
10637
10655
10658
10684
10700
10704
10719
10727
10749
10758
10792
10839
10898
10902
10919
10930
10943
10975
11007
11018
11028
11032
11038
11041
11045
11059
11071
11088
11116
11121
11131
11156
11180
11193
11198
11231
11255
11274
11314
11319
11321
11342
11346
11359
11381
11385
11386
11394
11424
11425
11428
11504
11529
11535
11591
11608
11612
11680
11687
11709
11712
11768
11775
11794
11795
11797
11843
11882
11887
11897
11910
11939
12023
12026
12053
12073
12074
12076
12078
12081
12117
12128
12132
12135
12151
12164
12187
12196
12245
12254
12258
12293
12305
12307
12361
12365
12376
12382
12397
12402
12407
12414
12437
12537
12543
12557
12559
12597
12612
12672
12688
12693
12696
12703
12744
12781
12783
12785
12790
12806
12820
12823
12847
12865
12901
12904
12937
12947
12963
13020
13027
13060
13081
13112
13116
13191
13203
13210
13224
13239
13240
13256
13276
13338
13344
13360
13361
13392
13426
13453
13462
13471
13472
13486
13528
13534
13551
13563
13567
13586
13589
13599
13612
13616
13617
13644
13672
13681
13705
13740
13749
13816
13878
13906
13910
13912
13927
13929
13940
13958
13966
13973
14016
14088
14100
14120
14143
14144
14147
14170
14190
14192
14210
14222
14231
14237
14248
14267
14273
14351
14378
14390
14396
14397
14406
14446
14484
14498
14532
14560
14562
14582
14609
14616
14623
14625
14733
14746
14836
14850
14854
14874
14875
14914
14915
14951
14958
14984
15005
15017
15026
15091
15175
15182
15185
15210
15218
15252
15267
15286
15300
15307
15322
15324
15359
15382
15389
15407
15421
15424
15431
15465
15507
15510
15519
15550
15569
15571
15584
15598
15601
15647
15660
15704
15718
15771
15773
15782
15787
15797
15813
15829
15833
15855
15878
15913
15929
15931
15937
15946
15950
15965
15973
15980
15987
15998
16004
16011
16013
16025
16035
16076
16083
16120
16121
16152
16153
16208
16214
16231
16232
16244
16269
16288
16293
16294
16297
16327
16336
16388
16402
16422
16449
16479
16485
16501
16524
16533
16572
16587
16600
16654
16659
16665
16669
16679
16715
16725
16743
16745
16767
16770
16837
16841
16848
16853
16874
16899
16908
17023
17038
17056
17068
17071
17078
17081
17129
17151
17165
17176
17193
17200
17203
17246
17251
17268
17280
17293
17316
17335
17352
17357
17385
17396
17425
17430
17432
17443
17448
17485
17488
17495
17619
17661
17706
17707
17710
17735
17763
17837
17849
17851
17886
17893
17963
17964
17975
17976
17990
18006
18008
18021
18035
18080
18097
18128
18140
18177
18184
18188
18211
18212
18222
18235
18240
18304
18323
18421
18450
18457
18478
18485
18540
18617
18671
18701
18714
18722
18800
18810
18818
18831
18834
18882
18887
18890
18895
18938
18969
19074
19092
19100
19105
19112
19120
19125
19127
19159
19161
19201
19212
19214
19225
19228
19230
19231
19244
19253
19271
19293
19325
19330
19334
19342
19380
19406
19447
19497
19530
19541
19637
19667
19716
19734
19746
19774
19782
19821
19824
19874
19876
19881
19934
19970
19974
19990
20008
20030
20035
20041
20051
20071
20112
20136
20146
20148
20177
20181
20202
20209
20219
20240
20245
20256
20280
20284
20298
20311
20375
20388
20395
20404
20405
20436
20443
20464
20502
20509
20512
20513
20546
20587
20610
20619
20639
20645
20738
20740
20747
20797
20822
20832
20841
20850
20871
20873
20892
20893
20919
20974
21012
21032
21055
21056
21060
21065
21085
21119
21126
21158
21160
21190
21197
21237
21253
21254
21259
21275
21307
21335
21346
21383
21388
21398
21413
21421
21445
21464
21466
21479
21483
21512
21551
21563
21570
21579
21588
21625
21640
21674
21683
21688
21689
21696
21699
21755
21757
21797
21812
21819
21820
21852
21855
21890
21891
21914
21955
21962
21968
21971
21984
22016
22042
22056
22069
22072
22078
22088
22117
22125
22131
22178
22185
22197
22239
22297
22319
22326
22327
22342
22374
22383
22414
22471
22509
22519
22522
22531
22588
22598
22604
22607
22614
22626
22630
22645
22656
22708
22733
22756
22758
22771
22808
22814
22845
22856
22865
22872
22873
22879
22919
22921
22961
22972
22983
22997
23002
23010
23042
23062
23064
23105
23120
23131
23160
23165
23191
23196
23230
23237
23243
23262
23281
23288
23303
23318
23333
23375
23379
23442
23443
23457
23494
23497
23532
23533
23589
23617
23619
23637
23641
23652
23657
23673
23759
23804
23844
23877
23900
23977
23981
23986
23993
23999
24005
24010
24020
24023
24039
24044
24048
24098
24112
24119
24135
24169
24186
24190
24216
24241
24281
24299
24315
24370
24396
24416
24429
24449
24462
24466
24467
24500
24522
24546
24555
24562
24563
24569
24574
24602
24614
24657
24661
24671
24696
24716
24718
24722
24757
24761
24772
24782
24791
24810
24816
24831
24873
24878
24974
24979
25045
25124
25136
25137
25145
25159
25196
25239
25245
25309
25316
25397
25418
25429
25453
25483
25528
25563
25570
25628
25654
25659
25678
25701
25711
25761
25779
25788
25832
25833
25862
25906
25932
25933
25942
25950
26063
26094
26137
26154
26159
26162
26198
26206
26226
26227
26262
26301
26340
26349
26366
26460
26472
26477
26504
26517
26525
26540
26559
26579
26602
26621
26683
26702
26722
26733
26737
26746
26760
26795
26853
26875
26884
26885
26913
26932
27050
27123
27161
27163
27167
27186
27205
27206
27220
27227
27239
27248
27272
27284
27285
27292
27311
27333
27354
27366
27376
27394
27426
27428
27452
27474
27481
27549
27558
27572
27594
27606
27625
27639
27646
27669
27677
27690
27691
27724
27731
27747
27750
27806
27832
27874
27887
27897
27898
27939
27945
28021
28056
28068
28076
28116
28124
28133
28138
28151
28179
28198
28241
28279
28309
28354
28388
28407
28502
28545
28554
28560
28604
28621
28638
28642
28653
28673
28732
28744
28749
28752
28775
28778
28806
28821
28829
28838
28866
28869
28877
28883
28895
28903
28908
28910
28922
28927
28940
28969
28980
28981
28988
29010
29030
29046
29067
29100
29152
29154
29159
29183
29203
29236
29249
29271
29286
29288
29292
29340
29372
29380
29398
29420
29429
29438
29452
29458
29515
29533
29561
29573
29575
29580
29581
29586
29601
29602
29627
29637
29644
29677
29682
29732
29752
29822
29860
29872
29882
29884
29951
29969
29977
29995
30001
30036
30055
30084
30111
30116
30133
30146
30158
30177
30192
30212
30231
30291
30295
30304
30329
30334
30347
30372
30373
30404
30409
30470
30478
30501
30504
30508
30519
30532
30554
30590
30654
30661
30692
30706
30707
30720
30722
30786
30813
30815
30822
30825
30839
30853
30862
30863
30864
30888
30925
30974
30990
31018
31041
31065
31077
31081
31102
31106
31111
31112
31120
31122
31135
31148
31150
31155
31178
31192
31220
31221
31262
31270
31295
31353
31377
31383
31410
31443
31470
31474
31571
31583
31605
31670
31689
31694
31699
31714
31726
31761
31769
31846
31867
31892
31906
31940
31949
31987
32003
32012
32030
32031
32034
32094
32103
32126
32135
32166
32206
32213
32220
32221
32243
32251
32267
32276
32277
32319
32348
32380
32392
32404
32408
32445
32472
32485
32544
32554
32558
32637
32649
32662
32665
32667
32668
32674
32696
32711
32731
32735
32746
32754
32833
32875
32922
32950
32970
33001
33005
33013
33056
33076
33170
33194
33198
33206
33217
33223
33243
33258
33263
33265
33287
33288
33317
33339
33344
33349
33355
33431
33459
33493
33495
33511
33515
33517
33545
33559
33588
33624
33631
33647
33656
33662
33710
33730
33731
33741
33771
33785
33787
33800
33813
33816
33829
33921
33960
33997
34006
34020
34083
34091
34116
34137
34149
34231
34253
34258
34264
34320
34335
34357
34379
34385
34393
34477
34495
34510
34516
34524
34538
34540
34571
34576
34577
34578
34593
34600
34642
34713
34781
34783
34787
34817
34880
34886
34929
34933
34934
34960
35023
35070
35074
35084
35087
35144
35146
35209
35225
35262
35267
35271
35275
35306
35318
35319
35339
35349
35360
35367
35374
35379
35385
35389
35402
35405
35406
35415
35417
35427
35434
35441
35444
35454
35465
35489
35492
35496
35504
35537
35567
35615
35626
35634
35647
35678
35685
35692
35720
35745
35774
35775
35782
35832
35871
35876
35895
35917
35936
35950
35963
35967
35981
35989
36040
36111
36114
36157
36232
36288
36294
36303
36344
36353
36426
36428
36435
36436
36460
36520
36540
36553
36556
36579
36583
36593
36637
36682
36699
36719
36722
36730
36764
36766
36772
36825
36856
36868
36958
36982
36990
36995
36996
36999
37011
37016
37026
37033
37062
37063
37069
37071
37076
37079
37105
37115
37133
37142
37150
37163
37184
37190
37208
37224
37264
37275
37284
37299
37350
37351
37439
37446
37452
37465
37477
37483
37485
37488
37632
37635
37650
37652
37681
37703
37718
37721
37730
37732
37739
37754
37781
37871
37908
37949
37950
37956
37993
37996
38013
38016
38032
38070
38122
38126
38146
38190
38209
38212
38220
38300
38316
38335
38345
38351
38374
38378
38386
38424
38443
38465
38467
38493
38500
38524
38526
38534
38563
38584
38633
38637
38638
38685
38688
38711
38762
38802
38877
38886
38888
38894
38911
38918
38940
38948
38956
38958
38976
38980
38981
39040
39046
39051
39060
39068
39103
39105
39117
39126
39130
39150
39193
39196
39197
39208
39211
39218
39237
39278
39289
39332
39353
39396
39398
39423
39444
39479
39509
39524
39537
39547
39556
39559
39603
39609
39627
39629
39641
39679
39683
39686
39737
39761
39791
39819
39867
39939
39941
39962
39991
39996
40006
40027
40054
40057
40071
40080
40083
40119
40148
40150
40153
40199
40220
40258
40287
40292
40329
40358
40388
40397
40401
40408
40414
40437
40457
40493
40546
40554
40559
40571
40575
40582
40584
40595
40597
40599
40611
40612
40632
40637
40644
40666
40674
40681
40694
40700
40745
40766
40781
40806
40852
40876
40884
40896
40898
41000
41008
41015
41040
41043
41044
41045
41083
41088
41100
41104
41118
41143
41172
41196
41213
41214
41250
41254
41261
41292
41330
41341
41352
41361
41363
41425
41429
41432
41440
41444
41484
41504
41513
41517
41528
41534
41554
41574
41575
41601
41632
41640
41654
41745
41768
41786
41798
41808
41823
41875
41942
41949
41979
42023
42053
42066
42067
42103
42117
42125
42126
42139
42151
42163
42193
42294
42300
42303
42340
42356
42436
42443
42465
42496
42506
42526
42551
42557
42590
42596
42604
42613
42620
42629
42640
42641
42651
42654
42671
42686
42687
42701
42728
42729
42738
42741
42762
42767
42774
42787
42804
42830
42852
42863
42905
42915
42963
42966
42967
42973
43012
43018
43028
43030
43047
43057
43061
43135
43146
43196
43218
43219
43223
43225
43313
43324
43339
43379
43382
43403
43410
43456
43460
43484
43485
43489
43498
43516
43528
43642
43685
43696
43738
43753
43762
43768
43775
43839
43854
43864
43882
43923
43943
44044
44060
44150
44154
44155
44171
44230
44244
44253
44271
44278
44343
44352
44386
44437
44457
44497
44513
44520
44551
44647
44681
44699
44704
44725
44730
44732
44734
44736
44739
44758
44759
44771
44774
44782
44825
44857
44865
44898
44914
44940
44946
44952
44957
44968
44977
45019
45026
45038
45052
45090
45133
45138
45147
45149
45173
45186
45205
45236
45272
45304
45315
45318
45331
45339
45342
45349
45371
45421
45437
45442
45462
45465
45470
45484
45491
45492
45563
45567
45586
45602
45633
45719
45725
45727
45755
45805
45854
45873
45887
45945
45956
45967
46009
46011
46032
46039
46084
46086
46130
46131
46170
46186
46204
46208
46226
46274
46290
46303
46307
46312
46318
46328
46360
46370
46417
46450
46486
46567
46597
46604
46616
46617
46622
46623
46626
46651
46722
46766
46779
46782
46788
46821
46828
46836
46867
46908
46928
46957
46965
46999
47018
47024
47027
47049
47056
47078
47107
47110
47130
47137
47173
47188
47216
47227
47238
47243
47257
47275
47285
47292
47299
47307
47340
47343
47375
47389
47392
47400
47410
47421
47424
47428
47429
47433
47434
47446
47455
47540
47541
47548
47555
47563
47587
47588
47596
47629
47637
47646
47656
47671
47680
47681
47702
47716
47740
47744
47772
47785
47811
47827
47832
47851
47854
47869
47903
47930
47933
47988
47994
47996
48009
48044
48058
48100
48146
48186
48187
48199
48201
48289
48329
48336
48350
48356
48384
48414
48420
48450
48453
48460
48489
48514
48537
48539
48557
48576
48592
48616
48617
48630
48655
48660
48678
48694
48698
48713
48730
48738
48785
48821
48826
48857
48881
48930
48985
49016
49024
49049
49071
49075
49091
49093
49106
49121
49126
49152
49181
49203
49241
49262
49350
49358
49370
49417
49420
49480
49526
49549
49579
49582
49599
49602
49619
49648
49663
49673
49719
49734
49742
49760
49793
49805
49837
49843
49848
49891
49917
49928
49929
49971
49981
49998
50000
50010
50017
50030
50065
50134
50162
50174
50187
50192
50218
50250
50275
50287
50324
50341
50350
50410
50411
50426
50438
50444
50497
50524
50533
50566
50571
50601
50639
50642
50645
50658
50668
50676
50705
50706
50737
50738
50753
50754
50803
50805
50837
50838
50842
50858
50867
50881
50927
50948
50956
50969
50983
51003
51013
51025
51046
51055
51083
51084
51092
51111
51124
51151
51156
51168
51205
51210
51235
51253
51273
51283
51316
51338
51342
51349
51356
51367
51394
51406
51413
51427
51437
51443
51454
51479
51489
51558
51571
51608
51615
51634
51637
51668
51694
51696
51714
51716
51773
51792
51795
51838
51856
51865
51875
51888
51910
51921
52007
52013
52017
52023
52042
52069
52086
52132
52145
52176
52191
52206
52209
52235
52243
52252
52270
52274
52277
52299
52325
52340
52348
52352
52387
52400
52413
52417
52445
52466
52543
52548
52568
52581
52600
52617
52653
52680
52683
52710
52728
52740
52751
52753
52761
52771
52798
52808
52840
52879
52896
52905
52985
53038
53069
53073
53089
53120
53128
53146
53163
53169
53184
53205
53247
53248
53304
53312
53343
53359
53365
53367
53383
53384
53396
53401
53405
53461
53469
53510
53532
53547
53570
53579
53590
53605
53615
53720
53725
53762
53860
53886
53905
53907
53917
53933
53936
53963
53982
53987
53997
54022
54031
54049
54079
54087
54088
54102
54145
54147
54162
54176
54182
54191
54207
54214
54254
54292
54325
54341
54347
54380
54389
54422
54436
54439
54471
54498
54510
54514
54524
54536
54571
54572
54599
54606
54630
54636
54660
54798
54825
54833
54891
54940
54942
54951
54963
54969
54996
54997
55075
55115
55140
55148
55151
55185
55229
55241
55248
55249
55295
55335
55339
55377
55378
55433
55438
55454
55460
55511
55515
55531
55534
55536
55593
55605
55657
55659
55669
55670
55694
55719
55738
55765
55791
55793
55801
55809
55839
55853
55855
55856
55874
55875
55877
55878
55889
55905
55935
55938
55940
55963
55972
55979
55986
56032
56052
56077
56079
56085
56116
56163
56188
56226
56237
56244
56253
56361
56366
56386
56408
56421
56433
56455
56503
56517
56620
56634
56677
56722
56723
56745
56751
56807
56808
56866
56892
56897
56930
57060
57090
57107
57119
57126
57153
57162
57188
57192
57224
57227
57228
57262
57277
57312
57321
57334
57343
57382
57417
57423
57443
57446
57459
57491
57506
57533
57539
57552
57557
57624
57626
57635
57644
57661
57679
57688
57716
57732
57736
57746
57764
57825
57874
57952
57999
58003
58004
58031
58038
58044
58050
58052
58110
58111
58118
58129
58153
58174
58188
58234
58235
58242
58249
58259
58263
58292
58354
58361
58379
58383
58403
58435
58440
58451
58460
58465
58469
58480
58482
58498
58517
58520
58536
58559
58566
58573
58618
58620
58627
58628
58638
58653
58655
58656
58659
58660
58662
58708
58721
58728
58737
58743
58783
58790
58800
58822
58858
58864
58910
58911
58912
58914
58933
58965
58969
58996
59040
59087
59102
59107
59114
59122
59157
59188
59202
59217
59247
59259
59268
59284
59289
59309
59313
59318
59319
59322
59344
59361
59397
59399
59410
59423
59431
59455
59457
59465
59468
59484
59518
59527
59548
59561
59562
59579
59625
59626
59660
59672
59691
59692
59696
59707
59732
59738
59752
59790
59791
59794
59832
59892
59925
59933
59944
60003
60011
60012
60014
60027
60044
60057
60058
60086
60124
60169
60170
60195
60213
60232
60233
60264
60271
60273
60286
60304
60344
60362
60364
60378
60385
60386
60400
60402
60423
60435
60491
60496
60511
60517
60521
60534
60536
60543
60574
60592
60665
60702
60708
60739
60764
60767
60776
60792
60804
60837
60874
60888
60895
60918
60920
60935
60938
60942
60959
60976
60997
61034
61040
61061
61106
61107
61114
61126
61192
61229
61258
61264
61284
61293
61322
61343
61365
61412
61435
61447
61465
61476
61485
61502
61507
61534
61570
61586
61589
61595
61608
61633
61678
61698
61701
61702
61706
61749
61760
61763
61767
61776
61808
61837
61866
61892
61893
61913
61927
61929
61930
61936
61946
61961
61995
62002
62009
62035
62040
62078
62095
62096
62118
62131
62142
62157
62167
62219
62221
62226
62240
62268
62279
62282
62304
62369
62407
62416
62521
62534
62541
62545
62548
62563
62609
62621
62628
62666
62667
62694
62739
62743
62752
62768
62829
62873
62900
62901
62918
62923
62927
62942
62952
62993
63001
63011
63018
63026
63035
63036
63045
63046
63073
63084
63109
63137
63138
63214
63218
63225
63229
63235
63237
63294
63300
63307
63313
63342
63391
63487
63517
63546
63549
63564
63588
63603
63610
63630
63642
63685
63710
63739
63762
63785
63794
63816
63830
63836
63845
63867
63872
63880
63883
63916
63934
63936
63940
63967
63996
63998
64008
64014
64018
64054
64092
64094
64097
64107
64137
64160
64163
64194
64203
64206
64215
64230
64244
64252
64273
64296
64324
64370
64375
64387
64422
64455
64472
64524
64538
64584
64623
64636
64658
64670
64672
64709
64722
64733
64745
64753
64769
64802
64830
64877
64879
64888
64926
64929
64939
64967
64974
64987
65004
65058
65092
65117
65120
65121
65151
65153
65164
65169
65198
65205
65261
65266
65297
65318
65321
65363
65381
65430
65431
65433
65461
65491
65529
65547
65554
65565
65572
65602
65618
65621
65692
65729
65732
65746
65750
65774
65802
65831
65833
65842
65851
65872
65904
65927
65931
65934
65950
65960
65964
65977
65995
66017
66027
66041
66108
66155
66214
66253
66274
66297
66329
66370
66376
66406
66418
66446
66481
66514
66542
66559
66568
66584
66585
66632
66634
66652
66670
66697
66714
66722
66755
66759
66761
66762
66802
66814
66816
66852
66859
66935
66977
66983
67015
67057
67058
67095
67114
67149
67173
67174
67193
67205
67209
67223
67267
67276
67293
67337
67353
67356
67382
67386
67406
67417
67436
67442
67457
67459
67476
67492
67506
67545
67564
67601
67610
67630
67661
67673
67698
67699
67706
67729
67748
67752
67776
67778
67804
67813
67828
67833
67847
67855
67884
67932
67972
67989
68018
68031
68091
68096
68106
68115
68131
68215
68280
68302
68343
68358
68455
68484
68498
68512
68532
68595
68600
68613
68687
68743
68745
68771
68776
68793
68880
68885
68902
68919
68954
68964
68969
68980
69045
69057
69093
69108
69152
69159
69164
69175
69182
69202
69243
69245
69247
69257
69261
69271
69305
69367
69381
69387
69390
69409
69412
69413
69421
69422
69436
69454
69465
69472
69477
69479
69518
69521
69539
69544
69549
69553
69564
69566
69604
69615
69619
69654
69666
69690
69700
69704
69707
69710
69734
69771
69791
69813
69815
69822
69835
69841
69897
69954
69967
70004
70042
70070
70192
70265
70285
70287
70331
70348
70390
70489
70496
70503
70514
70583
70590
70605
70609
70618
70624
70723
70813
70844
70845
70850
70884
70893
70942
70967
70984
70996
71002
71004
71016
71025
71044
71046
71063
71079
71105
71113
71121
71195
71206
71240
71291
71302
71386
71410
71414
71438
71440
71441
71462
71480
71482
71489
71524
71541
71551
71586
71595
71657
71659
71675
71684
71714
71728
71754
71756
71822
71823
71824
71838
71845
71886
71923
71960
71975
71987
71994
71996
72007
72036
72046
72064
72100
72104
72150
72151
72153
72178
72210
72212
72221
72292
72300
72317
72368
72371
72381
72408
72410
72428
72431
72436
72441
72445
72498
72507
72550
72607
72638
72650
72686
72699
72716
72778
72792
72819
72828
72850
72910
72946
72962
73063
73068
73137
73157
73180
73185
73190
73194
73195
73273
73289
73315
73336
73353
73356
73362
73372
73407
73409
73447
73460
73481
73510
73537
73540
73555
73650
73651
73655
73709
73720
73834
73879
73900
73903
73916
73922
73929
73942
73951
73959
73974
74034
74035
74039
74052
74087
74128
74129
74180
74181
74216
74229
74232
74243
74314
74336
74337
74342
74344
74353
74390
74398
74426
74438
74475
74477
74483
74528
74539
74541
74542
74556
74608
74624
74630
74660
74670
74711
74722
74739
74756
74773
74776
74780
74788
74917
74918
74927
74954
74962
75001
75029
75046
75060
75073
75131
75135
75153
75155
75173
75204
75207
75216
75243
75253
75348
75350
75353
75370
75426
75440
75485
75514
75529
75543
75570
75592
75598
75610
75623
75647
75663
75665
75686
75727
75737
75755
75770
75772
75780
75821
75878
75882
75886
75897
75898
75941
76009
76013
76045
76049
76064
76077
76091
76114
76178
76188
76205
76212
76218
76234
76246
76252
76257
76276
76286
76296
76299
76302
76356
76384
76427
76475
76498
76502
76519
76541
76576
76583
76595
76621
76648
76668
76669
76676
76680
76681
76693
76715
76718
76727
76735
76742
76777
76827
76838
76883
76895
76898
76905
76922
76942
76981
76987
76998
77000
77006
77019
77021
77041
77047
77061
77072
77091
77099
77122
77145
77169
77187
77189
77212
77216
77239
77264
77298
77334
77363
77428
77444
77448
77456
77468
77475
77486
77525
77529
77539
77572
77592
77597
77609
77642
77647
77657
77714
77726
77727
77733
77897
77913
77941
77969
77980
78010
78011
78062
78074
78106
78117
78145
78166
78173
78205
78224
78230
78255
78268
78288
78303
78311
78371
78394
78409
78413
78425
78476
78502
78505
78521
78524
78531
78550
78571
78596
78604
78686
78703
78729
78738
78743
78769
78790
78803
78822
78828
78843
78847
78862
78897
78927
78938
78967
78976
79007
79022
79066
79080
79085
79086
79103
79112
79141
79167
79196
79204
79228
79250
79260
79264
79281
79283
79285
79304
79327
79331
79344
79390
79399
79403
79407
79442
79467
79479
79493
79519
79539
79578
79602
79616
79621
79650
79679
79731
79757
79768
79774
79798
79805
79839
79841
79856
79881
79893
79940
79957
80016
80035
80061
80067
80126
80149
80151
80156
80192
80195
80204
80210
80218
80229
80258
80261
80284
80353
80358
80382
80383
80412
80428
80498
80504
80566
80568
80579
80607
80649
80706
80710
80724
80745
80771
80830
80902
80919
80932
80966
80974
80997
81001
81010
81027
81038
81067
81081
81125
81174
81216
81229
81245
81286
81298
81308
81352
81353
81379
81383
81402
81409
81416
81441
81445
81462
81482
81509
81511
81517
81547
81561
81567
81592
81601
81617
81664
81675
81724
81727
81732
81738
81753
81756
81767
81779
81796
81802
81808
81827
81832
81843
81845
81903
81908
81917
81931
81950
81961
81963
82005
82008
82025
82050
82075
82087
82123
82133
82144
82153
82200
82208
82209
82230
82233
82254
82255
82264
82298
82300
82320
82335
82348
82369
82384
82406
82411
82416
82425
82428
82479
82492
82493
82510
82511
82518
82535
82537
82546
82557
82605
82613
82683
82688
82690
82739
82741
82747
82773
82829
82835
82836
82848
82877
82926
82942
82962
82966
82976
83021
83045
83105
83123
83137
83143
83145
83153
83254
83262
83284
83288
83332
83335
83378
83390
83397
83411
83437
83448
83460
83466
83468
83479
83481
83491
83586
83588
83617
83637
83677
83695
83701
83708
83716
83720
83750
83758
83792
83809
83814
83836
83877
83892
83903
83988
84007
84020
84105
84107
84122
84132
84168
84176
84180
84188
84202
84263
84282
84295
84319
84321
84325
84352
84370
84377
84380
84525
84554
84578
84589
84641
84655
84659
84664
84690
84718
84731
84757
84760
84763
84764
84768
84809
84879
84883
84925
84941
85022
85023
85029
85085
85119
85133
85195
85206
85254
85257
85282
85315
85331
85387
85432
85448
85475
85492
85513
85521
85527
85540
85543
85567
85595
85605
85608
85609
85633
85670
85692
85695
85720
85729
85738
85739
85744
85772
85786
85809
85825
85838
85913
85914
85933
85978
85982
85993
86006
86016
86050
86057
86060
86061
86066
86084
86108
86111
86119
86151
86181
86197
86219
86236
86245
86310
86311
86356
86357
86418
86435
86437
86491
86492
86551
86573
86577
86590
86595
86609
86612
86642
86645
86646
86664
86668
86681
86690
86701
86707
86711
86728
86771
86797
86799
86872
86893
86908
86926
86932
87001
87003
87068
87074
87109
87157
87168
87175
87228
87250
87253
87258
87281
87329
87367
87398
87424
87514
87521
87524
87553
87562
87637
87653
87673
87692
87734
87766
87768
87771
87780
87823
87864
87908
87949
87964
87970
87985
87987
88003
88004
88005
88008
88045
88064
88089
88109
88114
88142
88147
88165
88178
88248
88266
88288
88291
88309
88316
88364
88369
88373
88398
88411
88428
88449
88476
88489
88514
88526
88532
88565
88575
88579
88591
88601
88643
88647
88687
88688
88703
88709
88736
88785
88800
88805
88812
88817
88849
88852
88911
88914
88933
89021
89064
89102
89103
89128
89171
89176
89193
89208
89209
89220
89261
89283
89285
89294
89304
89330
89348
89366
89378
89389
89409
89477
89532
89545
89563
89565
89591
89604
89689
89699
89784
89785
89804
89837
89839
89846
89870
89878
89886
89926
89927
89965
90002
90012
90028
90031
90138
90141
90171
90200
90205
90296
90297
90316
90328
90365
90374
90386
90408
90414
90444
90447
90548
90549
90551
90586
90616
90617
90620
90660
90665
90690
90731
90758
90770
90773
90775
90779
90807
90835
90875
90921
90957
90961
90974
90980
90983
91000
91014
91022
91029
91032
91041
91056
91086
91157
91183
91206
91221
91224
91228
91232
91233
91247
91248
91257
91279
91302
91308
91310
91333
91390
91420
91428
91450
91457
91472
91543
91571
91666
91675
91686
91699
91725
91757
91767
91773
91833
91844
91852
91872
91964
91982
92006
92014
92027
92033
92050
92056
92061
92080
92129
92130
92139
92164
92171
92184
92187
92191
92218
92223
92234
92295
92308
92320
92340
92346
92366
92394
92406
92417
92435
92449
92451
92496
92521
92536
92551
92568
92592
92601
92605
92627
92630
92646
92657
92659
92695
92698
92708
92797
92804
92816
92817
92827
92851
92874
92887
92898
92907
92959
93030
93040
93059
93065
93110
93134
93196
93221
93230
93232
93252
93269
93271
93329
93334
93353
93379
93419
93421
93424
93439
93528
93546
93591
93612
93634
93642
93684
93716
93723
93736
93751
93783
93813
93818
93827
93836
93845
93876
93881
93957
93960
93993
93996
93998
94014
94019
94025
94064
94078
94102
94113
94158
94169
94184
94199
94210
94227
94257
94267
94290
94316
94325
94329
94385
94424
94448
94478
94507
94539
94543
94544
94554
94575
94584
94596
94599
94611
94662
94679
94697
94718
94739
94775
94776
94788
94819
94825
94871
94901
94908
94941
95000
95055
95063
95088
95094
95138
95160
95180
95203
95271
95290
95299
95317
95345
95381
95401
95402
95420
95424
95428
95442
95445
95473
95479
95491
95494
95499
95506
95508
95519
95575
95583
95624
95635
95711
95727
95729
95752
95756
95762
95839
95852
95911
95970
96017
96021
96032
96080
96111
96123
96168
96191
96195
96207
96272
96302
96319
96354
96367
96423
96429
96434
96436
96444
96452
96463
96470
96499
96510
96523
96530
96626
96667
96668
96678
96704
96706
96755
96760
96785
96800
96817
96820
96846
96851
96891
96902
96955
96973
96985
97018
97020
97035
97038
97057
97073
97086
97124
97125
97126
97130
97137
97139
97164
97169
97181
97205
97215
97225
97256
97259
97270
97272
97274
97287
97307
97317
97327
97360
97365
97369
97376
97408
97436
97456
97462
97470
97486
97505
97549
97554
97573
97575
97597
97620
97627
97633
97636
97651
97709
97734
97745
97750
97770
97775
97783
97788
97814
97848
97857
97866
97880
97884
97897
97937
97944
97948
98008
98039
98057
98080
98094
98117
98124
98128
98160
98170
98188
98205
98213
98237
98241
98245
98274
98277
98279
98294
98303
98323
98328
98349
98373
98379
98380
98385
98403
98432
98437
98441
98449
98492
98493
98494
98503
98511
98529
98541
98542
98586
98588
98598
98670
98697
98730
98785
98875
98914
98935
98981
98986
99025
99062
99087
99095
99099
99131
99197
99249
99282
99289
99307
99309
99357
99366
99375
99416
99444
99447
99448
99477
99484
99511
99524
99550
99560
99569
99618
99625
99641
99686
99722
99735
99754
99787
99821
99834
99855
99861
99902
99907
99915
99931
99937
99959
99968
99981
k
