79987
79970
79950
79939
79930
79921
79886
79879
79878
79871
79868
79865
79857
79831
79828
79822
79813
79808
79714
79702
79668
79664
79647
79631
79630
79627
79610
79559
79540
79532
79511
79476
79435
79430
79382
79348
79332
79316
79303
79288
79275
79271
79270
79264
79261
79252
79239
79208
79204
79175
79174
79146
79139
79099
79079
79077
79076
79022
78990
78966
78955
78954
78914
78911
78888
78854
78827
78825
78802
78768
78759
78739
78726
78714
78688
78661
78644
78629
78613
78585
78527
78519
78518
78445
78435
78434
78420
78375
78348
78329
78306
78300
78293
78281
78272
78249
78242
78233
78210
78190
78177
78170
78131
78129
78120
78110
78081
78078
78058
78008
77999
77985
77971
77960
77922
77877
77852
77806
77774
77765
77753
77745
77709
77706
77690
77632
77620
77564
77556
77532
77521
77511
77505
77477
77461
77426
77414
77371
77315
77307
77304
77296
77257
77244
77234
77228
77206
77202
77181
77151
77141
77135
77117
77103
77098
77073
77072
77069
77054
77006
77004
76977
76955
76941
76935
76934
76926
76849
76824
76810
76802
76782
76750
76747
76718
76716
76705
76696
76636
76618
76605
76603
76598
76588
76567
76565
76513
76499
76492
76474
76473
76425
76419
76398
76338
76295
76294
76293
76259
76251
76239
76230
76204
76188
76148
76106
76094
76048
76044
76025
76009
75977
75961
75953
75945
75910
75909
75903
75885
75854
75840
75790
75742
75739
75710
75676
75627
75617
75569
75557
75533
75516
75409
75371
75331
75317
75282
75266
75262
75254
75253
75251
75199
75197
75173
75161
75147
75146
75118
75110
75105
75096
75040
75037
75036
75023
75004
74971
74943
74901
74893
74864
74862
74836
74827
74745
74735
74691
74680
74663
74638
74634
74603
74601
74588
74552
74551
74509
74482
74439
74431
74409
74380
74377
74375
74358
74303
74296
74290
74288
74267
74243
74232
74228
74211
74209
74200
74099
74045
73987
73985
73975
73962
73958
73949
73910
73883
73878
73863
73834
73816
73782
73780
73741
73693
73676
73650
73644
73591
73525
73518
73506
73450
73445
73421
73407
73406
73358
73340
73334
73316
73304
73294
73281
73263
73248
73198
73193
73192
73188
73174
73109
73089
73078
73077
72972
72963
72954
72935
72916
72913
72876
72841
72838
72831
72822
72800
72794
72792
72787
72767
72751
72746
72730
72709
72635
72623
72607
72604
72603
72534
72533
72520
72479
72447
72444
72372
72317
72302
72273
72269
72235
72226
72207
72191
72189
72178
72169
72161
72145
72141
72122
72115
72098
72063
72048
72044
72034
72024
72019
71971
71959
71954
71950
71923
71908
71896
71878
71853
71807
71798
71789
71776
71766
71756
71747
71702
71679
71666
71650
71637
71613
71584
71583
71533
71499
71466
71454
71424
71417
71373
71362
71348
71321
71315
71310
71302
71272
71263
71230
71203
71198
71196
71194
71184
71160
71110
71102
71096
71079
71076
71071
71027
71005
70979
70977
70969
70938
70859
70847
70838
70827
70817
70807
70750
70722
70716
70699
70667
70665
70654
70649
70643
70624
70621
70606
70601
70531
70530
70469
70462
70438
70416
70408
70403
70369
70338
70335
70325
70322
70297
70284
70265
70227
70184
70181
70173
70165
70163
70090
70078
70056
70055
70053
70050
69976
69958
69954
69945
69759
69710
69697
69678
69661
69658
69643
69633
69604
69572
69558
69551
69529
69501
69493
69477
69458
69431
69426
69423
69418
69398
69350
69331
69320
69317
69311
69288
69277
69216
69202
69191
69135
69099
69066
68963
68962
68927
68921
68910
68889
68878
68874
68872
68861
68848
68833
68818
68811
68792
68778
68723
68707
68695
68674
68631
68617
68578
68577
68531
68510
68478
68419
68415
68408
68396
68384
68344
68341
68302
68284
68282
68228
68226
68217
68197
68176
68172
68168
68164
68159
68153
68132
68128
68121
68081
68075
68065
68048
68041
68002
67997
67968
67958
67950
67936
67926
67898
67846
67842
67809
67799
67798
67763
67750
67738
67692
67675
67636
67632
67551
67545
67505
67446
67425
67413
67397
67395
67360
67334
67329
67308
67269
67229
67222
67187
67183
67140
67137
67121
67084
67072
67057
67055
66997
66963
66956
66930
66929
66905
66894
66869
66817
66809
66797
66795
66717
66713
66704
66700
66680
66623
66621
66615
66610
66597
66572
66569
66566
66550
66549
66529
66504
66494
66467
66464
66461
66421
66411
66409
66352
66347
66344
66326
66317
66310
66291
66223
66218
66188
66137
66117
66116
66112
66098
66074
65986
65928
65926
65916
65915
65913
65904
65894
65882
65824
65805
65783
65718
65664
65661
65644
65629
65498
65469
65408
65375
65374
65368
65362
65325
65266
65248
65244
65205
65190
65140
65123
65120
65102
65101
65084
65078
65076
65055
65036
65033
65014
65000
64989
64980
64971
64969
64930
64923
64922
64919
64890
64851
64820
64760
64726
64719
64700
64695
64681
64677
64649
64648
64642
64634
64629
64628
64611
64585
64527
64511
64505
64447
64432
64417
64414
64398
64387
64377
64373
64365
64363
64351
64339
64309
64305
64289
64276
64235
64215
64205
64187
64167
64161
64138
64121
64113
64111
64095
64088
63998
63967
63944
63932
63914
63905
63894
63851
63841
63833
63829
63823
63814
63806
63780
63770
63749
63694
63677
63638
63632
63628
63627
63624
63623
63622
63615
63614
63604
63570
63545
63453
63452
63442
63439
63430
63390
63360
63330
63324
63312
63289
63276
63270
63264
63187
63134
63126
63067
63066
63057
63037
63010
63001
62995
62993
62982
62970
62961
62909
62889
62881
62820
62774
62764
62763
62731
62696
62677
62627
62620
62598
62569
62558
62556
62546
62519
62507
62503
62501
62452
62413
62384
62339
62334
62333
62232
62212
62207
62185
62176
62170
62158
62092
62089
62083
62059
62038
62037
62028
61993
61987
61957
61941
61937
61835
61824
61787
61773
61767
61755
61725
61593
61580
61579
61578
61574
61570
61543
61537
61514
61505
61486
61482
61480
61466
61453
61425
61387
61362
61310
61271
61266
61249
61193
61182
61169
61167
61150
61146
61145
61104
61086
61039
61011
60994
60993
60981
60971
60968
60961
60946
60920
60893
60892
60817
60799
60793
60760
60737
60724
60702
60674
60655
60637
60635
60580
60571
60550
60485
60484
60469
60425
60381
60359
60320
60295
60271
60165
60157
60122
60086
60078
60047
60030
60009
59993
59971
59969
59950
59945
59941
59940
59937
59929
59924
59923
59920
59872
59869
59865
59861
59854
59788
59779
59733
59716
59639
59620
59619
59605
59463
59461
59400
59391
59390
59349
59318
59296
59266
59258
59245
59217
59198
59188
59173
59166
59162
59099
59091
59085
59071
59045
59042
59005
58950
58940
58939
58903
58869
58846
58832
58766
58749
58736
58733
58713
58671
58652
58618
58597
58594
58590
58580
58562
58560
58548
58541
58522
58508
58428
58416
58413
58391
58387
58327
58240
58235
58206
58180
58154
58151
58133
58120
58113
58105
58098
58081
58061
58054
58045
58035
58022
57998
57994
57992
57977
57974
57943
57934
57920
57906
57881
57867
57762
57741
57682
57680
57627
57587
57546
57540
57517
57495
57494
57491
57484
57471
57455
57453
57450
57424
57423
57422
57419
57403
57372
57357
57354
57346
57337
57335
57314
57313
57305
57299
57298
57295
57288
57286
57284
57274
57257
57216
57210
57205
57199
57156
57132
57123
57057
57005
56976
56970
56878
56875
56869
56823
56814
56768
56767
56762
56744
56726
56704
56669
56657
56654
56626
56623
56597
56587
56577
56569
56558
56536
56534
56526
56524
56516
56500
56456
56435
56431
56430
56415
56401
56380
56379
56352
56316
56303
56297
56239
56164
56138
56129
56078
56071
56065
56061
56010
56005
56001
55960
55956
55951
55946
55936
55901
55851
55841
55827
55757
55745
55740
55730
55677
55619
55615
55596
55585
55562
55546
55539
55504
55501
55437
55416
55396
55390
55379
55368
55320
55313
55287
55283
55201
55186
55161
55108
55076
55042
55032
55016
55012
54991
54986
54968
54964
54939
54935
54933
54922
54912
54894
54875
54842
54822
54820
54790
54782
54776
54765
54759
54758
54752
54745
54665
54654
54635
54597
54576
54555
54519
54492
54470
54461
54426
54424
54414
54404
54384
54382
54378
54371
54366
54360
54341
54325
54302
54268
54257
54255
54226
54213
54198
54192
54182
54180
54170
54138
54130
54120
54117
54094
54084
54063
54059
54056
53970
53959
53957
53889
53870
53847
53836
53833
53826
53789
53761
53722
53714
53694
53688
53670
53656
53651
53646
53630
53621
53562
53554
53529
53512
53510
53504
53485
53473
53442
53375
53344
53342
53330
53326
53314
53293
53291
53216
53173
53164
53153
53147
53110
53087
53064
53046
53045
53032
53008
52941
52901
52893
52892
52848
52816
52803
52801
52733
52663
52633
52628
52619
52607
52569
52555
52532
52520
52519
52507
52486
52473
52468
52463
52434
52402
52327
52300
52254
52226
52195
52191
52174
52173
52172
52167
52099
52084
52078
52069
51998
51988
51977
51967
51963
51962
51959
51936
51918
51900
51897
51890
51889
51882
51881
51862
51854
51824
51770
51748
51742
51667
51657
51656
51640
51630
51628
51615
51608
51600
51575
51559
51534
51515
51498
51492
51485
51481
51467
51466
51462
51448
51440
51438
51416
51382
51368
51261
51246
51229
51196
51191
51189
51136
51121
50958
50953
50926
50918
50908
50901
50892
50876
50869
50824
50809
50808
50766
50761
50716
50641
50631
50629
50621
50612
50590
50588
50587
50563
50544
50540
50527
50525
50519
50423
50385
50384
50372
50349
50343
50326
50306
50276
50216
50179
50168
50161
50139
50110
50061
50058
50031
50017
50004
49962
49954
49934
49933
49920
49897
49851
49842
49830
49800
49773
49763
49725
49687
49673
49653
49651
49620
49617
49615
49613
49591
49569
49551
49535
49521
49495
49465
49449
49434
49423
49395
49369
49359
49358
49357
49305
49291
49280
49268
49241
49202
49193
49153
49120
49069
49055
49053
49050
49038
48946
48900
48891
48879
48853
48844
48840
48820
48802
48793
48744
48716
48715
48701
48690
48674
48663
48643
48622
48614
48583
48571
48561
48554
48530
48496
48490
48473
48452
48443
48384
48381
48364
48359
48331
48299
48295
48256
48218
48188
48186
48157
48148
48131
48088
48081
48059
48045
48021
48006
47992
47986
47978
47933
47889
47880
47870
47863
47860
47854
47837
47826
47801
47794
47732
47730
47726
47721
47715
47643
47638
47623
47615
47602
47590
47587
47484
47480
47475
47461
47457
47446
47435
47431
47416
47402
47396
47336
47321
47319
47285
47257
47204
47176
47159
47128
47108
47088
47081
47080
47067
47005
46990
46961
46950
46931
46920
46917
46902
46894
46882
46849
46794
46760
46757
46725
46714
46691
46682
46675
46662
46652
46630
46605
46567
46559
46515
46501
46484
46473
46459
46409
46405
46403
46386
46359
46319
46318
46315
46304
46270
46261
46212
46192
46188
46177
46175
46150
46117
46094
46005
46003
45971
45965
45911
45902
45881
45871
45820
45812
45775
45746
45731
45724
45723
45708
45694
45621
45611
45604
45570
45557
45539
45538
45521
45485
45483
45474
45453
45447
45445
45439
45373
45367
45366
45358
45354
45345
45322
45314
45313
45256
45249
45246
45223
45188
45177
45161
45160
45157
45139
45079
45030
45014
45004
45003
44994
44968
44935
44930
44928
44893
44884
44881
44875
44846
44773
44765
44761
44708
44680
44667
44662
44659
44658
44651
44650
44616
44577
44573
44571
44565
44560
44555
44412
44389
44371
44370
44359
44355
44334
44302
44299
44278
44277
44228
44195
44176
44134
44107
44101
44084
44060
44047
44021
43993
43954
43950
43935
43902
43896
43876
43852
43850
43834
43831
43788
43771
43754
43725
43722
43720
43717
43703
43700
43687
43683
43598
43585
43579
43545
43503
43484
43389
43314
43262
43233
43166
43162
43159
43147
43137
43121
43073
43037
43001
42984
42963
42925
42909
42896
42861
42848
42836
42816
42803
42720
42682
42642
42632
42624
42609
42605
42570
42553
42550
42542
42526
42503
42480
42448
42445
42427
42426
42425
42397
42358
42355
42351
42331
42322
42269
42238
42235
42231
42226
42223
42202
42121
42113
42103
42068
42041
42037
42022
42013
41993
41967
41946
41944
41912
41908
41864
41857
41836
41791
41781
41734
41730
41635
41586
41583
41572
41567
41562
41528
41519
41452
41398
41350
41335
41275
41268
41256
41248
41246
41241
41233
41229
41148
41141
41133
41111
41099
41097
41093
41073
41050
40992
40962
40952
40950
40945
40926
40910
40881
40868
40867
40856
40848
40836
40815
40734
40733
40709
40680
40666
40657
40646
40642
40602
40587
40501
40479
40477
40454
40449
40436
40422
40393
40390
40366
40365
40338
40321
40283
40276
40248
40170
40153
40152
40151
40137
40095
40090
40089
40081
40066
40059
40046
40036
40025
40006
39996
39993
39990
39939
39937
39933
39910
39904
39865
39863
39860
39816
39799
39794
39782
39778
39750
39718
39717
39695
39690
39686
39627
39626
39622
39621
39614
39596
39556
39520
39514
39499
39487
39464
39386
39352
39268
39244
39211
39204
39202
39195
39194
39183
39173
39172
39155
39101
39078
39066
39048
39037
39035
39022
39004
38988
38984
38963
38896
38768
38767
38750
38731
38716
38705
38682
38631
38597
38585
38575
38544
38533
38459
38451
38434
38429
38316
38285
38259
38195
38192
38191
38167
38159
38147
38137
38105
38099
38089
38082
38073
38054
38041
38031
38025
38023
38006
37968
37953
37943
37861
37847
37831
37824
37800
37771
37759
37724
37717
37714
37709
37702
37686
37681
37655
37634
37602
37592
37573
37558
37551
37550
37525
37505
37482
37464
37460
37457
37402
37372
37346
37335
37316
37297
37260
37257
37240
37208
37198
37192
37170
37129
37126
37112
37094
36999
36962
36914
36913
36908
36903
36900
36845
36838
36826
36766
36764
36760
36717
36707
36688
36652
36651
36645
36628
36603
36559
36512
36472
36469
36457
36431
36400
36398
36397
36383
36339
36316
36294
36265
36241
36218
36209
36203
36177
36156
36153
36118
36100
36078
36066
36041
36030
36010
35999
35987
35953
35943
35940
35902
35899
35878
35867
35858
35837
35799
35798
35794
35767
35760
35737
35730
35712
35656
35650
35639
35618
35616
35571
35512
35429
35423
35403
35393
35379
35356
35344
35336
35314
35303
35286
35279
35256
35252
35237
35222
35195
35193
35185
35135
35104
35101
35087
35078
35058
35033
34977
34971
34965
34909
34861
34833
34807
34746
34706
34647
34643
34614
34608
34603
34602
34587
34578
34575
34557
34541
34526
34476
34444
34439
34391
34370
34345
34337
34328
34317
34307
34242
34188
34187
34182
34177
34176
34168
34164
34129
34098
34091
34044
34041
34020
34019
34017
33989
33971
33953
33942
33903
33833
33824
33822
33808
33795
33788
33778
33763
33754
33726
33706
33681
33646
33645
33640
33606
33560
33557
33540
33467
33458
33411
33329
33318
33315
33307
33302
33285
33266
33193
33191
33151
33125
33123
33119
33090
33064
33052
33046
33045
33037
33017
32971
32969
32911
32903
32821
32810
32792
32760
32742
32739
32736
32721
32710
32707
32703
32684
32682
32661
32633
32596
32559
32530
32510
32490
32476
32464
32407
32402
32394
32380
32372
32319
32304
32292
32261
32249
32239
32201
32182
32174
32119
32118
32083
32074
32072
32056
32036
32029
32005
32001
31990
31956
31950
31949
31948
31940
31939
31938
31934
31926
31916
31903
31873
31833
31825
31816
31795
31790
31756
31751
31736
31665
31631
31626
31561
31516
31490
31483
31471
31395
31380
31358
31351
31317
31307
31303
31230
31218
31211
31184
31169
31158
31139
31111
31105
31086
31063
31035
30987
30983
30981
30935
30929
30922
30918
30897
30882
30865
30860
30849
30843
30833
30806
30787
30785
30779
30762
30760
30759
30754
30745
30738
30726
30723
30720
30701
30673
30668
30655
30653
30618
30589
30563
30553
30551
30543
30532
30531
30528
30527
30509
30486
30465
30438
30425
30421
30350
30342
30334
30309
30305
30298
30283
30251
30195
30182
30145
30135
30121
30120
30100
30077
30059
30040
30032
30028
29995
29867
29856
29846
29813
29807
29760
29758
29753
29750
29733
29713
29712
29696
29622
29579
29554
29538
29518
29489
29476
29474
29439
29431
29416
29351
29336
29308
29291
29287
29282
29272
29259
29255
29236
29229
29153
29146
29095
29088
29056
29055
29048
29030
29015
28985
28959
28914
28884
28871
28861
28815
28810
28794
28722
28701
28697
28644
28638
28619
28614
28598
28594
28591
28569
28541
28529
28465
28457
28402
28355
28341
28334
28322
28315
28313
28311
28310
28302
28293
28288
28269
28263
28245
28203
28186
28177
28124
28123
28105
28084
28083
28082
28071
28039
28037
28034
28020
28015
28014
28002
27986
27972
27964
27927
27919
27916
27903
27899
27894
27882
27881
27831
27796
27787
27766
27763
27755
27754
27740
27688
27686
27683
27682
27679
27675
27529
27527
27516
27512
27477
27462
27459
27431
27430
27420
27400
27398
27394
27381
27374
27353
27352
27334
27332
27323
27280
27276
27261
27201
27162
27131
27116
27108
27095
27076
27074
27064
27063
27026
27013
26992
26974
26968
26948
26929
26898
26877
26866
26800
26777
26737
26727
26719
26710
26700
26691
26655
26617
26602
26561
26546
26527
26504
26499
26491
26485
26479
26474
26472
26459
26451
26444
26240
26237
26181
26040
26004
25958
25951
25943
25931
25928
25888
25876
25867
25857
25851
25843
25807
25799
25789
25788
25773
25762
25729
25712
25705
25691
25675
25665
25654
25601
25590
25551
25541
25517
25512
25507
25487
25478
25450
25445
25368
25321
25279
25264
25262
25228
25193
25150
25143
25118
25100
25091
25081
25025
25020
25018
25004
24993
24989
24944
24917
24906
24904
24889
24877
24835
24826
24811
24794
24787
24772
24758
24749
24632
24606
24603
24591
24577
24558
24557
24501
24482
24479
24464
24456
24454
24449
24447
24441
24421
24418
24417
24391
24387
24381
24361
24347
24343
24334
24313
24311
24227
24221
24217
24205
24148
24131
24118
24086
24068
24032
24022
23984
23977
23966
23921
23895
23890
23872
23860
23826
23813
23801
23796
23677
23672
23667
23657
23632
23602
23557
23528
23487
23468
23409
23401
23383
23348
23340
23317
23312
23274
23248
23241
23238
23224
23221
23171
23095
23089
23071
23027
22998
22996
22974
22969
22958
22919
22864
22857
22809
22800
22796
22789
22774
22770
22702
22684
22676
22668
22654
22619
22615
22614
22585
22581
22576
22572
22567
22564
22545
22537
22482
22457
22436
22415
22392
22378
22375
22372
22333
22324
22321
22320
22299
22286
22262
22224
22213
22206
22203
22176
22135
22132
22115
22081
22032
21964
21957
21938
21928
21850
21837
21806
21782
21775
21773
21770
21763
21760
21734
21721
21701
21700
21673
21635
21539
21491
21479
21460
21413
21374
21350
21319
21295
21292
21288
21279
21277
21255
21225
21217
21214
21203
21200
21182
21139
21119
21082
21076
21051
21035
21006
20975
20954
20939
20937
20907
20903
20853
20841
20793
20786
20765
20762
20742
20718
20612
20608
20592
20560
20550
20537
20526
20460
20442
20424
20423
20416
20390
20367
20359
20342
20337
20333
20283
20274
20263
20260
20257
20240
20230
20213
20147
20116
20097
20087
20082
20040
20039
20007
19979
19905
19881
19876
19858
19706
19703
19699
19695
19677
19668
19636
19613
19581
19516
19512
19486
19482
19466
19406
19400
19397
19375
19326
19290
19256
19240
19233
19200
19177
19176
19153
19148
19108
19099
19069
19057
19041
19025
19023
19017
18965
18945
18896
18888
18885
18882
18881
18879
18870
18859
18855
18842
18831
18804
18787
18785
18784
18747
18743
18709
18661
18618
18602
18586
18565
18499
18484
18446
18417
18401
18395
18360
18347
18346
18345
18340
18280
18268
18242
18240
18223
18218
18194
18185
18183
18175
18111
18095
18088
18082
18070
18064
18050
18047
18009
18005
17974
17951
17935
17932
17894
17854
17836
17834
17802
17774
17764
17745
17735
17713
17693
17689
17687
17673
17659
17657
17648
17643
17638
17634
17626
17608
17571
17570
17565
17554
17551
17516
17492
17490
17467
17426
17402
17359
17349
17346
17340
17331
17312
17264
17222
17200
17152
17114
17103
17098
17093
17074
17051
17003
16965
16875
16868
16806
16748
16740
16730
16681
16667
16653
16652
16629
16623
16594
16577
16566
16532
16531
16493
16483
16475
16457
16447
16380
16370
16313
16278
16267
16255
16236
16213
16156
16124
16122
16119
16098
16080
16046
16044
16037
16031
16023
16010
16003
15994
15989
15959
15948
15941
15928
15925
15879
15866
15835
15827
15800
15793
15767
15753
15669
15629
15603
15597
15565
15501
15496
15469
15451
15441
15438
15429
15417
15344
15301
15282
15273
15233
15232
15225
15213
15204
15199
15169
15152
15146
15112
15106
15098
15085
15071
15061
15043
15042
15025
15003
14997
14967
14946
14924
14894
14888
14881
14863
14771
14759
14737
14728
14674
14671
14654
14650
14607
14556
14553
14546
14543
14541
14524
14519
14488
14476
14447
14442
14437
14428
14396
14378
14374
14349
14245
14231
14229
14206
14205
14169
14164
14158
14137
14110
14083
14033
14025
14019
14011
13941
13919
13904
13885
13875
13863
13856
13840
13827
13825
13815
13799
13796
13778
13774
13755
13753
13734
13722
13721
13717
13681
13679
13668
13648
13600
13588
13584
13537
13521
13478
13451
13429
13398
13392
13388
13355
13337
13321
13308
13292
13266
13237
13235
13232
13228
13227
13216
13181
13165
13126
13125
13106
13063
13062
13054
13018
12991
12990
12972
12969
12960
12955
12923
12922
12921
12884
12874
12863
12858
12825
12782
12762
12753
12744
12719
12713
12709
12707
12695
12681
12678
12675
12662
12647
12606
12583
12564
12558
12556
12552
12517
12516
12499
12479
12458
12441
12425
12346
12308
12275
12237
12231
12216
12208
12202
12197
12194
12182
12165
12150
12135
12124
12123
12111
12098
12094
12065
12054
12046
12041
12025
12020
12002
11985
11972
11942
11868
11842
11841
11836
11816
11795
11776
11732
11718
11689
11671
11645
11632
11615
11601
11579
11560
11483
11443
11433
11423
11387
11371
11333
11319
11317
11316
11296
11281
11240
11223
11209
11154
11139
11080
11059
11036
11024
11022
11008
11005
10961
10934
10901
10869
10858
10844
10835
10788
10778
10733
10725
10642
10639
10588
10566
10492
10475
10420
10417
10385
10363
10303
10291
10274
10270
10261
10234
10213
10199
10167
10156
10091
10056
10009
10007
10000
9997
9989
9968
9940
9936
9934
9926
9918
9894
9893
9871
9869
9833
9821
9778
9775
9745
9744
9731
9728
9721
9712
9711
9673
9645
9640
9627
9596
9580
9567
9566
9551
9526
9518
9479
9432
9426
9421
9399
9372
9359
9349
9297
9272
9249
9246
9239
9224
9216
9149
9127
9102
9101
9080
9055
9052
9049
9038
9001
8985
8947
8927
8914
8912
8900
8881
8871
8833
8831
8822
8812
8779
8768
8727
8697
8690
8688
8671
8660
8654
8625
8613
8602
8585
8561
8542
8524
8520
8513
8445
8432
8346
8342
8339
8338
8309
8304
8302
8288
8277
8255
8236
8222
8187
8148
8122
8111
8091
8086
8081
8023
7986
7967
7964
7932
7903
7877
7865
7863
7837
7828
7819
7811
7765
7747
7737
7719
7686
7582
7572
7566
7527
7519
7518
7502
7490
7488
7464
7443
7430
7382
7379
7357
7314
7291
7273
7268
7236
7184
7176
7171
7169
7153
7134
7129
7085
7038
7030
7008
6998
6992
6991
6977
6971
6941
6923
6917
6899
6867
6848
6828
6815
6802
6795
6766
6751
6745
6743
6723
6704
6698
6688
6674
6613
6603
6602
6598
6553
6551
6530
6519
6517
6514
6507
6457
6446
6432
6423
6415
6401
6319
6279
6268
6251
6248
6242
6223
6196
6166
6153
6104
6088
6077
6067
6042
6026
6022
6012
5988
5973
5972
5939
5912
5904
5893
5892
5888
5847
5837
5831
5810
5801
5761
5743
5700
5652
5617
5603
5579
5577
5542
5526
5518
5482
5463
5461
5437
5406
5385
5374
5340
5312
5302
5273
5216
5213
5211
5202
5184
5176
5077
5076
5065
5023
5015
5005
4920
4916
4910
4884
4858
4824
4813
4808
4806
4793
4750
4708
4695
4666
4647
4644
4596
4585
4578
4574
4555
4546
4528
4514
4499
4449
4442
4441
4411
4410
4408
4373
4367
4328
4326
4319
4302
4251
4243
4227
4226
4214
4169
4160
4151
4086
4074
4073
4069
4038
4020
4002
3998
3991
3973
3966
3925
3919
3904
3901
3882
3876
3868
3792
3780
3770
3718
3715
3677
3614
3581
3580
3513
3503
3493
3483
3475
3466
3434
3423
3359
3357
3348
3332
3311
3308
3228
3227
3197
3188
3156
3131
3117
3108
3092
3040
3027
3019
3000
2985
2971
2918
2906
2902
2869
2867
2854
2850
2835
2774
2757
2709
2699
2691
2682
2676
2670
2664
2657
2637
2633
2628
2619
2592
2575
2572
2571
2530
2505
2501
2462
2435
2383
2351
2329
2323
2319
2293
2236
2226
2211
2205
2192
2191
2184
2167
2132
2128
2108
2093
2067
2025
1950
1948
1924
1912
1883
1877
1829
1774
1716
1697
1664
1654
1628
1616
1599
1581
1552
1548
1520
1438
1424
1403
1398
1357
1306
1289
1269
1222
1155
1092
1087
1082
1070
1043
1034
1009
999
995
988
978
974
957
911
858
857
850
846
840
819
779
773
772
768
766
754
753
738
728
722
720
682
650
643
629
616
595
587
547
483
447
433
404
403
392
327
302
286
275
264
263
255
251
250
248
237
236
225
212
203
199
195
171
163
143
141
140
113
106
79
67
37
27
39
52
69
75
99
118
124
162
168
183
196
201
223
336
389
445
450
481
482
487
528
541
544
560
565
587
598
640
650
651
684
689
702
712
727
741
746
755
758
771
790
806
830
865
902
944
954
964
966
976
988
997
1029
1040
1051
1052
1053
1058
1071
1072
1125
1132
1148
1199
1218
1252
1255
1278
1281
1328
1363
1404
1419
1429
1484
1486
1529
1566
1579
1610
1645
1658
1674
1694
1715
1718
1780
1833
1839
1866
1900
1905
1972
1996
2079
2103
2122
2133
2136
2153
2176
2190
2192
2227
2233
2256
2270
2313
2314
2339
2344
2360
2408
2424
2449
2464
2482
2500
2502
2507
2526
2556
2558
2607
2624
2632
2644
2680
2689
2729
2731
2734
2750
2752
2757
2786
2854
2866
2921
2928
2938
2944
2956
2966
2972
3004
3025
3030
3053
3059
3084
3098
3113
3125
3133
3151
3155
3161
3175
3182
3207
3243
3250
3254
3274
3287
3292
3300
3345
3352
3354
3356
3366
3367
3404
3409
3411
3412
3463
3467
3476
3490
3505
3550
3574
3578
3588
3596
3627
3639
3640
3647
3651
3681
3693
3706
3743
3772
3803
3870
3877
3920
3921
3929
3970
4012
4013
4020
4026
4043
4046
4061
4063
4069
4070
4110
4113
4162
4163
4183
4220
4233
4267
4343
4366
4388
4404
4407
4467
4494
4521
4525
4563
4575
4585
4599
4634
4643
4676
4714
4721
4733
4734
4738
4751
4791
4799
4859
4904
4906
4985
5040
5102
5126
5140
5195
5226
5228
5244
5245
5254
5282
5292
5321
5330
5340
5372
5376
5413
5429
5525
5537
5548
5558
5585
5598
5602
5609
5653
5661
5704
5707
5749
5773
5789
5794
5817
5824
5885
5896
5973
5981
5995
6010
6018
6045
6086
6098
6117
6153
6163
6173
6175
6178
6248
6270
6333
6338
6339
6342
6350
6398
6406
6414
6441
6453
6455
6474
6475
6495
6506
6518
6525
6564
6567
6599
6609
6617
6640
6645
6646
6651
6684
6693
6697
6698
6709
6710
6745
6784
6804
6805
6816
6833
6858
6881
6920
6962
6980
6986
6988
7006
7011
7068
7072
7133
7141
7151
7168
7187
7221
7242
7253
7273
7285
7289
7292
7296
7307
7308
7319
7320
7380
7412
7423
7472
7484
7489
7495
7506
7519
7520
7526
7536
7542
7563
7584
7593
7602
7605
7667
7683
7704
7710
7746
7758
7763
7817
7921
7930
8081
8096
8101
8106
8147
8158
8173
8192
8199
8208
8219
8221
8243
8251
8259
8310
8313
8350
8354
8359
8375
8412
8415
8452
8466
8485
8541
8544
8554
8605
8630
8635
8647
8665
8673
8685
8694
8777
8778
8788
8825
8836
8845
8866
8884
8933
8937
8974
8983
8985
8989
8991
9019
9026
9033
9147
9164
9176
9221
9259
9266
9306
9317
9347
9350
9366
9409
9415
9447
9550
9555
9563
9564
9639
9640
9651
9673
9681
9699
9705
9714
9736
9763
9766
9788
9809
9853
9879
9956
9974
9988
10024
10064
10073
10079
10086
10091
10122
10124
10130
10137
10145
10152
10209
10219
10237
10238
10264
10273
10274
10285
10289
10331
10367
10372
10401
10420
10428
10431
10447
10456
10508
10514
10518
10534
10569
10603
10635
10671
10684
10701
10731
10743
10760
10783
10791
10797
10809
10824
10898
10931
10934
10940
10943
10997
11008
11018
11044
11064
11073
11084
11102
11123
11128
11148
11206
11210
11247
11269
11287
11298
11306
11312
11315
11330
11355
11372
11385
11389
11390
11406
11421
11444
11516
11531
11552
11581
11589
11591
11645
11681
11683
11684
11725
11763
11790
11813
11815
11841
11851
11856
11867
11900
11908
11915
11917
11921
11933
11934
11940
12025
12029
12057
12064
12080
12148
12149
12167
12173
12185
12245
12293
12327
12334
12337
12350
12352
12379
12390
12393
12401
12423
12477
12482
12485
12491
12501
12503
12504
12511
12512
12520
12522
12547
12569
12572
12584
12588
12617
12701
12707
12716
12729
12759
12803
12809
12830
12839
12866
12890
12912
12918
12927
12941
13010
13014
13086
13145
13170
13186
13243
13262
13270
13278
13336
13379
13387
13391
13399
13415
13445
13470
13530
13538
13543
13564
13568
13572
13587
13625
13653
13669
13670
13677
13687
13805
13821
13830
13835
13843
13851
13861
13894
13909
13937
13946
13969
13978
14006
14028
14029
14044
14088
14090
14103
14109
14142
14165
14171
14178
14233
14242
14255
14267
14286
14320
14334
14336
14373
14397
14440
14442
14461
14472
14497
14509
14511
14552
14559
14561
14575
14599
14637
14704
14712
14803
14813
14844
14849
14891
14948
14962
14971
14983
14998
15007
15013
15019
15022
15033
15055
15067
15071
15097
15122
15131
15136
15137
15166
15189
15210
15218
15222
15266
15280
15296
15333
15338
15409
15416
15429
15442
15456
15493
15560
15571
15581
15596
15603
15622
15629
15693
15695
15702
15779
15806
15810
15839
15885
15889
15907
15925
15930
15942
15948
15961
16059
16075
16078
16152
16177
16219
16246
16251
16259
16285
16360
16391
16397
16417
16439
16447
16461
16487
16502
16529
16535
16572
16575
16585
16602
16613
16651
16686
16687
16694
16714
16727
16789
16824
16852
16861
16862
16890
16897
16901
16904
16946
16955
16993
17035
17049
17057
17068
17071
17074
17078
17091
17098
17145
17155
17179
17200
17211
17230
17231
17274
17312
17364
17373
17376
17377
17382
17401
17403
17445
17466
17507
17512
17533
17565
17599
17602
17641
17665
17666
17680
17683
17713
17717
17718
17733
17766
17783
17853
17866
17901
17919
17936
17954
17960
17964
17965
17982
18006
18071
18099
18108
18115
18120
18121
18133
18150
18160
18193
18258
18275
18280
18292
18317
18363
18375
18408
18429
18447
18462
18484
18490
18498
18545
18546
18563
18569
18574
18580
18669
18674
18676
18685
18696
18701
18731
18758
18785
18809
18851
18862
18938
18951
18958
18971
18996
19019
19028
19042
19049
19054
19063
19065
19086
19156
19158
19161
19183
19191
19202
19206
19215
19216
19236
19260
19276
19300
19330
19352
19359
19361
19391
19419
19420
19436
19488
19492
19499
19523
19530
19532
19551
19578
19582
19645
19718
19763
19812
19865
19927
19958
20027
20030
20034
20048
20095
20107
20135
20153
20161
20164
20183
20208
20227
20229
20245
20257
20276
20282
20289
20317
20324
20331
20351
20387
20419
20443
20449
20486
20488
20489
20501
20570
20571
20577
20584
20605
20614
20621
20664
20708
20736
20741
20748
20754
20763
20783
20838
20850
20879
20901
20924
20984
20987
20991
20994
21019
21025
21031
21054
21064
21082
21084
21093
21137
21138
21160
21161
21162
21164
21169
21178
21219
21221
21328
21383
21396
21406
21413
21424
21427
21435
21463
21476
21482
21490
21509
21537
21564
21584
21593
21609
21612
21625
21646
21649
21678
21701
21702
21734
21756
21798
21808
21809
21841
21864
21889
21908
21939
21948
21953
21962
21997
22017
22022
22023
22059
22073
22075
22077
22099
22121
22136
22147
22149
22170
22175
22176
22190
22202
22259
22263
22275
22285
22302
22305
22337
22358
22378
22430
22462
22469
22479
22498
22503
22601
22605
22611
22617
22629
22658
22708
22711
22717
22723
22755
22764
22796
22813
22831
22886
22888
22898
22904
22924
22962
22967
22975
22977
22996
23016
23030
23055
23084
23132
23153
23162
23184
23191
23210
23240
23242
23276
23291
23300
23313
23341
23375
23381
23454
23532
23534
23535
23537
23565
23571
23589
23598
23613
23629
23719
23743
23758
23787
23797
23803
23879
23894
23895
23904
23914
23927
23928
23929
23941
24012
24020
24031
24034
24036
24124
24145
24155
24185
24187
24281
24293
24310
24363
24395
24396
24402
24480
24492
24507
24509
24515
24518
24519
24534
24537
24542
24576
24580
24596
24601
24609
24654
24657
24700
24740
24741
24745
24773
24779
24792
24891
24893
24914
24921
24922
24931
24938
24968
24999
25011
25033
25050
25061
25070
25076
25094
25099
25113
25133
25137
25142
25205
25209
25212
25266
25290
25305
25324
25328
25335
25372
25374
25381
25389
25396
25410
25412
25433
25448
25459
25473
25486
25503
25506
25560
25567
25582
25633
25648
25649
25672
25674
25722
25727
25739
25742
25753
25776
25794
25803
25826
25875
25884
25902
25933
25941
25947
25974
25986
25991
25995
25999
26013
26053
26059
26061
26083
26115
26128
26156
26175
26196
26207
26221
26236
26241
26243
26247
26248
26259
26269
26273
26295
26296
26340
26363
26395
26411
26441
26511
26549
26553
26555
26617
26621
26643
26655
26658
26679
26692
26704
26729
26746
26762
26768
26769
26781
26793
26838
26855
26862
26868
27003
27038
27056
27066
27083
27089
27128
27181
27190
27212
27216
27241
27246
27317
27376
27389
27399
27431
27439
27441
27464
27516
27543
27549
27592
27597
27610
27635
27639
27679
27689
27701
27704
27706
27718
27737
27757
27865
27883
27910
27929
27954
27959
27963
27968
27974
27984
27994
28034
28063
28064
28080
28102
28143
28154
28164
28166
28179
28205
28237
28244
28275
28298
28305
28313
28327
28336
28419
28465
28495
28502
28508
28525
28574
28584
28585
28591
28618
28660
28665
28668
28675
28701
28718
28732
28738
28805
28806
28845
28889
28927
28934
28937
28945
28969
28991
28997
29013
29037
29101
29126
29136
29181
29195
29208
29232
29241
29264
29278
29303
29304
29319
29325
29348
29368
29383
29391
29402
29410
29417
29460
29466
29483
29488
29519
29529
29540
29541
29563
29592
29645
29654
29666
29682
29706
29707
29767
29789
29803
29812
29864
29893
29916
29923
29955
29958
29960
29967
29976
30025
30085
30095
30113
30121
30197
30208
30232
30238
30245
30257
30291
30359
30369
30375
30380
30384
30405
30406
30425
30445
30448
30466
30491
30547
30586
30618
30622
30689
30698
30701
30717
30722
30761
30762
30779
30781
30802
30805
30811
30845
30870
30871
30879
30904
30943
30946
30969
30980
30994
31013
31056
31073
31075
31112
31115
31116
31142
31152
31184
31199
31219
31244
31293
31309
31340
31344
31364
31432
31435
31461
31468
31504
31512
31516
31527
31557
31592
31633
31641
31668
31677
31730
31735
31763
31783
31800
31838
31840
31844
31848
31913
31925
31929
31962
31985
31987
32001
32002
32003
32005
32008
32027
32042
32076
32127
32128
32137
32145
32146
32155
32174
32190
32196
32230
32284
32299
32352
32358
32380
32381
32394
32409
32531
32570
32597
32657
32676
32681
32707
32784
32819
32841
32854
32855
32889
32905
32944
33019
33082
33086
33102
33118
33195
33209
33236
33278
33281
33315
33409
33446
33465
33479
33530
33533
33555
33564
33640
33664
33681
33710
33752
33789
33795
33797
33888
34031
34062
34072
34078
34079
34081
34114
34132
34133
34173
34194
34200
34238
34255
34299
34300
34316
34328
34348
34378
34382
34419
34441
34449
34474
34476
34512
34541
34553
34587
34591
34626
34653
34660
34668
34715
34716
34740
34765
34780
34788
34806
34819
34875
34895
34917
34975
35017
35072
35114
35150
35238
35239
35240
35249
35262
35268
35297
35298
35314
35325
35345
35347
35364
35371
35409
35410
35427
35463
35541
35543
35571
35586
35605
35615
35666
35677
35709
35710
35722
35759
35781
35822
35847
35849
35854
35863
35865
35926
35927
35974
36006
36024
36048
36051
36119
36167
36186
36208
36209
36237
36242
36270
36276
36290
36308
36321
36334
36339
36348
36355
36358
36392
36405
36459
36488
36509
36518
36527
36620
36659
36702
36717
36719
36772
36778
36794
36795
36811
36849
36863
36878
36911
36917
36929
36933
36958
36973
37017
37020
37036
37050
37059
37067
37080
37108
37134
37145
37181
37182
37210
37211
37222
37229
37235
37257
37304
37355
37372
37383
37407
37434
37477
37479
37489
37500
37511
37534
37550
37567
37574
37578
37592
37594
37597
37622
37642
37648
37649
37651
37653
37660
37689
37707
37741
37754
37763
37799
37803
37810
37873
37899
37930
37941
37967
38000
38024
38039
38043
38044
38052
38058
38078
38097
38107
38125
38180
38185
38186
38227
38229
38240
38241
38257
38305
38320
38340
38373
38378
38386
38409
38410
38426
38432
38456
38487
38489
38492
38502
38512
38531
38540
38541
38613
38627
38634
38645
38670
38676
38698
38719
38747
38764
38769
38782
38822
38842
38847
38849
38850
38863
38882
38883
38914
38923
38925
38928
38932
39017
39019
39033
39089
39099
39101
39109
39121
39143
39153
39155
39157
39176
39191
39219
39231
39232
39267
39279
39329
39348
39356
39363
39380
39383
39398
39431
39480
39511
39520
39544
39553
39591
39604
39608
39666
39675
39684
39757
39770
39780
39865
39867
39874
39886
39891
39934
39965
39972
39998
40002
40004
40007
40018
40020
40037
40038
40065
40068
40082
40091
40153
40170
40175
40185
40191
40198
40230
40248
40286
40298
40333
40351
40354
40425
40430
40456
40483
40504
40574
40592
40597
40624
40667
40682
40714
40731
40740
40746
40753
40758
40763
40768
40863
40882
40902
40909
40921
40929
40942
40969
41003
41023
41024
41068
41077
41105
41119
41130
41137
41154
41206
41233
41238
41299
41324
41343
41354
41393
41401
41432
41465
41482
41488
41514
41518
41571
41592
41596
41598
41608
41626
41629
41672
41691
41710
41721
41734
41738
41746
41818
41823
41826
41834
41840
41855
41862
41875
41876
41880
41884
41912
41919
41930
41966
41977
42000
42011
42016
42079
42099
42122
42123
42144
42164
42209
42225
42229
42246
42249
42255
42282
42288
42304
42316
42339
42343
42362
42374
42446
42479
42545
42552
42566
42582
42605
42612
42637
42672
42675
42682
42709
42716
42720
42733
42735
42776
42781
42839
42859
42872
42880
42959
42973
43008
43013
43022
43023
43059
43073
43084
43087
43108
43140
43150
43187
43199
43201
43233
43254
43270
43282
43294
43311
43315
43365
43373
43377
43390
43418
43429
43442
43451
43465
43472
43481
43492
43553
43567
43574
43575
43630
43637
43680
43696
43724
43749
43777
43778
43792
43822
43823
43846
43929
43968
43976
44026
44035
44055
44112
44189
44194
44203
44211
44221
44229
44270
44294
44318
44319
44325
44388
44405
44408
44413
44425
44468
44470
44494
44502
44577
44587
44594
44597
44619
44659
44677
44693
44702
44731
44734
44803
44809
44810
44826
44830
44859
44876
44900
44913
44925
44932
45000
45015
45047
45050
45067
45087
45179
45202
45226
45229
45276
45282
45300
45341
45362
45367
45413
45435
45481
45494
45540
45550
45570
45574
45587
45695
45730
45745
45757
45761
45774
45792
45818
45823
45838
45842
45846
45847
45851
45893
45906
45934
45967
45991
46014
46021
46031
46037
46102
46103
46118
46142
46158
46179
46201
46208
46209
46220
46251
46257
46258
46299
46348
46418
46419
46421
46431
46472
46492
46562
46576
46605
46620
46631
46635
46742
46759
46783
46796
46822
46825
46861
46891
46894
46916
46922
46949
47026
47104
47121
47122
47127
47134
47188
47208
47216
47233
47236
47244
47257
47272
47287
47293
47294
47414
47426
47431
47476
47528
47544
47579
47581
47629
47651
47701
47788
47792
47794
47804
47825
47864
47884
47903
47905
47949
47969
47971
47977
48008
48017
48040
48077
48113
48142
48157
48206
48215
48219
48252
48277
48291
48312
48330
48353
48354
48413
48483
48487
48493
48496
48503
48509
48515
48545
48555
48599
48603
48606
48616
48619
48632
48642
48662
48672
48682
48698
48713
48730
48771
48772
48790
48795
48796
48844
48845
48862
48910
48927
48932
48969
48982
49014
49016
49035
49046
49054
49079
49084
49090
49141
49143
49232
49261
49268
49270
49300
49350
49377
49379
49412
49416
49460
49466
49478
49490
49501
49502
49504
49506
49514
49558
49592
49642
49658
49673
49675
49687
49710
49720
49730
49741
49743
49748
49766
49773
49784
49796
49800
49801
49815
49854
50000
50019
50061
50085
50135
50145
50177
50203
50227
50229
50233
50245
50254
50266
50298
50315
50330
50344
50379
50431
50445
50455
50478
50489
50515
50572
50587
50665
50683
50684
50685
50694
50714
50737
50750
50754
50774
50785
50786
50834
50855
50889
50913
50917
50942
50952
50982
51012
51023
51030
51032
51038
51039
51043
51070
51123
51150
51159
51176
51212
51213
51247
51265
51297
51314
51321
51409
51414
51426
51447
51449
51450
51453
51455
51465
51469
51511
51555
51560
51562
51566
51583
51588
51617
51637
51645
51662
51664
51685
51727
51761
51773
51818
51826
51863
51875
51901
51910
51913
51917
51919
51936
51955
51960
51973
51989
51995
52004
52023
52059
52102
52152
52164
52179
52224
52257
52258
52265
52312
52344
52366
52371
52391
52394
52447
52459
52483
52495
52497
52529
52562
52583
52587
52617
52649
52696
52703
52704
52751
52756
52797
52842
52863
52897
52900
52922
52943
52987
52992
53021
53023
53028
53096
53113
53133
53141
53165
53179
53188
53196
53198
53228
53243
53271
53397
53415
53427
53432
53434
53448
53461
53467
53491
53503
53544
53555
53587
53599
53616
53654
53663
53681
53712
53713
53725
53754
53793
53795
53806
53821
53870
53880
53901
53917
53942
53949
53958
53971
53977
54037
54044
54045
54057
54064
54075
54081
54085
54090
54098
54128
54136
54159
54182
54187
54218
54232
54293
54305
54314
54327
54355
54357
54380
54402
54443
54459
54463
54523
54544
54584
54642
54646
54669
54674
54733
54745
54768
54778
54787
54805
54858
54865
54894
54900
54909
54912
54922
54946
55035
55038
55059
55087
55133
55157
55180
55187
55189
55201
55207
55250
55272
55284
55289
55327
55334
55345
55349
55404
55406
55428
55436
55444
55447
55467
55493
55520
55548
55605
55629
55630
55636
55681
55700
55706
55717
55719
55758
55786
55848
55878
55879
55895
55916
55930
55933
55979
56040
56083
56088
56092
56104
56211
56229
56246
56247
56250
56253
56270
56301
56387
56395
56398
56414
56537
56546
56552
56565
56615
56664
56691
56714
56810
56816
56823
56827
56854
56884
56910
56927
56932
56961
56973
56991
57003
57029
57038
57092
57106
57119
57128
57150
57161
57166
57197
57200
57204
57207
57211
57250
57268
57277
57286
57322
57329
57349
57368
57381
57395
57407
57411
57451
57474
57485
57486
57497
57507
57526
57539
57562
57583
57586
57631
57657
57658
57680
57697
57727
57734
57814
57820
57822
57847
57855
57856
57861
57866
57983
58008
58014
58018
58038
58049
58093
58109
58110
58112
58127
58132
58174
58197
58209
58268
58288
58296
58298
58319
58325
58347
58372
58383
58406
58434
58445
58458
58466
58472
58494
58502
58507
58528
58531
58560
58569
58577
58593
58603
58631
58680
58684
58714
58716
58758
58783
58791
58810
58828
58843
58844
58951
58984
59100
59108
59110
59112
59120
59141
59184
59203
59213
59248
59276
59371
59377
59390
59397
59424
59429
59460
59462
59487
59496
59500
59518
59600
59616
59639
59657
59674
59695
59697
59699
59716
59758
59783
59816
59838
59858
59899
59912
59924
59940
59950
59965
59977
59992
60034
60039
60086
60113
60156
60162
60163
60220
60236
60248
60261
60283
60302
60309
60313
60346
60351
60371
60372
60420
60434
60441
60483
60487
60503
60504
60509
60522
60532
60535
60541
60543
60579
60617
60624
60625
60633
60679
60719
60743
60755
60796
60831
60839
60848
60853
60864
60874
60918
60928
60987
61000
61020
61025
61036
61070
61073
61075
61135
61143
61161
61189
61220
61222
61232
61233
61250
61266
61274
61276
61296
61302
61327
61392
61402
61403
61438
61443
61460
61475
61483
61500
61509
61540
61601
61625
61635
61649
61672
61679
61737
61750
61784
61858
61864
61875
61908
61938
61957
61964
61968
61972
61987
62019
62023
62032
62035
62039
62050
62055
62068
62075
62093
62101
62112
62128
62146
62165
62182
62183
62201
62209
62214
62294
62309
62321
62327
62343
62354
62375
62407
62418
62427
62480
62520
62530
62577
62579
62611
62625
62631
62647
62681
62715
62735
62759
62792
62793
62795
62808
62813
62827
62830
62833
62860
62918
62922
62941
62991
63013
63032
63080
63099
63158
63178
63204
63206
63254
63264
63280
63289
63298
63308
63312
63327
63353
63421
63426
63484
63504
63550
63568
63620
63625
63635
63653
63655
63656
63690
63724
63747
63783
63823
63831
63843
63844
63916
63919
63920
63962
63976
63998
64006
64008
64012
64027
64051
64060
64107
64112
64150
64181
64212
64222
64236
64281
64306
64311
64333
64334
64411
64420
64433
64442
64461
64492
64498
64539
64594
64612
64614
64652
64660
64689
64696
64706
64721
64773
64786
64801
64837
64856
64858
64865
64870
64914
64936
64952
64955
64961
64975
64994
65005
65008
65037
65039
65052
65083
65090
65096
65123
65133
65153
65165
65174
65243
65249
65265
65286
65288
65322
65337
65346
65360
65379
65390
65419
65434
65463
65489
65505
65516
65518
65536
65546
65589
65730
65762
65779
65802
65816
65828
65845
65846
65854
65874
65885
65897
65913
65919
65924
65931
65942
65948
65953
65958
65979
65994
66000
66010
66018
66019
66057
66093
66114
66146
66156
66169
66181
66198
66221
66261
66269
66292
66311
66323
66358
66362
66407
66416
66435
66439
66444
66446
66458
66490
66532
66534
66547
66556
66621
66649
66659
66670
66699
66835
66873
66874
66914
66922
66933
66941
66944
66948
66952
66977
66985
67018
67039
67071
67073
67147
67159
67163
67176
67194
67199
67211
67267
67288
67290
67300
67310
67336
67340
67354
67363
67370
67401
67442
67443
67444
67482
67536
67545
67582
67587
67596
67615
67648
67697
67701
67716
67723
67735
67788
67793
67804
67814
67821
67822
67828
67845
67857
67862
67869
67887
67902
67912
67921
67933
67936
67941
67953
67988
68011
68022
68027
68072
68089
68099
68102
68109
68110
68130
68134
68150
68169
68192
68193
68195
68197
68206
68219
68245
68314
68341
68358
68375
68376
68388
68392
68411
68426
68462
68479
68486
68489
68510
68523
68534
68549
68579
68587
68667
68672
68682
68686
68696
68706
68716
68720
68721
68722
68724
68745
68767
68783
68792
68801
68810
68873
68886
68912
68914
68968
68975
69062
69073
69094
69128
69137
69209
69229
69241
69291
69292
69307
69315
69318
69399
69414
69416
69428
69435
69449
69515
69593
69605
69628
69646
69672
69674
69685
69713
69724
69729
69764
69778
69779
69795
69850
69888
69891
69913
69954
69983
70030
70044
70074
70078
70135
70162
70186
70188
70197
70213
70221
70233
70263
70289
70301
70317
70318
70328
70335
70344
70360
70374
70384
70392
70402
70408
70427
70434
70456
70473
70522
70540
70564
70576
70609
70637
70646
70674
70702
70714
70762
70767
70781
70800
70815
70834
70863
70883
70893
70976
71020
71035
71045
71059
71069
71125
71126
71191
71259
71262
71287
71300
71318
71355
71356
71360
71376
71398
71401
71425
71428
71438
71509
71544
71547
71561
71568
71590
71591
71639
71643
71650
71677
71684
71685
71705
71709
71723
71736
71749
71760
71787
71802
71813
71821
71829
71839
71848
71881
71884
71885
71886
71915
71922
71932
71938
71948
71960
71985
71992
71996
72039
72044
72131
72137
72152
72162
72173
72188
72199
72235
72262
72303
72310
72315
72323
72335
72360
72377
72409
72449
72471
72537
72548
72563
72574
72578
72592
72604
72633
72658
72673
72697
72704
72705
72722
72730
72744
72750
72763
72766
72776
72780
72811
72827
72833
72839
72846
72858
72869
72874
72886
72923
72926
72944
73002
73055
73067
73088
73151
73157
73184
73189
73226
73257
73271
73278
73301
73316
73319
73357
73391
73424
73461
73485
73523
73545
73570
73578
73595
73629
73675
73685
73706
73745
73749
73761
73765
73771
73776
73783
73790
73813
73816
73850
73868
73895
73911
73935
73942
73950
73955
73963
73978
73990
74003
74017
74023
74031
74032
74055
74068
74074
74089
74093
74099
74152
74161
74169
74182
74187
74199
74280
74291
74294
74360
74400
74431
74527
74563
74567
74584
74594
74622
74649
74666
74683
74688
74705
74720
74726
74728
74745
74815
74828
74837
74898
74901
74929
75011
75012
75049
75092
75145
75146
75159
75168
75185
75235
75247
75258
75286
75319
75350
75351
75360
75367
75393
75394
75405
75416
75427
75428
75441
75486
75504
75518
75539
75561
75568
75576
75598
75650
75653
75687
75691
75709
75746
75752
75763
75784
75802
75810
75846
75866
75895
75898
75901
75910
75937
75974
75978
75984
76020
76029
76063
76074
76089
76092
76166
76181
76183
76185
76211
76217
76236
76262
76286
76291
76295
76298
76299
76336
76352
76363
76395
76451
76454
76462
76495
76503
76549
76557
76562
76564
76596
76615
76641
76647
76661
76679
76690
76743
76761
76769
76787
76809
76819
76825
76840
76875
76900
76912
76914
76926
77008
77019
77033
77050
77051
77055
77057
77100
77102
77106
77123
77176
77182
77183
77185
77189
77195
77196
77219
77239
77246
77252
77255
77275
77277
77302
77340
77381
77417
77442
77445
77462
77485
77487
77493
77500
77517
77536
77559
77560
77594
77637
77683
77691
77713
77721
77725
77758
77780
77782
77790
77826
77858
77859
77873
77885
77911
77942
77945
77965
77983
77996
78058
78091
78162
78170
78196
78218
78222
78243
78276
78296
78302
78323
78339
78341
78363
78388
78390
78407
78409
78422
78460
78499
78573
78621
78698
78706
78710
78754
78756
78759
78761
78764
78777
78796
78812
78813
78834
78907
78919
78924
78925
78938
78950
78954
78975
79028
79031
79033
79048
79051
79053
79054
79060
79077
79079
79106
79113
79120
79121
79126
79190
79202
79215
79225
79242
79249
79276
79363
79399
79416
79434
79451
79461
79493
79496
79514
79517
79520
79573
79582
79585
79586
79615
79627
79646
79650
79688
79724
79733
79736
79739
79758
79791
79812
79829
79870
79895
79962
79963
79964
k
