3990
3970
3926
3916
3882
3810
3782
3742
3725
3714
3711
3706
3697
3653
3645
3637
3626
3575
3572
3571
3554
3535
3513
3501
3497
3486
3481
3473
3462
3459
3453
3451
3440
3430
3384
3361
3346
3274
3234
3197
3177
3175
3153
3139
3136
3120
3108
3075
3066
3051
3050
3025
3023
2932
2927
2923
2919
2917
2899
2883
2876
2852
2826
2798
2783
2746
2714
2705
2684
2673
2650
2645
2619
2611
2608
2604
2597
2588
2562
2559
2490
2482
2472
2458
2447
2434
2400
2370
2311
2294
2292
2285
2275
2252
2238
2235
2214
2188
2163
2142
2074
2069
1914
1879
1815
1762
1739
1706
1705
1702
1678
1661
1569
1544
1536
1529
1507
1500
1498
1491
1488
1444
1424
1373
1368
1347
1323
1316
1311
1291
1289
1274
1244
1216
1191
1178
1144
1139
1069
1040
1039
1038
1015
999
966
956
939
931
892
890
849
837
825
796
779
775
761
751
748
747
684
650
617
573
556
536
523
509
480
471
463
440
406
404
397
395
392
359
339
300
290
264
262
260
251
225
222
214
207
175
168
122
119
118
107
80
78
61
51
28
15
45
48
64
66
117
118
121
128
137
210
246
287
332
349
395
447
477
487
489
491
513
525
547
580
595
615
672
680
694
703
706
708
757
773
789
794
827
853
870
880
881
893
903
930
946
966
974
984
1066
1116
1139
1153
1199
1222
1235
1238
1255
1292
1322
1330
1337
1355
1356
1367
1411
1419
1431
1446
1458
1518
1523
1561
1566
1571
1600
1606
1634
1671
1674
1709
1713
1723
1777
1797
1798
1806
1810
1824
1881
1884
1906
1915
1917
1946
1947
1956
1989
1998
2020
2026
2060
2073
2081
2085
2087
2105
2109
2147
2213
2276
2319
2333
2349
2372
2376
2397
2402
2417
2439
2452
2454
2461
2508
2510
2522
2554
2577
2578
2591
2592
2604
2654
2677
2678
2713
2720
2775
2780
2792
2794
2800
2805
2829
2834
2849
2886
3025
3051
3084
3120
3126
3135
3153
3168
3192
3199
3215
3238
3243
3245
3246
3299
3303
3328
3329
3357
3358
3391
3398
3401
3411
3432
3441
3477
3502
3581
3583
3595
3619
3620
3659
3665
3682
3691
3699
3712
3752
3782
3797
3826
3845
3849
3929
3941
3948
3962
3978
3985
3994
k
