7478
3676
1177
3749
5328
4465
2881
3595
3650
843
201
7202
6262
7803
6601
4136
6747
14
7779
6214
7933
4556
6538
7531
6136
2578
4676
6960
7530
3999
2023
1624
2616
7657
1803
4337
134
6528
594
3811
5967
7099
3542
4303
810
6234
4663
1379
562
3600
7161
6782
7748
3708
1885
751
215
3185
7190
6450
3213
4102
6506
1288
1133
6941
3019
4711
5649
3487
7639
5302
1820
3309
3296
6934
7944
2095
4154
7448
1037
5784
6609
3493
5981
1747
5923
931
2990
2721
3766
2960
3154
6500
6652
6379
829
5255
3508
1522
135
5006
6686
5259
1855
5686
1976
895
5124
4018
7352
6174
5423
6916
7982
2541
1107
7441
5233
4764
3485
1967
4424
7614
5186
7499
89
7388
1718
2423
205
593
6153
5816
2119
2135
1166
1142
972
4932
5951
3241
6219
7474
837
984
2214
5396
4480
4109
7508
3231
2285
7700
2115
7679
5848
3801
7554
4931
1782
7692
242
6024
3617
2591
555
5961
1863
5675
7426
7380
6525
4236
2036
590
4736
5938
3717
2411
4681
436
7621
291
6257
2774
7152
1915
2776
2183
6874
6683
7237
1253
7272
62
5787
322
1733
2650
6729
1028
3518
7675
4185
1524
7818
5008
7248
378
3362
1503
7217
925
1694
7800
725
6448
6831
7091
2601
6285
4110
6930
4811
262
1959
2787
3317
6787
2269
7338
4257
6646
5945
3805
1116
5303
7575
6524
5438
665
5579
3259
6789
3239
3312
3347
4329
1188
1003
6760
1040
944
710
3503
4258
3780
2136
6938
4785
2877
2433
5524
4514
73
1164
2937
1798
1169
4321
6060
985
4672
7355
7566
1292
519
5739
1408
4637
5356
5308
833
2855
426
2966
7752
4488
5176
1567
2472
637
4069
6283
2316
105
1946
2568
81
4656
104
7849
1250
1594
6806
7433
690
6550
3931
7518
6950
7002
3507
2865
4083
503
2250
2391
3076
2246
3185
4801
1817
695
1334
2911
377
6182
5215
2407
4503
609
3444
1585
7390
4951
3355
3793
91
2951
7699
5575
3256
3906
3879
3054
5127
271
7268
4675
555
5278
523
2684
2874
7473
5969
3746
1366
1077
1786
5645
6398
5456
7858
5926
1343
155
7814
4932
1009
6773
3222
2538
2687
7649
6252
4922
5460
6261
2209
604
4004
791
4545
7604
6721
2360
2054
7020
6741
3309
5122
272
4350
5221
7116
2689
1590
6978
7011
687
5207
4317
6779
4509
3772
4991
1044
3185
6088
4677
962
5238
4837
2288
806
4666
3312
7657
4253
5557
3947
821
3559
7394
4609
6351
575
3224
7570
2406
4789
7781
912
1097
7854
7880
747
1280
760
3348
6090
4048
1825
160
6831
6852
6393
743
2842
6825
2891
6871
2103
2480
1513
3729
7218
7232
6633
286
1515
7350
4845
7288
3820
7316
6574
2865
4590
420
2690
4351
7558
654
7336
1983
7694
7813
7571
268
2134
7554
2878
6169
1996
309
6525
7022
1992
250
5366
1360
7635
5405
3970
1738
7173
501
6092
1058
303
7952
5196
5065
2478
5132
6145
14
673
3287
3116
1343
1085
3712
7860
6380
5210
6421
2178
6775
817
7636
1434
92
4954
1902
4531
1642
6535
3471
3011
2809
5065
3885
4079
4626
103
35
433
4897
6234
6133
5910
4648
1950
6727
4772
4243
2788
6976
7228
7506
1406
1673
3451
6993
6036
3131
7920
732
5454
6602
7995
710
3284
6966
2780
5507
4859
1983
3946
7393
7915
5860
6981
4757
82
2044
1863
2692
7414
4052
4404
5733
2384
4424
6343
6160
3913
2496
7087
3602
4410
3103
7181
6373
1477
7711
2938
2916
3386
6199
476
1238
2695
5409
3396
4164
1449
7567
4271
2149
5028
5042
5426
6289
307
957
831
5424
817
710
852
2542
6164
2843
2315
6391
5340
1642
3236
7509
516
3018
3883
7193
7508
1784
4210
1274
2665
2826
3462
2906
1429
3331
7346
6783
3058
4923
3260
7301
5002
7064
5372
4308
5344
3299
3187
893
3746
1107
67
1518
3695
1467
430
739
5390
6600
5708
4794
436
7208
4068
2859
545
1443
5988
5670
5058
7617
7436
6726
7902
1952
7571
742
448
7477
702
589
2945
1694
988
1709
884
1070
1432
5687
6208
1601
3011
1052
4300
5450
6768
3363
481
1242
5822
1933
918
2224
6972
7957
5048
3531
7940
2373
416
6896
7441
1264
5697
2784
1897
6687
7914
7416
3310
4961
6447
2337
3925
4175
6622
2397
4068
1707
1248
1841
2615
4195
5215
5745
6145
1408
7003
3769
6354
2666
1716
5335
6059
656
1380
5904
7995
3196
3029
6302
1164
267
4956
5838
3218
5639
1261
1928
6282
3167
6042
4949
6544
7696
2019
7562
3316
4844
7737
5534
6151
3764
3525
2850
1096
7915
3004
3573
1644
7942
509
1408
7787
6718
5655
w
