35894
21092
38332
19131
4614
10872
37075
15715
30136
20678
37422
21202
28871
29518
38594
185
11973
32961
11017
17018
15097
6958
4417
14896
4559
13039
34440
11712
14098
15468
1378
17947
33063
16775
9256
12111
10102
33833
24292
33861
10596
26626
26690
865
18234
37867
38619
14691
3244
3290
19074
4960
15969
36637
15788
10723
12781
22095
26581
487
16546
5428
36847
28633
4094
9104
39846
7834
6672
39433
36702
32588
5555
24633
15498
16143
32324
7293
21999
13731
36203
35328
27639
30246
18013
36440
31243
12616
28011
21563
27017
36294
8753
28620
27892
15389
38319
2287
4738
29883
28324
22892
38578
39366
20728
26100
36449
3127
38360
7314
12846
35407
30838
33634
36917
6721
30565
12034
26806
7194
16128
28577
18791
23915
39798
4894
15801
30360
23526
21072
101
23358
21632
37876
24113
33354
28617
29967
20761
4632
3305
33153
13755
15107
23222
29250
20358
15645
31258
37455
18078
1765
3028
30815
15142
37955
7409
21796
29820
9758
11744
7092
34059
3469
651
23888
26553
3507
34929
38162
9403
2671
31000
21494
34065
31954
4598
10774
15053
7212
8178
8186
33378
12174
6093
24983
24161
32805
38434
32447
17242
31411
33840
26283
20691
14337
39398
33780
38618
6182
23104
34257
29853
4174
39413
29123
16184
22477
35368
24544
10881
14134
15678
20697
22863
39554
17524
13877
32328
34618
5088
31097
16692
34249
24596
13685
4035
37375
19103
4648
30235
5492
17348
23597
12418
36220
39712
15822
11743
4360
26890
6090
12118
30304
29313
1916
38920
31263
4838
15245
35380
15987
36841
6945
109
555
23655
25552
29418
27424
16448
38489
31314
30824
27338
26280
19231
17103
24997
6255
24307
27049
27414
28587
38506
36789
28817
38073
8081
37034
31758
35835
7104
36534
27686
29881
5609
23711
27924
26765
18026
39145
17890
34284
10617
15340
14457
9569
38782
6487
33383
16621
3198
19649
28846
29323
33170
17740
34156
17455
21790
27805
13936
242
2080
26086
3027
30184
17212
37072
27014
33679
15840
7431
30383
13400
2879
12096
7790
13442
33446
35782
34015
16631
9407
30108
24005
5784
30150
37259
12815
23555
14129
703
21844
32654
13544
37094
15850
33117
14934
17306
1124
29669
18386
3601
18179
35718
13935
29575
20792
36600
20629
5130
19607
27637
11241
31160
39034
28995
34715
39084
3234
15955
39935
21078
10383
11992
9944
5405
5414
6098
27314
35205
19280
6673
27366
4898
13254
10728
19356
35611
21829
12597
10525
35150
4095
24680
9316
19528
9413
14129
12418
13034
33794
894
21876
658
21639
11191
9611
9768
1467
7276
9200
17766
31039
460
16984
7921
16773
35716
22411
699
16813
34557
13383
28972
33556
4701
33786
34148
23290
37351
8156
34881
38925
21449
2841
9889
37837
26639
38517
5409
38688
38210
17004
38606
6227
31130
4691
8137
21651
4256
2912
10698
27441
18905
18173
9092
28995
6505
37506
28704
34687
13481
16695
9799
7655
30672
9531
32357
29496
20322
10331
23310
16081
393
33228
32333
18276
32114
4072
18344
16863
9879
36781
14652
27409
31929
35328
30277
28291
15190
34222
7808
13964
4884
24996
6180
9384
25022
606
17808
5830
34454
16777
18398
17044
16310
19986
36006
13286
11350
9415
5593
7526
15162
27267
39094
6440
708
13486
16579
10958
24268
34571
1169
10726
13113
28095
10734
11527
27490
25766
39505
33470
31376
967
7119
8715
10944
10268
3042
2351
32775
12001
2253
30600
27305
23356
27356
36751
22648
22908
39757
21234
18321
12543
12800
25637
28779
18426
37253
7608
6965
8809
18363
279
32398
21512
37588
13895
27374
30550
38356
11656
39554
29314
3272
37928
10678
34707
14248
6047
14675
36729
24478
6410
27082
25694
15283
31186
2756
28070
10136
8167
37139
28252
33002
30069
36060
32463
37606
3277
39622
3653
32791
98
33352
31729
10564
8666
4420
38766
33441
18751
10658
6812
22527
29346
22980
17288
19720
19763
22236
19193
17420
24292
27257
32714
6717
10125
2201
3114
6492
13760
26589
33434
27105
1971
3132
3409
35600
3576
21044
19926
3823
492
8761
9019
2285
24951
29500
22764
31075
29511
2430
11459
6552
27088
26825
25369
7873
24386
12894
35476
37321
26712
30984
28070
39256
25073
6950
18229
36147
27513
10409
15069
11548
34509
37074
38796
26017
30339
21384
17502
7643
10088
6270
1377
10321
22603
22219
17966
23433
2821
36848
9934
22195
28149
25176
31954
14534
3481
26036
11697
22084
21538
2146
15219
35114
1799
7606
34105
125
5485
39075
3433
734
30940
31749
29320
3332
32782
23363
30452
36643
13970
16843
6004
38815
12714
25928
23046
15114
15308
25009
1396
12793
27928
36724
14912
16552
24950
3123
20138
29237
1332
2342
12308
29373
27479
17616
13474
12372
5739
6240
16495
11692
15167
34262
20515
34625
4916
26650
13664
20422
37286
39218
1975
1499
37927
17045
10603
9279
16553
36981
29535
12094
31483
32978
9652
5175
30305
7835
31787
22131
21242
753
31562
21637
15979
39145
34118
15401
26921
12932
32268
1220
12490
12453
27025
16846
2005
13925
29651
16514
12209
20836
114
20390
36790
38689
32436
10358
6089
18310
8745
23370
12583
19567
26957
39830
13750
18556
31724
16365
2315
18731
6353
19794
29472
9784
118
306
32120
39512
26868
7552
29248
3494
27813
4155
14604
38201
6017
22871
18677
8222
22577
36950
22286
12157
32904
33768
23467
37627
34297
34007
17448
28873
7756
32079
4270
18072
16048
6067
36176
6899
36834
7335
25588
31156
8162
1061
17997
36240
17363
12298
21323
17328
6449
4751
15341
39269
19964
28404
31026
16260
2600
29265
37505
26718
28791
11684
38025
35715
22171
33220
14387
16249
20424
33129
35712
1806
33097
27789
29311
21918
9101
27338
34865
24585
31748
36941
30330
5882
35568
8334
372
27424
33501
1310
29580
19708
16945
22281
21363
7124
20014
25309
23422
7531
25590
10186
32742
4518
20665
22890
34264
23782
29748
24988
35223
31061
12470
38916
11802
16927
28370
36785
16686
31336
15338
5706
8041
37072
8878
19999
3595
419
20177
20976
33570
23056
8429
31474
8272
32309
35861
18756
15274
4650
24089
18373
5224
28062
23863
16178
26464
9286
35441
39670
11087
4195
6346
23700
38923
31096
5271
37855
33256
14828
3315
19993
8529
16904
3310
3840
30971
20857
18415
14900
18315
7484
33402
36122
9433
27575
34617
28133
24544
4292
34936
15587
38824
6141
248
22924
39269
19333
15682
23420
39565
15451
17492
33748
26054
29686
7117
33676
18804
29228
831
15150
13067
15111
26251
37010
23502
6453
20721
28757
30060
4282
31395
31975
8007
27585
34980
34550
13769
58
20393
22214
20265
2318
21034
3020
1349
38695
21094
18371
20901
39696
10692
11792
35112
17857
15488
8142
34038
6462
5107
2103
28475
27435
28844
14132
3495
9952
11551
24869
39548
16669
18043
23331
23539
3045
17931
27366
34194
27276
4937
11338
26083
38025
124
28713
30049
1253
7839
23531
27521
26416
37474
33904
13757
7973
12254
37626
39826
21199
2712
35711
5772
203
8366
29975
19198
30624
5034
23105
4180
10811
15398
22365
18769
21622
34515
4173
34051
33571
31768
11447
5342
14271
7715
32178
19804
2102
25569
11554
19995
23210
7009
480
14555
28218
17024
25161
14181
15771
33048
23962
1229
25952
10164
38495
20856
16332
16331
7299
37689
28288
18461
22055
13732
10314
2368
15916
26576
23524
36666
2410
2239
32552
28059
31110
29357
18238
13515
15918
25393
30283
11610
28757
15397
4510
12644
8171
9889
26341
26485
34781
15747
31462
29410
31204
7916
3270
23454
25519
1403
10642
16701
29167
26056
17162
21408
13366
38074
26822
19848
34443
6409
37723
31952
23356
8889
37571
14203
28300
9412
13271
6179
32605
34150
10489
20759
7543
6036
7569
36038
16988
2948
37453
15788
32825
27304
13252
17270
37012
24836
5305
19837
12115
38485
8007
3919
22334
35105
15793
1064
15325
34993
19766
2090
182
30653
18987
2136
5846
22516
809
32450
922
18336
39929
12810
5826
22267
37207
13107
25154
35362
33350
23788
27556
31542
37242
10610
7176
12831
19809
15701
25314
36644
19117
8114
22322
33198
24612
14572
27948
30173
18419
34526
29782
10229
32533
16578
31645
31020
9702
2567
33873
14767
36406
27209
9111
11403
30385
13901
599
13601
32849
7458
20121
7450
7188
3483
21554
29789
3786
7926
39696
30784
32931
9486
35354
2049
11766
24148
2025
5288
31618
39808
9906
23257
37689
29744
22356
23492
3697
4650
34129
7430
35233
2044
37329
31112
23395
28350
33358
24312
20354
17881
25348
31002
25563
16249
15579
414
37275
3095
25525
33972
14566
39978
24181
13417
24104
11171
32541
23396
7412
6972
19986
18346
33131
39298
37951
11169
19363
14657
722
17450
37762
6718
37772
18393
1541
13507
19127
13873
3881
30496
1984
6590
6362
38839
5454
7583
97
12819
15744
35084
39138
6138
31283
33434
28339
15495
3040
17885
11771
14967
7957
31471
32610
25630
16169
12360
19637
37552
35065
7648
27984
7177
33376
34365
3349
27318
39865
17692
25635
36668
523
13707
20117
332
26276
23350
13203
1204
21073
29349
25918
14916
32203
18829
17289
30789
23364
13956
28424
31667
17526
35523
735
10136
5429
21228
12143
30480
38916
24838
3547
18654
27262
30914
5321
19083
7834
39686
15601
23387
5893
14794
7400
6483
7038
18754
28038
4891
21286
11378
33232
28439
17212
8018
23212
29871
31468
777
17674
9987
34513
10554
4631
10353
7167
21206
9427
14297
15251
21918
23502
25794
8036
7507
21225
1687
10473
7643
31183
33615
16482
6552
18015
37407
31181
39935
1999
17409
787
7547
1798
29642
8604
26349
64
26141
4286
30119
23864
38155
18566
22877
17454
3010
37584
2899
11714
39411
13669
32559
34686
36531
33918
20801
23876
21913
20354
27872
26904
32538
20808
14053
31551
23027
27307
7179
20751
7100
28031
11435
5148
21398
25371
10658
33043
39305
18585
19577
11181
5943
15861
3601
30524
9294
4481
18609
17623
32864
21825
14001
31110
4706
36832
15756
331
35273
22592
37368
25613
13898
37176
4519
9085
20591
31253
15645
3
32305
32758
35257
5286
29188
19463
3148
14983
8678
1965
19956
6920
39577
24238
16047
39177
20843
24972
27022
2581
3759
30308
14213
28863
26430
31051
25277
6083
28038
36906
37135
20711
7200
4679
32630
32729
15403
20944
6123
8138
21162
29400
13684
3766
34006
28109
15822
33686
33739
12009
10227
23331
15621
25206
23230
25985
33929
20805
3022
38851
15759
5129
19637
5214
8794
26464
34754
31181
29151
26616
5863
11620
12701
18269
5580
18317
3280
5110
17533
14067
20743
10134
613
5296
31202
5342
20341
39009
28037
11204
19460
39547
2125
23759
22255
37139
2858
9824
27757
34115
678
28706
7576
22958
35611
6441
36758
17197
7442
8070
34564
17402
13836
5464
9195
6077
9758
20621
16769
12894
13069
34626
10477
6405
5254
3273
2188
25832
16036
34232
23763
33734
7398
38708
21040
38972
21122
4459
27343
33553
1783
16168
34643
39185
37090
15652
27377
25123
24207
34738
35917
21182
13363
33496
37667
32678
14369
27029
23697
4890
32693
13016
33599
19649
20358
23725
9937
39764
9035
18628
25144
33554
7324
34959
18924
4778
4420
22484
33116
761
21158
21113
38874
21766
17926
9928
20300
5511
8312
23265
26945
28632
31255
12548
32982
15419
18012
16900
17424
23340
18991
31199
33065
22165
5191
3446
23806
20830
9593
30589
5688
31785
21045
1376
27599
33898
26335
20200
36248
22047
11548
34218
11020
8115
11045
10643
8539
29638
11261
28217
17541
35030
3813
32148
2179
39981
27339
5473
38087
33070
19682
755
15888
11194
17747
5832
29257
30685
38816
11155
12178
20232
36528
33993
9858
9004
38187
19337
10308
3578
28232
8551
19759
19331
28655
5336
10352
31493
17360
14984
23874
8115
38699
19932
39373
21188
26469
2438
39321
17645
2377
3548
34046
7853
20738
36128
29924
11015
11800
17435
28689
9554
1405
37197
13442
21349
8864
38781
25228
3245
38585
14280
34494
16472
22065
36091
37919
11605
9832
8492
26414
25906
4583
25798
1306
30116
12002
6096
27281
39213
22012
39495
866
24668
15310
27068
33316
4321
26841
13597
20315
13900
23224
20630
36886
25346
21357
450
34465
10698
7445
29658
16051
38279
20179
26540
1113
32401
39624
2397
36884
24695
38725
39737
37841
29463
33919
2564
13099
38079
4316
4415
23534
1231
30913
35139
2519
17353
32071
31157
16489
20670
30615
3168
8221
9390
9602
2885
33727
216
33660
8795
39738
12617
39022
23272
11972
20598
15139
5916
18429
33466
19629
31061
8219
7214
7388
21927
28775
14651
5370
988
3865
3294
28499
17592
14922
30681
33800
15611
18071
5364
16879
4555
25920
16619
15257
20758
11696
7759
4165
37456
16317
2613
36862
2618
36074
14851
38088
17470
31222
22092
3309
19566
33623
34624
13093
30107
32940
10804
15117
10756
7842
11254
35349
9933
12788
5749
19698
12003
21385
2171
5438
2837
34573
30720
7003
25251
26101
11734
11026
5788
29471
26605
34341
19604
28508
13187
8553
14813
15663
26611
4542
21521
37756
7370
23993
21536
18013
13604
22323
3359
3669
21964
36450
39966
39228
25326
25535
20900
17843
33768
26351
17582
37926
7809
7051
15333
29441
33532
7157
10020
23241
30420
336
38261
2252
26894
19942
1321
6984
33754
8499
24013
15914
9793
14252
20701
28889
26501
4256
1812
1449
22555
13238
10513
25431
7419
7178
6339
15971
20261
11589
33601
8621
21194
31763
34967
12511
28426
32416
24782
22413
16928
35010
6377
36831
11605
3101
38044
3160
7852
23230
28637
6915
19463
992
21378
5218
14699
35288
30621
462
35487
30505
16133
23659
39224
21084
29818
14814
30837
19233
37759
26008
10961
17261
27554
21157
13527
38821
18674
31864
26858
39002
38092
2359
5792
32453
37849
19462
26429
18613
3288
32642
31680
9397
11432
27156
8398
6243
1018
6913
955
38655
11790
1161
24599
38923
35591
33765
23639
19962
1647
8609
13196
28909
22537
11472
1678
9276
18780
18528
25944
8297
24864
34109
12253
9679
30773
2121
28650
10311
29024
610
29512
25415
9517
33116
35267
12933
26023
22936
8431
8604
38804
28711
3843
34076
19343
8399
5647
2965
35505
9994
15299
1012
32810
28334
3796
840
9604
25938
23153
22582
36724
37185
13836
11147
30613
39199
39820
1940
34011
31327
11944
25598
6736
913
22366
6448
5186
33568
29156
28536
36258
39156
5454
1134
24923
35137
37739
25969
5130
19177
30669
17778
2251
14797
5785
3924
33746
838
39226
18411
7832
31288
12379
4731
10453
2047
18293
21635
15368
24480
39279
34953
10652
7361
30151
8019
27224
8020
7198
35300
20920
14708
31060
11598
16594
31115
4405
16335
16539
36374
31148
8628
11055
8431
1636
3543
32113
3177
19047
36914
11872
22577
834
11598
28111
9048
814
25291
21112
25949
7484
31290
35902
39069
17881
12637
14837
32117
28300
33912
21340
30263
32193
18849
15306
35609
18302
19811
13458
20698
24395
10615
39801
35298
14822
29318
8744
8041
37880
16542
11519
9870
2381
294
39283
13283
28025
11361
7587
15020
20541
19270
4778
11993
31462
5831
6949
14990
1843
33851
27162
5761
414
15247
14227
33593
32453
973
29403
22772
29313
6265
14061
4897
27234
18353
1846
32200
27047
27641
20596
4344
21491
19583
33225
26524
37952
2209
33957
16008
3711
10933
4869
30166
14277
16374
33160
6673
33750
764
28598
32534
28533
6108
31270
27320
25592
15564
35318
33372
23312
6252
6422
30951
24476
3983
27952
27291
30644
28577
16434
10536
24003
37739
7823
31367
23555
22387
18139
23408
28450
15345
30050
2820
24003
35385
21821
39237
6486
27619
24061
21343
18588
23114
37188
5288
37652
10746
2679
36310
15824
37618
12979
4187
12238
2515
29684
7520
7179
16114
17835
24908
4561
9316
15696
2774
17066
24438
38600
12228
34629
13608
7307
29825
31070
14757
22760
22610
21696
3576
27458
30896
22062
36614
8464
4708
18136
35711
2690
20335
20743
911
18372
37382
18191
38838
25152
30470
30723
6478
14043
19228
5005
24495
11243
19654
38364
10699
5275
20560
16435
25583
14446
25088
8118
31781
28463
491
14187
26999
36798
23390
31505
5863
38257
15495
33123
34235
1461
4557
21268
4369
35939
5716
8884
8704
30254
21724
5319
33657
21256
26535
38789
34329
30330
27409
28352
27803
14598
66
27554
33384
10423
30290
38256
2605
22108
524
38928
22408
4932
22603
19502
6210
10026
6818
9733
3756
5069
31841
18295
11761
10881
10709
27532
32904
33588
19301
7900
11386
30323
24417
36066
32072
7797
5080
34887
16290
8901
22354
34679
31274
15230
16784
22586
19249
3630
14611
10368
26059
9229
39937
6328
36829
11511
39268
12331
2778
24933
28520
24231
328
25972
30463
38800
4354
32226
22940
15793
34812
6565
33590
28137
13179
9779
1357
2943
8876
17039
29194
38707
3475
14834
3936
14494
4205
9735
30763
9229
36816
32258
18244
9919
15943
22751
1561
28064
24292
1928
7772
33848
27116
6210
17156
28766
37776
32627
9637
37108
17667
9502
1199
12775
1379
36412
20853
20086
12768
38342
39734
6071
1562
7200
26821
37199
4337
32660
3197
1985
14388
28250
31402
5861
32416
18752
34005
29331
5898
33679
11954
133
31238
24507
2271
18982
2872
5201
14826
18371
22623
35020
4627
32849
28887
3041
6947
7323
11683
11160
5829
29024
21523
10827
28316
13759
38654
19505
25754
6424
22671
27754
29447
19426
38039
26065
11384
23380
4955
29205
13406
9425
10424
26526
10475
31031
26062
30173
9227
17959
35746
13409
33748
4219
25758
19403
16658
23445
7259
29951
24054
19216
24095
14093
10659
23522
4455
20251
24563
21482
13000
26832
37603
9249
37891
39306
3438
2250
17164
22757
13276
5331
2509
6383
15089
10847
30947
13272
26797
10755
14584
34827
8637
23169
18919
37995
34225
2627
32567
28135
33164
3186
36547
8834
35343
3336
8235
36926
4445
18769
36894
27735
2567
26910
9365
11080
17858
2438
8654
3410
24745
38125
18232
6840
36596
32163
16287
9057
38577
38391
23244
12762
12579
35972
24450
3122
37951
30115
29939
1096
18735
16205
25898
10878
25011
3398
12961
39876
12613
13842
2195
28161
33840
1825
21452
18139
37653
19644
16039
29490
13212
3924
24077
38191
1945
16507
1208
9557
15206
26525
1958
9095
3227
6773
19098
29990
39682
22843
30252
25789
26692
31668
12953
17696
29037
23879
26583
9495
5772
23081
10796
460
10482
29461
27018
37185
39725
38127
17443
31407
11130
2473
15398
37626
24257
13420
13271
17740
3366
38684
17790
20364
14010
37071
5431
34707
22188
19825
10542
16367
7569
6094
39975
25550
23306
29524
29082
10192
2959
22559
3238
2005
20440
10967
810
27828
13390
27744
10210
4542
12256
22141
37736
12834
14412
38523
36006
11383
8073
35383
390
32756
19373
37878
39385
25826
29140
32001
24745
33389
31481
11424
31708
7323
1039
25957
11442
27759
15849
25376
8116
15346
32686
38355
18355
35396
33156
23158
32277
38549
32895
29637
35681
11359
17706
22280
21232
23224
5856
24037
9048
32212
4100
3319
33603
17178
16518
7873
25373
19563
34324
18441
35493
24851
11387
6406
10014
2737
15257
32350
712
8591
5159
3156
14740
24134
25122
353
21741
23933
19412
621
28924
25316
30869
16140
702
3418
28025
37438
20458
23069
20305
2874
16288
38214
13841
6498
32368
37831
22595
24160
4380
32715
37949
2836
14443
30308
3412
22017
32374
7182
26908
15528
36415
15016
22174
36508
26098
3324
7932
30698
1885
19270
26437
15027
12185
26859
15600
33475
10317
23001
12778
10153
39579
6950
1797
22399
32114
27592
27568
30795
8828
33190
34900
27692
35330
1534
35958
11454
36704
17362
38185
33579
10546
23512
13676
7880
16807
19165
28589
23572
33130
38494
10478
38127
8621
6076
38419
17829
25149
9289
3114
20249
22218
3192
10773
32286
8787
38517
7767
39850
517
33592
22103
2488
11841
19249
35237
32601
16698
18329
37505
17600
13865
26695
9638
16536
10366
28010
1208
27313
21065
504
12540
18174
38451
16013
4850
11823
39554
29962
31464
19766
15772
2416
21975
34933
5147
39086
21695
17091
12367
31552
35935
26012
1353
36445
14351
29718
6750
38414
11590
9599
17586
9814
6802
20109
12056
19543
24592
27105
13526
35004
10171
27421
5706
4011
33632
14362
235
15804
34975
29866
32117
17563
34720
6650
27058
14513
14954
37702
8751
25982
12321
13427
19750
29493
37054
36300
21967
34908
11672
9805
579
25622
28579
13338
26974
1000
27931
382
39305
19260
1745
14897
32595
28338
30958
4108
32069
27985
22418
30488
8580
5210
14650
1219
9239
6794
38156
23510
8953
19376
8079
27150
1755
31079
31554
17278
18115
10700
22498
27628
2697
16946
17731
16976
25005
32378
26840
25150
33284
10847
5886
23895
39538
9890
17162
30892
33053
20956
17433
39874
38398
8267
4180
13091
22847
19035
29109
35553
599
26311
10548
8127
20298
29384
38236
19522
3673
8844
25536
11430
10585
13094
6187
875
38390
31913
34410
17360
39006
5996
20272
19923
14616
37562
21054
39771
38195
16719
21280
9489
31520
2914
14582
30311
35650
18942
26923
1268
30703
19708
35690
23503
32206
29200
13472
32976
27470
1373
9857
8518
30584
15987
14068
24624
25775
5430
38072
22055
39144
39135
15933
33808
22453
23991
4583
2643
6022
806
34655
12440
5108
28542
23831
21843
11726
18484
27536
31598
12438
806
39441
17304
15874
8964
9211
31117
33098
32365
30007
30541
5901
798
25881
10700
24564
26134
37531
5591
36783
6946
31805
6033
29406
7514
27900
5926
25068
25763
23669
11326
11479
26533
5528
25596
21068
32418
17504
17857
1926
4119
32040
30817
21252
24110
25495
22278
12080
29811
24840
35280
26467
30112
7234
23401
13821
2267
8393
14518
13230
32378
39351
30034
25143
13064
3522
30828
4416
21284
14180
6761
34063
24567
38238
9213
26369
28511
23153
27659
23268
35082
10234
38025
38970
9958
3994
28315
11007
25730
39053
11392
23065
9980
30993
20338
5527
6504
3805
8045
14664
23864
12433
9164
4149
16884
4835
14528
9399
25254
36937
36920
18750
3338
30226
6849
19632
2119
33358
16871
16937
20150
17776
9847
34731
6525
37193
33028
16786
38356
22603
15876
64
87
16640
27783
4342
13906
38447
33608
39117
12841
2894
15822
27199
21651
35721
9152
23319
12680
19973
22333
13927
18010
20301
2506
36809
35057
15251
15009
9803
26770
21142
25222
1177
32415
9117
33737
29089
27401
10195
38356
35738
8186
20178
14602
32233
26576
27340
18288
28724
26599
12218
23721
23012
15996
20110
23558
3947
12389
9268
35355
12818
12929
37795
22563
20079
4530
22283
36281
5898
31347
16938
26230
13886
16637
35380
4109
30964
7107
14010
25202
10605
13003
35777
15271
24119
26717
26763
32084
15396
18514
10448
2615
16409
21673
24780
9789
25074
34286
20342
14854
36432
6136
22041
25723
15171
777
2710
20690
37765
38197
29009
8425
11288
32923
2419
12046
15266
7508
24539
6941
28825
35133
36055
32318
34246
1778
12617
19878
35794
17740
35616
9555
39756
20502
1510
30450
21019
2559
31249
26593
29933
38656
4925
25621
14182
20441
16660
6979
6952
1340
15319
21667
27271
32125
24337
39096
21866
35668
7686
19319
38037
20701
10608
29485
34248
14485
30673
8070
2224
756
10983
4037
33846
30799
39079
38199
15830
15176
11206
26378
18979
35562
19724
28374
23293
25112
9309
20210
2835
1310
15622
811
20753
31532
1720
26456
11714
19282
32942
1936
29264
28533
24972
5331
28377
17501
36183
22551
17751
4988
6148
279
19426
19439
19074
13033
13077
6059
36004
34665
32809
7152
36964
16209
21906
22696
9751
27839
21459
25487
22881
14807
3964
1531
8773
23435
26007
24
29378
39158
29972
22973
15744
4541
25882
6895
32785
6832
33387
8793
18056
8759
19933
39608
15767
14256
722
6789
29964
39865
11020
37145
30664
19336
31082
891
5427
35693
3145
39118
22101
11779
19772
31441
15975
5267
37879
27595
11991
13328
35927
9400
4882
29944
31959
37025
26573
35314
4888
8018
31538
19587
211
25754
39784
18245
16226
32154
14316
3355
21759
31686
36858
21890
39646
16285
32308
31415
20217
23855
4485
1190
24070
27578
9533
8053
26980
31869
1112
19546
22145
14775
30231
30557
10409
27669
18213
35282
13453
11361
787
23849
17771
12219
23168
23855
25134
13730
23709
32157
21101
17145
8491
20682
14178
3366
28565
27252
3877
18717
21364
3550
31720
1605
8583
32813
22449
26477
25923
33407
36539
19610
37031
28193
13474
17881
23848
136
37225
25437
13363
4727
5034
4559
14045
25476
28384
30238
6913
2309
38222
25570
460
15696
13181
33899
31831
1253
17200
10027
22559
34517
16381
26759
34155
11636
5616
8436
30377
23597
24680
15977
14569
30202
19692
4393
23526
3404
8095
14035
9633
24812
24371
8314
7446
1463
25722
28170
23002
11244
18047
9462
6789
5798
21269
3596
21450
39112
32418
23589
18313
3757
28088
26443
35162
39714
25655
5260
3135
18299
18816
6803
13961
15196
23453
37057
39380
24505
17664
32600
7062
21759
38251
27560
33113
27159
21772
35739
27053
27382
12617
19455
21411
36656
5315
26424
w
