3960
80
1130
832
1741
2655
474
674
1360
1804
2524
1065
2019
161
3409
1668
2217
170
2477
3588
3967
398
1395
625
464
1738
2729
2210
1188
3015
3464
2386
1857
3290
1921
2029
635
649
752
1634
2817
3533
3225
2396
2179
244
3362
3632
3832
2054
3954
1686
2341
1678
3758
1344
3384
482
2759
2434
1949
2506
3615
2623
32
3
2342
2199
2167
85
2863
3761
3491
1835
2092
2261
1391
365
3364
2601
514
1192
1461
1566
3760
2945
3368
1456
2649
1221
2538
1684
3783
2412
2940
1746
382
3493
906
397
1132
34
4
3246
2363
3493
3752
2829
237
28
2784
1288
1617
182
2040
2754
3635
1671
652
1791
697
755
694
431
3670
847
379
3327
896
3303
1270
2842
3717
3903
3667
2114
2244
3878
2654
1676
1682
1997
245
914
2667
2401
838
446
461
109
2769
738
3215
2538
83
2754
2176
3134
3394
2425
1532
531
3514
532
635
1156
1283
88
806
2584
379
1311
2786
1600
866
2912
2988
1424
664
2549
3913
450
323
16
3928
3613
1013
1538
946
1623
259
3175
3485
1405
2130
1073
2340
2904
3838
3273
119
117
463
2515
3249
2062
1694
1462
1981
361
3377
2782
725
2113
3133
1890
295
1696
595
693
1967
242
598
3314
1439
1350
1201
3356
3273
2141
1166
2776
2577
2336
1416
3185
3679
2266
3956
2783
2605
1738
749
52
772
3556
341
2507
1184
2968
110
1633
3785
543
3
2394
3483
838
1189
2113
2437
1836
1361
3970
1459
2719
218
453
3362
552
737
1673
1156
3274
3106
842
2208
1470
3261
1259
3622
702
991
67
3726
3237
2233
3692
1141
540
3388
828
2623
1769
3867
893
78
494
1259
2966
1233
2157
2486
3662
3364
2217
1181
3704
142
2037
3059
2943
3195
3879
2841
2703
1757
2717
756
1884
3861
2498
3504
911
1561
3251
3948
62
3438
181
2656
3032
2386
73
1058
3152
1035
2944
1530
978
1039
425
1689
1485
3307
2471
1903
20
21
3899
2095
2720
2216
949
3790
3311
906
2357
1303
2457
699
889
1117
2034
1948
1686
811
3329
219
3607
1761
780
2536
1720
2641
2540
434
721
420
3891
3366
3542
2267
2257
1092
3524
1061
3457
1500
3934
3129
3542
493
97
1580
2595
1852
2258
2465
2476
w
