6515
8508
4691
6043
3059
6509
8872
7538
5093
5898
3039
9576
3760
6189
1386
5876
1327
8700
5778
3555
2371
4067
9
1157
7872
4888
200
2595
34
1796
6846
8686
8317
1937
8999
3877
6824
5589
3796
4115
5967
3454
9239
1633
2612
2802
8966
4382
3903
9172
1202
9180
6300
727
1054
3523
147
5051
8393
1912
4876
4166
6028
7155
1194
3607
3020
4194
4619
4203
3380
8547
8369
408
9254
2669
8994
1666
1485
2261
789
4844
4624
9358
2535
232
7600
3236
9679
675
9226
9813
1485
5567
7813
8746
9983
3535
5095
972
8406
988
1422
1768
9321
8744
9792
1743
4402
861
7527
5170
8869
7375
306
7769
9951
3489
3036
2904
9852
5359
7676
4813
3151
7444
9856
9148
8936
2120
6707
410
5983
1698
371
4207
3978
747
3865
2360
4522
902
8641
9610
2064
2663
8915
7126
4104
9954
5460
5157
9676
3013
1276
4936
1296
7476
2280
3830
7856
152
8275
7062
2507
754
4541
4059
2218
2168
8113
1167
2888
2816
7609
4307
7874
1077
813
9657
9293
5574
9747
8353
5037
921
2826
4183
8969
6938
713
7253
7000
2920
4320
5459
2984
2102
6915
7424
3804
2821
6
6855
4447
1903
8013
8162
8529
2262
5148
2669
6489
999
9903
5546
566
7844
3893
3976
1159
6999
2923
8594
7569
5158
7350
1991
5470
5870
2589
2944
1955
1304
8601
434
2204
6269
8847
7709
673
9250
2053
3287
7070
8856
6115
3333
6550
6361
438
3919
8769
5475
9356
128
5888
6536
6356
9855
1221
5006
8462
8723
9444
5315
3684
9136
7771
5162
5926
3798
6543
4807
4301
8603
2144
7243
8606
5708
3746
9899
6382
1059
5115
2704
9378
2135
962
3023
9628
9055
4689
7571
3225
5126
536
6334
6703
7089
6849
3781
927
6610
1152
7353
5064
8262
5431
1609
8104
4490
768
4255
5807
6300
9771
7559
5441
2661
7537
6730
4673
3552
115
1687
6063
9416
1627
8684
7322
9715
6017
2246
9559
4684
3517
4902
1978
6893
5345
1277
555
2834
1177
2090
122
5653
7395
3948
2202
1309
7876
2298
6987
2692
2984
2529
4402
3080
9863
8901
5034
6238
2179
893
1246
3832
7507
6276
166
1824
8319
4157
6597
7202
2537
6613
4728
1190
4749
9154
1522
2892
2268
4464
4569
9019
7879
9453
4040
9158
144
9339
1469
2838
3361
6415
6220
8699
3148
363
8912
7088
6606
6052
5984
9144
6139
969
3681
1059
1023
8688
8652
2140
5542
8600
1240
70
7949
8054
3548
3091
6606
712
7840
3235
2910
1783
8778
8432
5070
6046
8494
6606
5415
8814
4736
7473
1845
5807
7215
8070
2443
1320
9716
3986
4499
9006
6685
972
2534
9665
2768
5863
1253
6564
8594
3394
3148
9074
4072
4949
3163
5084
2488
8951
4201
733
2771
8979
2002
1080
8706
8548
1707
271
9054
5192
3025
5736
8191
4283
7475
9716
3539
7562
658
6722
6369
6332
5615
26
3744
517
627
2087
5239
4317
5891
149
5691
9064
2542
323
504
7302
2833
3259
3002
1521
751
6139
284
9160
1415
4968
9957
3882
1423
291
6608
8862
7268
976
5182
706
7392
5
1025
7740
9903
245
7281
2859
2858
3880
2788
5715
7719
5061
3082
5885
2288
3026
4943
1614
347
7224
1627
3927
5356
5531
7222
9896
3409
5372
4221
9625
5538
1446
5045
1153
8204
6342
3944
3254
9250
6435
5777
920
2349
3662
704
8301
1297
3574
4769
2204
1779
800
6207
7829
5246
5131
179
6220
8787
4918
3509
109
494
9061
1890
1923
52
1650
4979
8723
4696
4388
8399
3993
708
4478
1454
9801
3098
6746
8532
1195
7928
7736
6571
6406
7757
6813
9992
4882
7210
5813
9973
5110
9183
3116
6691
2055
4927
529
18
3902
7414
9926
1607
4752
9823
187
8621
8205
8586
3982
4757
9238
4960
5938
5867
321
4852
8818
6423
306
9782
236
6099
1886
4169
4411
8207
4804
1842
8053
84
6542
7336
3608
629
8649
4780
6406
4111
9869
652
8724
1082
1088
8940
1241
2880
8539
4835
2287
7431
6840
9440
4340
9660
4356
3939
1500
9985
1719
7534
8431
1962
4955
8804
988
6892
426
3877
6411
5419
1055
6302
7461
3280
7561
1816
7289
8078
1638
408
8624
5499
1420
4408
3079
1648
4793
7075
8816
1641
2742
829
9657
1555
8539
638
8995
7910
9948
2919
1949
2655
7135
1559
7244
6844
4511
1365
4766
2246
9328
5850
8631
5021
8816
1243
4306
7809
9770
9962
4348
7784
5044
2641
4653
8261
6290
2694
7471
5319
5868
4579
6818
7672
863
8523
2216
7602
7656
5894
8347
5910
2646
3131
123
4143
6000
6069
6378
789
6338
5623
7576
3780
843
9012
7607
5277
6029
200
7771
3033
4968
28
8133
2351
7697
8461
6890
1925
7185
9884
452
5302
4577
4971
8878
7365
3173
3268
5977
3835
107
9980
9360
3069
205
7282
6771
1259
2077
652
2872
2845
6668
1364
172
694
3616
9936
8698
1267
9505
6956
1225
833
7882
1782
2438
5635
8831
5891
8352
9025
1446
7759
9044
9953
7147
4769
4093
643
2111
2359
5120
9025
1531
1622
3661
2343
3061
2667
5527
2217
8108
1878
7113
9705
2727
9300
5636
7797
5810
3835
8838
782
5226
1992
3195
5170
7509
4696
4631
8211
4793
5320
4740
5993
9014
4362
4065
2130
4655
1461
2558
3182
7634
4102
8146
711
1894
3850
1128
4099
6508
8623
1224
4938
9187
1892
4323
3589
3356
6518
3718
3
378
8242
553
3328
6283
3562
2689
2004
7011
9815
1163
3607
4665
5616
882
5137
4936
3255
7776
7007
4051
8296
524
3987
4427
9042
9170
2646
4152
8542
130
7188
2875
152
9121
3908
8508
9010
1818
9015
5319
9315
8059
3708
3887
6687
6008
2534
8011
3893
7269
218
2
5150
6077
6903
6721
2731
7798
2373
1492
8940
4753
6548
5635
7635
1021
8127
5586
425
2155
5914
9176
361
1573
3924
4931
4177
9963
9079
2004
w
