994
14691
27851
15234
7067
53302
68687
59083
38718
26426
29378
97444
95268
46798
86439
13347
3095
28451
65870
29913
4434
17743
93539
21230
97820
63859
78701
59879
32657
79123
97133
48065
14438
23210
2977
89593
6382
60639
5009
32426
20337
99645
9748
89365
70567
6133
52993
96363
38933
46595
16761
14921
76972
39089
21066
86875
91391
86347
70117
10457
30610
45555
16010
79866
38016
8100
48632
31592
20801
69904
60314
66832
62045
29421
22891
222
85241
46231
34396
82253
70149
14498
36826
70887
83336
98051
90811
21713
91581
86074
80009
46188
19845
20201
67336
58848
52446
40658
58315
90267
43901
83692
94406
49574
73662
13047
83709
84615
63453
66312
17610
89560
1238
78114
61177
71872
35957
60324
46275
49248
30314
94328
1360
4496
27400
20439
9242
80730
73490
87900
38304
61905
49021
31971
85527
41796
50071
34640
22779
77279
63827
7926
6747
46690
18787
37948
63207
17673
26905
59882
99561
32010
74228
81707
37486
62639
56522
7885
12030
54581
87428
25872
58851
58146
37710
553
46753
8706
25968
46400
61243
72230
6376
27285
56872
15289
9931
76391
84579
44258
85112
37706
3564
17203
94807
50112
95972
25567
88777
39399
60331
31398
73
10488
81960
83657
28474
74205
96623
34028
93133
99057
5195
99008
86828
42654
35069
13346
82144
30246
87133
48662
81112
82077
32902
32396
44638
30548
11689
8861
55130
25566
7154
31960
52072
75385
85866
80704
52529
19264
6795
6050
25981
19508
84462
55419
42835
12153
98793
77564
51699
99811
92000
62462
33585
30774
38853
98965
88857
48305
87841
26022
37407
93024
96035
60216
97343
16595
64779
11985
81094
12860
66230
85051
9605
26720
89577
5680
37132
55324
61446
77377
24205
74855
95616
13451
70302
5561
3536
58231
13755
99592
3652
18708
85310
83503
23168
14077
53783
63787
67467
39262
2997
55939
77399
92149
7973
35008
99520
13834
64870
82366
34530
59046
35842
90177
30092
7220
96467
35561
61226
9704
93013
26695
94291
67079
43926
21151
32183
94730
96353
77178
75575
47966
87923
80888
94255
65342
19825
89217
22439
64440
52475
45959
55915
23063
6964
91766
93235
65895
9254
53012
81443
2764
29761
80978
38402
17909
88672
84823
26550
61664
47253
76284
44290
11128
13876
84642
80773
75279
63907
13494
83634
92236
9475
22041
80114
64550
73193
64802
14271
58081
1971
81101
82814
53407
42953
71749
41317
72859
58195
85039
11573
53216
73906
37179
62995
93174
34435
36581
89300
57354
89065
96802
379
16165
59655
86191
51425
8910
11008
51578
14578
51372
81530
30057
84246
40670
28668
57419
83486
43136
4154
52651
90839
98582
30135
73992
71448
38922
44064
86950
90486
51997
88548
15978
35097
86052
45466
75819
19356
36313
99041
15638
666
14118
33498
85427
82381
13332
25278
11093
78092
68127
81553
42122
49432
57393
87748
28496
6798
15611
71673
37392
16351
59913
94974
69551
69120
39391
4835
87767
33681
10404
72964
8682
69820
88654
93305
80483
69907
29413
40295
57646
85028
54479
40698
29884
85803
14562
35274
49220
84453
59564
33609
26755
89472
74825
26611
66487
90694
23675
84709
49179
63570
2405
73282
78443
53167
7875
42882
10770
69513
2083
75792
92372
99790
29209
94032
25459
65587
45308
13787
81923
9362
51704
9146
60487
73650
39315
68785
29493
12255
51058
95028
72618
73241
94994
68937
40568
73645
98693
91301
23941
57895
87726
92185
67520
37215
96443
1125
71168
9619
91215
24040
68116
34165
14127
16895
33833
66138
22364
18788
27929
98285
16972
72318
67383
45755
61390
27780
77515
75259
64567
72901
40956
96934
4453
23268
3536
95267
27099
55843
28470
73408
78211
56642
9143
83550
8848
25466
12771
32636
51233
12891
89037
44511
78145
8689
45959
43373
86033
79089
94967
64350
69061
93875
84270
87921
87081
97416
24695
29830
25685
8582
90635
56100
85102
32168
15816
19550
16682
30991
33359
54222
16853
81629
92742
53894
60444
19537
60333
60305
9892
2193
84577
74486
46456
45120
80355
52451
503
54965
49998
7325
58615
16666
11692
8678
79139
45760
51388
12323
98120
68379
54948
47318
44604
89370
43031
75718
92671
60156
45644
91727
61818
17480
15247
19556
82620
21952
87807
40406
50694
16476
15507
51404
56043
29529
62514
48208
17248
91741
47689
88550
93173
8960
71286
72720
79512
30410
18897
7511
77771
151
55563
88835
45636
52614
57952
51008
60412
84202
89019
32974
67081
2144
68937
36875
9097
67532
22247
56677
35934
84788
33266
62732
89275
89556
89015
41394
51821
8414
20614
80209
24862
23342
25084
53193
25872
31279
25839
14778
76342
18518
92196
32496
85331
93632
30639
2830
2437
66871
25138
9942
81246
29320
21777
40015
71066
19496
82780
24512
4132
19009
11338
52276
51640
5031
61177
53673
79265
71321
6006
78879
21442
42954
20374
5727
85781
46866
59954
67904
65895
92912
45533
72325
99525
69728
44093
28360
26481
35813
88400
78923
18640
13981
30704
1719
94610
58002
75894
93652
71711
32103
53002
19842
50831
40494
91684
74980
51667
1222
6191
12639
57275
40696
75860
70314
30846
64929
45358
84274
6322
94196
47146
50985
20646
39153
84235
89523
11344
85839
81197
61673
77460
41646
70051
34111
88020
26963
42584
56585
27059
77903
92164
66726
24611
55173
19849
14523
62715
42265
1249
97851
81384
67110
13785
13918
92220
75406
43847
24217
30096
52385
18309
64221
27176
5663
7696
59338
912
19318
74135
991
16108
44564
5340
27948
99069
48369
9517
96547
35893
77636
38544
95112
30499
41486
30999
60133
30315
69030
27771
9238
91527
13238
54683
53033
12294
4621
88412
80359
54319
2190
75761
2854
35780
37605
8937
53015
98680
694
31146
31909
30072
7134
75734
76817
89033
63973
19695
7278
31936
99654
81366
34494
55372
68624
86667
21848
28685
43689
49980
83084
25738
43347
10416
97875
10332
43872
25863
73821
14151
66363
82167
73469
49768
36743
94059
83571
65184
75728
37313
67169
47340
92898
38476
23703
7879
94756
28592
88362
71067
4700
81728
40079
95565
95579
38816
95160
44981
25088
39472
16308
51843
11203
31411
46608
29701
88854
7594
5810
93545
93093
50444
72697
82076
59523
15639
38194
46584
1871
77810
48273
45930
85081
98686
88221
48165
76518
24175
93204
86421
53672
48639
40980
30167
85450
8676
33409
51790
96199
74807
82889
10553
38516
33450
14708
56012
57944
59379
62336
75255
55167
92270
27369
45835
85918
67848
79250
12100
19536
40585
88237
66090
60462
7278
95299
21973
55157
59739
47344
87734
14372
87031
84198
95856
87163
30064
70835
93613
74670
63398
32383
5338
22593
16248
43987
66588
60605
3520
12174
96917
81720
74506
16238
55712
23808
78253
33473
86500
55342
23548
68657
90714
47557
71642
77892
87471
49502
94810
51179
18623
4090
95763
45741
55683
68568
33668
17384
70189
55123
52235
54084
45915
93763
49973
78254
25725
29374
48592
61202
33776
46347
25379
12578
23584
52027
86104
88937
68690
6261
17723
87712
60927
65594
90974
45976
90637
22957
16050
37520
55236
31536
2594
69039
47194
94174
56811
49832
94966
90218
12729
89846
50067
36718
9171
39488
54492
95270
21106
33675
11798
80079
11256
47754
41080
19592
41144
94474
1954
28569
86316
31091
58635
14097
18958
45240
10410
73395
26505
59367
3740
10299
79654
5694
74030
19158
81346
55116
73966
36325
33774
79354
61456
46092
83528
34995
31793
82706
82826
60999
97252
7161
9121
25367
39560
71377
34000
40250
90108
18268
14997
35319
54944
39400
76331
73893
345
45454
58635
84722
13341
54698
63306
66130
52976
30406
2673
59125
59919
71386
49657
47817
7346
57087
62749
22005
83228
65643
84377
22062
96217
12123
11500
5660
42079
70044
50816
23708
29755
37968
24234
81794
22447
59904
24852
71397
20169
1569
41883
3510
68638
14600
27644
39654
6705
1066
32548
23467
85759
59722
90507
72307
54931
4829
2857
59705
27981
1815
1589
13093
93835
27154
15669
52275
66459
84181
99697
79562
28295
95036
34492
91143
34051
97308
94238
93454
9386
28555
30100
99877
66316
89900
2135
30248
93741
21162
47902
71631
671
88631
97760
68529
76777
22709
96563
6089
61483
12421
61283
63809
57418
39513
31409
52710
14148
18888
70681
38577
37250
44395
4397
99474
73319
52822
8374
60173
29806
42756
95392
41543
51779
19938
32239
56594
49105
58248
79195
87763
89335
2077
88975
6852
48254
90795
31618
99221
40289
10897
24520
51096
40718
88736
67627
48943
94969
99224
49891
96283
71711
96686
80103
15420
85804
67128
25581
26461
30761
88511
34701
36036
32870
6776
43932
2902
55817
31687
77584
93325
21556
90701
19392
7484
75885
23764
83640
53333
96983
20529
9632
61031
94138
63969
69972
4045
2472
96227
90670
99699
58205
22156
81159
31281
13235
57081
11726
18478
56728
42478
7252
36027
25829
33463
59437
28492
83605
71759
2698
52042
29061
76898
3132
91498
43422
20768
22670
43090
60287
69455
50522
68646
15663
47419
513
92402
26772
19573
40117
20640
78528
18042
96084
57399
52067
25918
7071
3926
24684
17050
13966
69801
85715
44977
16087
10868
15665
76134
75084
40950
48850
71816
11640
10938
15088
23378
37433
49603
24500
57442
20526
83243
22848
36073
22580
12652
53432
55349
47013
23917
4632
17614
59691
20671
62253
93238
87702
24491
86899
71705
87298
24544
70235
64508
11564
2122
9954
16602
68921
42413
58681
50138
40249
73105
44919
64481
70919
61425
41846
66457
55300
89299
18471
19820
65522
74332
51250
25921
83869
51196
35996
80258
798
70487
23086
12432
8935
77834
77626
90432
2523
45588
28688
23729
55771
13242
60363
73473
69510
53594
73797
13813
40501
99157
75870
9659
68319
51195
8498
86668
4701
2062
13309
39412
5176
16374
84293
70371
46062
75686
6918
353
34398
70878
30661
54378
42239
42133
41404
18546
42301
98967
54587
57345
19016
86663
56554
11836
48526
41162
23304
734
57403
26880
47777
24904
70114
73288
57302
79567
14169
66585
12565
20699
17586
53901
74013
20033
80061
31497
35043
6330
34791
24716
71070
34904
86886
3217
43352
18226
81219
320
34083
47133
24414
48061
97343
82303
26884
54467
5768
24613
37038
26853
9879
87314
71662
17226
7848
26189
10021
54096
63233
75797
61846
20586
90278
86274
21817
26972
80432
36037
57166
36292
58946
30289
1397
57047
97028
90152
45458
57861
66446
89668
65470
77571
49878
5929
84068
42679
43577
80435
55366
12331
8465
26013
38734
91165
84485
47307
29118
38186
79778
80405
74242
73507
25114
11639
94695
86676
29915
13644
78010
83093
36981
95666
91160
63391
25272
53424
43675
15519
39833
25926
79676
15793
40502
32596
99298
16786
35782
24512
7071
47822
17107
56634
76939
25815
65078
43018
29898
85339
89433
42276
57591
88102
18843
45774
40870
57083
84089
20884
16233
24158
46604
13212
65573
14115
57708
3383
36686
12597
63231
36535
24737
83570
1377
3939
21197
60769
65901
78780
46017
78124
447
3801
10136
7607
95281
3604
26215
14541
47229
38291
29875
21206
99836
57323
62104
15642
56929
82592
49156
94301
87828
3391
50691
36239
84140
66625
74847
45812
21742
83710
30238
83585
74864
4156
14159
77499
76651
6608
99296
14944
18418
25959
78988
53581
2134
51726
20503
1854
38946
66118
60848
41705
42419
43702
48949
11391
20550
48728
34731
30122
90893
37958
12258
61641
486
63435
85986
21480
21390
609
92217
68282
31199
25168
47901
69020
84040
62447
9780
70794
6650
59339
47881
85996
10529
2391
25502
91912
36654
6831
92638
49407
58805
85412
56044
9961
35950
20847
69577
31483
608
26067
95663
92127
1312
19277
25373
71149
74910
42401
72740
42264
51258
95607
41466
58277
56032
63912
96228
48532
68207
57152
93045
58996
56707
45228
8770
59707
58189
27955
55103
27380
79504
71647
12109
60060
18129
8403
38767
53683
90802
43544
1695
93336
98386
80194
3997
37543
52049
88597
71284
62704
60702
94293
33014
91507
7781
69623
81730
88828
64185
75670
15601
31778
37560
31738
44918
60490
56766
88865
83870
10324
91154
25528
16041
41356
62704
46177
56900
56278
82601
2176
17744
98318
13818
79871
87281
97882
82283
98919
77323
37395
82427
6396
45460
23096
69960
67981
3246
84920
45414
26502
24151
621
41376
57749
59335
8132
66303
70347
77407
61519
93523
45938
96077
51448
52934
47109
88181
74732
64093
82958
96760
73635
75594
84390
12588
71776
77981
69802
88451
68593
36043
35419
42261
16013
32255
18194
72350
56404
50207
8294
41633
38859
19963
74484
24901
75530
40659
31158
95797
53628
13859
82133
680
52984
53406
73771
69180
15627
22804
19043
89267
70496
19067
63291
71361
80424
84835
62815
88435
40929
69581
15334
61903
2921
68808
11977
42583
81812
93819
77525
46627
39671
38488
84065
45828
5560
23722
16039
14948
42578
52585
87470
705
91703
31545
37570
54631
72728
21239
98117
79056
23930
59382
16955
81054
99495
4702
70301
24940
56422
31721
8088
49072
29020
75021
22268
95944
11493
80711
31195
17970
86277
16720
54947
57665
21614
63204
60758
74088
81188
73623
26064
69157
22430
51022
64556
33409
45027
84525
220
36392
98856
1271
54375
58255
14923
49730
51188
7653
20764
81070
68910
16487
94375
350
86763
45700
42191
90767
48491
1538
14227
96272
24178
23036
42939
75102
44152
45105
77590
48785
4660
79938
95670
27840
58717
96710
76151
44979
42735
57071
89169
54591
55833
14896
2943
34316
19906
82049
42262
94365
86574
10458
24481
21037
27529
24768
21926
70337
8184
88318
34192
91514
67873
13125
74750
14569
62431
66425
28418
53204
38951
63752
8178
62767
13699
17519
52113
51599
41705
90086
5925
89488
37912
42537
12711
81552
73448
56302
28009
92834
3942
538
4313
44528
39313
57580
88438
16090
86073
69019
81539
80713
92819
76628
85071
26850
58626
94609
26425
11494
88876
52551
52050
92360
88627
10933
57851
12810
59060
28364
99906
7590
15103
25031
96523
85037
69928
29422
76015
50091
15835
83124
33127
85205
2835
93628
4377
23564
13950
57632
29934
43896
73104
16856
2036
21089
38228
83739
50543
66489
28072
67242
18483
36712
20937
1366
41667
86435
96572
67829
40441
37242
93209
11114
57313
24240
31586
26742
2492
25507
9720
85127
21291
17343
73764
26821
34018
76748
33904
27901
45666
56927
73107
44762
46285
89333
96312
494
1201
50312
21250
87648
29688
18146
12765
44357
55970
17666
72012
89664
61909
80826
72851
37603
25592
54709
8522
7287
96300
80592
36445
44738
90220
7055
5785
73856
68239
71672
6241
18776
62423
84880
7241
58732
30128
68229
21081
3684
58322
44696
96156
79518
3959
34695
56270
86586
85212
44194
63922
33153
88465
16516
11464
48994
18844
68540
68192
34034
78703
26257
23779
40445
99308
28516
92591
44888
95630
54156
49603
73950
43140
53346
6766
73973
63374
64425
16668
43769
167
94160
87587
16250
64284
41890
65603
80136
85850
28702
50653
63488
5695
370
3883
77920
94512
62770
93793
22118
12420
21012
71237
4364
98903
30775
88546
64379
53151
65424
15338
26297
46695
95149
5559
19179
79345
13407
40354
93871
35464
91395
2571
16821
55032
83418
14449
73544
24399
9840
10891
51788
39078
68139
62621
16621
51904
9109
31090
44869
15
41810
94354
95140
29854
41730
82832
4614
72423
74972
54478
99765
38371
15904
616
58173
28509
97643
81198
98289
2733
73264
79720
40140
36279
11418
43513
9901
41367
2798
66318
8060
3179
58321
29398
60180
83396
17133
3717
87524
71091
68549
90766
21122
51213
63949
10041
73361
47992
7159
56439
79127
47248
77047
45722
45151
76166
74674
55039
72148
70898
134
3071
45525
37008
34322
28319
23082
73550
5867
58428
7858
40266
24854
86077
31664
44191
93860
29827
84163
24643
87182
96535
33398
5246
94195
3939
42546
52694
64279
11630
66576
19805
74497
58866
29876
54258
79882
52139
4585
2968
57429
76252
26984
37807
75235
52410
25604
45876
89428
99493
88083
13598
50347
88068
71859
36317
84402
31457
32335
58763
19020
29267
36351
41473
44017
21345
6589
49411
95268
23815
4907
84366
49546
71883
86324
80832
27591
63468
99252
23261
61622
60441
75111
47731
73014
88292
84191
11908
88982
68282
85433
21340
23951
22078
22678
58080
82964
83959
11445
64531
16577
20860
779
66614
11712
25620
76750
29047
83693
99830
65788
79030
77244
5056
95865
10112
42060
15699
5795
72667
31317
66867
67920
86355
63598
89412
84946
34563
37843
83101
21438
51709
46543
52896
69580
97891
30403
43022
81236
77231
89278
51035
88945
97150
10749
64702
54123
99989
70721
68459
88049
96120
48000
92065
64539
8814
75383
12648
75156
33927
69112
24974
35652
47935
58335
13972
4969
9716
23081
86973
52050
8250
85492
88908
10610
15100
2126
72714
3418
690
60616
50
29836
10630
67602
71712
42187
12524
86453
4680
63712
27474
9689
1881
57296
31766
97244
69673
31546
56015
51635
73446
8407
36204
82102
23404
70678
46261
56927
46482
94759
78081
30372
56754
15392
20642
16415
35778
59319
34955
48573
28452
82360
46984
97473
1113
66403
92012
51776
65683
13747
23906
97163
35620
61003
98628
74168
68700
71435
22490
71617
47192
29352
26719
4175
63806
21493
18817
20556
59377
85094
72517
74370
88067
99139
96429
25035
95756
3548
32396
73065
39348
20560
92275
14398
15375
79858
88815
1055
25540
53495
77684
14756
7249
24526
54713
34034
31848
90157
27048
48410
44030
77946
8091
63903
7007
11074
17008
55570
47600
52143
27903
18392
49834
15257
62911
73599
44495
61011
51118
17067
70000
40182
78073
99817
24192
13769
88830
45096
84691
21625
81995
82348
97746
69687
65281
78891
84874
44758
62297
96179
77479
49766
78324
69019
54494
44027
36960
27839
22090
31502
97393
19939
94582
78414
94161
14383
60731
25189
32773
98898
58842
41443
45706
25461
86407
5514
89292
80345
28873
88155
17043
83489
73015
41508
1193
92170
95283
98153
95059
47778
92426
65134
44153
78128
57298
21702
90497
62223
65142
1968
62660
82230
15272
98120
71862
91125
39542
52642
60639
33663
18822
54500
33648
34046
30089
27012
79925
99782
89109
4939
22072
52652
42406
1894
37178
5845
29086
81103
18996
26425
89928
64072
61961
28776
32103
56293
62119
2993
29137
51228
40529
50128
37353
2827
22331
9775
54337
40344
25029
55558
87258
53665
72751
40474
34228
63560
93229
80979
51190
34693
31082
53800
34666
87573
64628
25751
7150
70116
4845
5922
19651
96523
62277
33570
44813
22160
38042
50321
16505
62041
86232
54756
63468
5122
22227
19770
84669
52041
35497
39665
17096
75353
65188
44901
71905
10709
69991
91351
21603
27952
60581
2995
6171
2995
83201
86337
68578
42078
83804
59167
87317
13127
72463
25032
18195
57006
87309
66944
45394
915
71220
93537
72541
86750
98620
55402
95622
20648
58546
78817
74399
81177
92333
87869
50117
58830
78226
18860
51212
23030
4502
61022
74931
88725
89404
34695
20917
77571
50191
47345
29016
45529
48698
50763
11999
66579
21265
24379
80669
90077
66537
83591
46338
44659
10646
28074
56676
7604
74689
70270
57364
78175
10405
24756
74546
13347
31291
78870
69699
11724
19142
19897
21759
25647
9168
34122
28058
52042
58099
72714
68355
70807
27569
58862
39156
51859
53905
67052
18064
61815
25965
34883
66308
90889
93923
39362
29047
42356
52853
16358
97313
24630
70726
96460
65874
57593
16711
21818
64763
12899
4171
28630
36309
86722
88501
97051
3057
82036
13796
96720
44942
80990
64909
3594
32223
96394
80721
67020
20400
37094
37545
37706
40286
20207
57273
53886
39276
27832
70193
44030
63947
39493
59684
48280
97983
93309
69991
92720
28822
69705
66847
1297
80188
27708
25004
68884
66098
79462
38097
19947
12938
5178
36986
7236
38055
26917
24097
72712
80685
59303
18193
32350
56260
40935
67408
91057
8526
44247
94121
39313
83216
82211
53295
89004
93126
24767
71047
80445
24906
48055
1940
58395
42420
6625
56391
56042
56561
84845
23230
39245
29322
17170
58816
44387
22847
17582
25643
77233
65731
47189
69513
26606
93434
88222
2988
55660
53837
17813
39820
76560
7566
12419
96516
20011
48382
20781
65173
38667
74836
96118
14606
87887
38607
27545
23517
8628
94354
41202
22603
68483
86253
56151
31472
97558
20269
70612
42116
20200
20482
63848
57354
21550
58865
66354
14937
71409
23907
45676
66563
42673
55123
80901
70449
81848
43875
71822
67992
2828
97000
89132
53383
52773
1747
37261
63078
28609
27566
91859
74021
30429
30014
47628
16916
21452
26881
38733
96676
90852
89058
87540
13443
65124
66054
80126
81522
78887
44777
71684
30014
64231
1635
18042
58823
90827
19518
41669
19737
6493
89654
45362
77819
83488
83564
27146
36355
35288
28546
45386
64552
45422
28604
40394
56532
38016
78118
61666
81258
63579
43321
54733
45403
62741
1015
49840
65504
20687
79671
79645
54699
73461
72813
60875
8722
35719
62246
30575
12385
9592
58746
52138
20495
74325
38086
93841
79294
56521
61153
95093
16613
46407
60574
66139
61520
10140
38694
84739
65371
63116
99859
348
61872
51554
22340
79600
95954
97266
75693
70208
62160
34873
87482
99685
33363
87071
8173
67607
86787
93253
97336
48462
39434
5440
49007
61927
7129
76237
51166
94019
82724
72199
41170
28884
7994
98579
95311
2365
35530
82089
37769
60642
57429
39756
54216
64767
13514
1107
11584
48306
57582
73940
29622
77324
71704
29806
77450
7325
71429
37457
69240
32022
82123
49693
89096
90482
79469
65321
5267
15045
14202
81257
49683
13893
90321
62188
74204
87064
60182
59636
48057
98928
85346
26418
5063
39027
38344
77185
52513
31359
70982
32720
29873
48260
13465
75700
7384
50025
72396
69984
67691
12314
90903
83564
64884
9712
76147
26603
33538
91187
66011
75174
83557
3783
29563
6137
48080
35487
23385
32280
43204
78950
82757
15401
24946
16461
46146
51897
48368
75614
19040
61753
15160
96586
85700
7884
97264
87721
27435
16569
93076
16545
91897
3312
2789
81785
85343
55078
22739
94535
45834
24
55858
48133
30760
40779
13569
97041
69922
19654
66604
21640
32039
96532
82228
51450
38027
87986
72862
24126
13462
6442
5072
20751
40412
89535
12905
68026
97315
48261
14481
51406
32943
59903
47026
86381
36810
16433
73064
9226
93617
17284
60999
59377
77126
48587
24090
80687
98554
96742
41997
48679
45247
18392
47061
15973
34284
31719
51385
64512
84427
85438
21091
31755
24378
27813
50229
87886
89064
76547
74997
97009
87680
43002
69864
9163
54971
89650
89636
36919
85842
92814
33510
30942
82041
92700
26991
5932
15030
69147
21098
14813
15683
87754
19103
25787
25285
91304
7095
42830
84616
79144
70781
4284
20356
58974
64664
17888
10949
51656
59958
34199
42667
53559
75224
63050
48436
32276
976
99520
31615
32682
84098
82049
83978
87824
45480
10953
39971
13044
11371
80249
6560
15963
86792
20117
39876
29378
74895
27271
21060
35020
96696
18129
16533
51856
77486
72961
42683
57844
88159
9003
62030
43087
59256
2925
20295
7771
18477
3909
31612
12622
96100
17945
24114
80475
32170
62127
82983
66732
95479
40094
56212
59304
68763
63755
55050
38756
4889
50453
3904
12876
39337
90491
60263
72609
75455
46243
63081
13492
88119
8448
21752
28147
64415
53769
25069
80032
20717
94443
24358
97703
94248
37673
32073
96768
56472
57696
39024
80773
94794
91526
39924
20970
26471
80313
41216
98107
24512
76492
34480
65240
73446
86072
40867
94044
2808
81903
45110
18086
10838
98357
78943
17179
14882
55503
46565
17649
81927
52913
8861
73814
34676
79930
18275
16904
83999
15728
63098
76396
19589
59551
85376
88588
17019
74112
36072
92612
11073
59782
69440
69937
20412
90916
27406
70822
87864
56767
22067
82537
70683
9059
69102
48637
18774
436
24612
26257
90412
46181
88379
93690
42523
40845
20983
98630
68135
18812
67691
63021
86048
92667
98406
81105
34186
53485
20527
82395
85101
17937
54104
96945
8455
98601
58251
58463
70970
59512
66647
4903
94653
78105
55518
20388
16919
29136
41995
93045
57782
42847
39825
40974
63077
27546
97364
59541
30222
50157
87035
33494
83302
32049
7001
36730
68680
93103
67887
57962
14360
83332
90524
17110
33468
33697
67360
12157
66041
201
70844
27632
89754
74821
74218
41850
88226
60362
53858
7620
53935
87272
33584
30842
60954
53642
16668
84535
35108
22742
34770
34075
26308
6160
60471
4543
50076
30340
96087
78641
70913
97058
42507
20773
79088
60253
19233
94652
76821
10493
43017
87156
49888
62200
81484
15727
77384
89792
21670
66471
14844
12243
74397
54832
52042
41029
33245
48065
42822
19321
17944
69010
18131
73193
24413
42920
30902
68532
69360
72280
59356
29321
68453
76528
62181
17175
56314
43762
24928
69922
90613
10392
48268
313
99019
98156
54681
16981
23685
66593
27203
84044
22543
56236
73841
48917
6861
41150
58616
60344
86672
50817
72721
91007
52554
56650
71466
12387
74248
7217
64877
98004
61544
41223
17287
60992
14785
97095
66950
787
46317
49480
10122
10574
58273
1500
55096
14075
17141
32310
24269
44668
52912
94158
80664
75244
33406
36396
94957
22927
94615
76176
21714
2749
17655
41858
1941
85039
43012
93589
48043
29353
58242
39459
78261
71417
47337
18665
92921
98604
33516
65414
81989
20741
80028
31854
97049
84666
40443
25076
50960
20963
67536
84510
19998
52269
73361
16385
91042
64909
33314
99226
48505
57384
15881
38931
30687
39760
73193
66352
86728
16183
84114
10937
83041
15170
5189
30118
24067
19407
59022
46998
30044
19643
38963
52429
25261
14263
34574
8575
61095
44402
69263
83095
26079
29131
29583
21122
73412
23301
52126
45346
93693
74907
86871
65873
72740
89354
54991
4467
37216
16801
73801
32343
34436
75455
13521
96235
41503
55075
47024
66862
18232
61166
69248
17858
80885
89520
90673
4913
16410
83631
96586
21149
31996
28148
17580
47735
14123
51293
61607
29713
93386
11175
67341
3649
8166
45384
99928
50524
94859
61597
90649
49289
57749
13607
42819
76735
13152
11424
85915
24898
95253
90988
96659
12547
36899
25258
25012
36720
94549
42474
11328
48529
72384
91555
91711
22921
56779
53402
1612
97451
30047
96042
43620
35965
2811
93059
46823
4787
56168
91047
4299
23280
39765
48410
2516
34755
53461
29120
76206
31243
62678
38737
19320
75641
85329
462
46953
13135
63293
58507
52913
67864
90013
45231
95663
34878
93815
74376
72977
52457
69108
39401
83708
54822
98241
16249
87109
84572
98307
96864
97830
27333
4674
53130
54515
45363
21241
48074
63173
1675
60491
39283
33110
41192
54240
25889
99835
44667
18702
31708
23801
15869
50374
46432
34522
72487
89046
3413
95700
19883
74450
33020
64299
75072
88700
16462
86623
78928
2867
84227
53617
79415
7847
60506
30714
59191
71425
95178
11685
93442
48201
54105
51456
23657
75884
66767
79661
2413
80939
25588
152
88795
27048
15191
53604
41432
47561
70113
71341
28162
22417
91422
50234
71607
92350
55963
24329
6949
50805
86205
63317
22586
99091
9639
90106
6342
38234
70215
14722
22947
44657
88410
28994
34452
54836
9204
47107
8259
11007
80284
61495
62506
54807
36624
56115
42525
73025
42615
27223
52121
53131
97082
42288
48556
77609
86127
23256
4706
85115
18941
55565
42509
71677
91059
91533
92758
45947
61974
92409
84233
33238
81316
54142
39889
8115
80787
39132
32552
24987
18404
93007
2756
59037
7905
80345
22454
52305
36888
32686
37960
10386
9319
60683
57864
47603
70862
28306
8134
24493
40293
62508
88498
6647
65438
76003
58567
62203
2160
58278
9211
93167
52638
42344
7908
68541
73478
11836
98234
35038
12512
57907
5013
69393
78463
88212
75468
69674
38079
9371
78855
7654
76945
84950
3149
58622
23682
74557
87523
61535
57228
47701
16879
64471
77743
59856
63026
9030
15704
52603
71550
97694
30589
43926
28680
72220
50377
47790
79519
61161
18179
58718
52662
46949
43515
8980
75713
90515
69246
31151
44705
55869
26101
83956
12147
33457
80474
16750
11273
86761
80481
44701
63189
12375
20859
27987
65208
94052
76761
27901
40262
64947
39113
15855
71096
29515
1529
37038
61838
7446
89550
89877
8151
61818
6611
13832
50080
27667
85883
4327
55989
40575
80168
38142
5762
79613
25284
57213
81162
65138
8482
62151
8281
62685
38449
17102
23966
47191
29359
74298
73995
17847
94333
73033
76768
79091
17893
82347
77275
99280
97944
96470
11402
3442
47077
13416
17325
5624
77248
87512
9604
52847
60851
15636
28920
72236
99549
38540
41041
39619
71409
44443
82004
17776
43909
70748
10238
41589
79465
90682
10058
81484
48270
19931
36966
89166
77076
74869
57226
14944
4111
95479
65194
8484
5864
65757
63103
83035
46330
9552
46536
88083
68132
58614
57109
38595
81995
26239
44381
61488
6320
61529
95708
90444
11375
20570
46385
99671
61557
32390
84791
62397
18686
26000
1752
73219
47628
60435
17670
53066
76000
94770
9592
51328
18187
4696
12940
90011
36247
70736
36781
82687
88393
81644
2847
26123
27040
7096
71016
11525
57540
50184
58012
69499
45326
1671
41893
39027
52661
88052
44709
61276
50170
37335
96929
88086
56110
17681
16904
91158
31387
32976
37612
41906
12783
41792
59924
19034
92572
89924
86740
51850
79481
54192
58916
43217
60797
16618
45865
33261
82202
28809
65262
25730
6559
81827
23833
40159
29704
1196
73084
40709
61749
6006
74870
19121
24999
30057
11408
27143
87584
32134
41472
78778
57530
79669
67869
43896
20777
10707
52558
95563
36039
20398
90717
11311
38709
78001
71796
11738
73413
41535
1434
98123
85261
14547
30833
4027
72790
51620
94736
16660
72415
96399
77042
53106
1807
59508
55096
66045
81580
25359
82300
13403
53507
39375
47186
2069
20969
72936
68649
84549
94779
64028
1238
46133
32024
71402
26430
56952
92362
52288
86720
45576
54992
52518
2654
80997
47773
99931
47017
90565
7688
30819
92328
65350
61803
57878
35258
90602
44651
42982
23349
26528
54697
42688
16078
56895
67326
17733
83214
72284
99858
55040
40340
83775
32682
819
61446
91236
71052
26865
28905
59265
11087
33520
80332
57183
3984
86994
68002
43686
27876
85512
52395
41520
9269
78395
2664
85702
97239
67040
48384
16389
693
67051
1942
56761
76133
7068
78417
28403
14323
7555
79260
38893
40652
83455
56267
69239
7321
30204
9008
76676
37038
2558
3280
34634
85379
9571
212
69186
85020
87813
71532
96270
47514
52912
64575
45243
57318
62300
67748
35819
6876
5373
61534
36056
44508
9406
77298
76508
67158
1799
90045
48036
58509
35797
98779
92776
81803
71918
10020
63665
65994
47733
77278
6379
98994
11067
75757
87556
95990
67676
62796
5266
58639
33601
24545
61271
40845
72253
96718
34812
7504
22368
95736
59661
69307
9236
54778
63181
43807
24355
40140
51547
10932
60309
9073
19193
67875
24224
83017
13570
25756
70282
83481
48414
14748
63819
64393
591
23660
91997
93919
27668
71638
99543
87262
81348
69021
41577
4375
10656
58337
12448
94315
153
20277
84697
15810
26576
19326
9147
53284
56033
3289
15872
36205
85500
35735
57574
97685
57891
80551
98662
93690
36698
70821
74871
19838
51662
84036
88118
70461
8705
23582
18322
261
26703
6189
38154
80950
53600
35745
89200
98283
36367
91401
97377
90480
84966
90651
77942
26086
66745
82396
24495
74550
3664
64506
88302
23214
3410
92159
6353
48125
77054
57520
38927
78253
29407
55157
2449
47472
95059
43532
72766
91118
94761
54961
26092
36330
12493
31986
34427
11561
40977
13300
6756
23251
86305
9351
31924
63672
40292
16341
66450
65014
23266
64576
18909
44016
98277
18765
34316
75925
29180
44257
35442
46201
31933
17927
94176
40493
93965
81894
78523
83385
48615
15967
40912
88845
59456
1544
63988
28925
59845
71871
1541
72333
27494
33456
68463
91118
71039
8686
21729
84621
22153
27091
46154
71570
64086
53222
87141
84178
37730
95812
65556
99629
19700
54374
51158
81191
3642
37345
37417
40068
65755
40625
53267
39448
72959
41276
98187
5038
96723
8972
4978
23840
60866
30767
27103
91169
64044
18959
84613
8702
7269
72548
14171
36729
74976
11066
29592
25769
45540
86312
45150
29974
61457
49480
22135
2081
51567
58719
11764
56067
32821
62405
44145
18035
38526
34544
92181
37458
56100
64187
3190
90039
50570
65849
97110
94215
94765
22500
99671
79922
77999
12629
43364
47527
96407
94785
11699
63322
45192
18735
5439
46065
43775
3252
99629
88872
35017
89138
30547
6566
62427
56771
5592
97500
77312
89441
52150
33132
39551
18313
55604
25626
5810
11299
22603
13417
75483
36224
53360
43750
47773
25302
70326
49278
97176
77031
86283
50785
29473
48260
20166
17196
86520
5369
85593
31923
34526
20501
85795
78665
64200
56048
6023
84532
73361
12915
94122
28218
4117
11735
7064
52165
99686
88513
70506
19685
12325
68643
14328
65859
51876
42234
23831
27330
71514
28880
85658
19175
9162
77473
68777
30004
57302
89542
89516
14496
84960
38059
61361
30908
16794
931
21319
60643
32892
82866
50585
51961
91920
54390
46685
94405
47118
83872
56788
70966
3964
39838
13550
88733
31911
68171
60194
65574
141
66855
47278
85066
56243
89635
46516
2507
79516
18024
84097
64722
38552
72962
30834
97681
78455
84094
65839
5489
77918
96356
64846
20866
36472
76689
46840
92650
74131
81306
88152
57214
60802
79696
9871
26989
89168
66057
2390
41131
35411
12076
43346
74711
4107
27602
67795
20198
91595
38244
70697
50222
16115
56673
17345
18822
78645
4935
78953
60351
27644
69179
75934
64885
22381
73432
55151
78957
26949
62500
21461
55740
82146
23831
47178
56423
56930
45708
18731
97993
18616
6223
32922
86698
26870
53529
74570
4100
34445
62534
22673
20777
96881
87834
36654
75038
81459
80435
83167
14378
34658
75335
46955
3605
90138
69677
51746
26152
4278
53876
70436
89551
55058
4938
22236
5434
15554
89283
8958
75748
50639
44724
47421
82856
32296
37727
99857
25566
76877
95061
83582
93769
83379
81347
42937
74250
16774
46398
59526
68121
65097
28423
93422
35167
29165
30919
31084
78912
14524
40708
26909
20317
37244
83343
56762
45293
67057
30714
52806
28414
33702
70070
57930
10801
9132
64407
8997
97587
67684
75964
50994
90756
66898
1267
90483
20335
36856
46561
19787
66346
86668
76711
51402
77264
94952
44153
80834
11774
67423
19109
56261
64740
23846
55995
3697
19505
76919
43019
34899
61092
97530
28093
62770
87532
97003
81549
95725
25960
35544
99256
40659
71481
28687
83131
87362
33580
63968
99868
68609
93303
1439
22547
43914
63522
70732
78041
1564
62664
22336
6294
2484
43397
48489
36822
91620
14552
56516
32202
37310
41098
24347
30012
84156
65911
3702
83381
60335
23722
19061
76777
66308
62717
54035
48017
93211
53132
38834
25117
93198
26221
22015
38955
63873
12719
92747
50289
72098
84411
62870
97761
7720
23505
2768
12350
63558
422
43806
74084
65507
4325
47712
83671
70963
84612
51043
30627
19517
44194
17728
36202
17836
61472
67517
23128
59455
51160
88177
14250
4360
42170
42235
12329
34187
78586
34749
18796
59873
49377
8700
17259
24371
64174
58458
17195
43078
58254
3825
59086
39197
88980
85703
34621
99762
20381
12626
84260
31732
42037
24961
87721
18213
37733
56364
98738
24328
35935
21972
17531
36937
57814
26307
47929
42977
67389
41772
9192
49776
81161
30971
15476
11285
92055
99794
20804
74508
88144
61401
47324
42051
65639
55275
28158
51249
425
23684
18131
86245
39056
73684
82298
4509
15457
4528
69825
54235
512
59260
14988
74282
21132
52970
69495
47639
81027
91337
95652
47271
60957
38016
96720
23570
95610
61827
79677
32345
42308
10971
91080
71724
40177
56900
11665
88065
69068
61321
77580
81702
15779
11433
38162
9925
15037
33665
48597
47607
1223
47391
33859
89924
64724
99201
35022
30788
25994
65138
22414
74998
85615
3876
9394
18596
58720
49241
90857
34802
71061
10107
174
13277
10828
80248
51344
55227
37528
91372
74748
87587
64051
11478
21261
88898
32603
28103
58155
95476
26317
30447
9664
49977
89392
58152
55707
20667
62835
51242
43070
44877
37851
82128
60864
97485
36894
36697
42136
61591
65991
64314
26830
7503
38496
65739
97262
11678
25970
83707
80591
91207
32
14347
39090
99292
92855
86497
15416
73984
94087
1176
44577
50016
14331
63050
47990
53059
58270
44344
31040
44657
41904
88352
27368
40539
31775
60588
71767
18292
80469
42666
80841
17376
6349
48994
19233
86787
50576
68919
32192
62361
31057
71765
57951
26514
70992
81638
24032
45626
76516
15059
87027
85216
96496
62666
5540
20379
39313
61660
2816
75687
63694
46444
68322
77824
29089
70915
51883
91718
90371
85748
11758
9306
27861
99567
67737
48854
84712
74459
52520
56554
51729
40541
44438
59704
10601
45928
37495
8320
44914
52753
30458
92873
13847
83972
60132
38662
64848
43218
73336
24102
53569
37422
65487
62125
9649
48118
97440
26245
6591
55574
49087
58913
78405
70792
88852
34688
52733
28812
32905
75082
63966
42487
77822
82876
94042
98138
74472
55654
22861
55966
54099
87066
68994
59971
97779
70325
74443
18699
88399
4909
44265
90193
73562
51339
67560
14985
83932
9146
38855
35401
75576
21249
61577
71810
84995
86420
44131
66145
59373
35363
96999
18909
96263
37384
62623
42154
46643
20819
4174
40547
42408
82273
81446
73068
49250
3663
52955
78072
87345
63817
37027
77247
13380
70129
93676
92407
56854
79420
98085
72573
77010
52362
99732
79660
29216
2697
65804
63322
74110
9974
46156
31853
68644
17163
65979
35277
3415
22745
26534
50245
34618
58314
28696
21798
553
1150
94637
42303
73254
51319
85192
24886
11647
94065
43203
35207
38419
48407
67037
33173
71103
33157
9724
17445
89438
99606
24745
43136
75503
424
83689
98307
81186
76315
41021
17697
76486
17948
96381
66
76380
17093
97717
70372
34118
47961
34441
59589
86254
61840
1214
80404
23863
65157
1032
76611
89344
544
52753
88675
85318
36726
8188
89591
37250
61141
59961
90003
59817
78406
56869
3592
54111
84658
71170
69546
66824
53831
446
90262
38113
36248
46061
924
38105
60977
17532
3849
20135
5741
90385
75256
13798
66779
25928
53610
1189
2261
93721
21398
5042
62541
86771
89656
22121
63511
27730
21146
42275
86877
30619
69608
65139
23604
57092
83786
88006
48671
22216
68772
97769
42714
32730
54007
92713
71934
3460
89213
41691
14560
13033
44699
5637
72400
27307
91677
11700
32644
62590
99772
96088
46434
16252
81394
99502
77866
65627
68985
22185
35074
8878
92998
93828
30234
29578
65861
1692
36018
69562
45435
40661
98755
26836
11613
6277
29534
85087
80951
29764
34018
66264
20401
55989
29860
42788
53681
24336
6311
59630
94961
90942
3784
34994
89069
7051
69722
15459
3070
51203
65100
97556
35737
99082
51892
5384
20790
8887
45892
78426
64957
83738
34061
89518
89446
66416
91999
94940
14798
99391
9636
543
66705
27146
63746
85373
38907
71598
66620
94253
17256
76908
36254
10111
34217
92749
26083
72451
62543
45717
9915
66842
81526
98672
19578
35714
8076
80992
34579
68657
37508
45558
23702
98513
21251
93523
67561
85801
85456
42855
60417
77751
45208
18785
52200
68846
76952
79204
3580
41339
22557
76398
57426
38831
78192
22767
27816
63557
8606
22622
52313
42840
83487
78943
98861
91373
54066
4992
10566
48303
78656
9304
45119
87045
80973
99505
2229
21413
92151
8974
5060
76597
14639
58375
76872
33043
65113
75359
52767
65219
39978
87929
47986
98959
11975
93096
43674
48190
44633
12961
67423
65571
91015
76630
32532
95428
38729
62630
44048
18184
57664
54789
43224
56154
30051
5177
89228
10064
2028
33786
62054
11246
97482
83031
49198
76971
66372
68245
55938
72360
29830
10715
20678
60247
25137
90003
8512
78135
91482
73816
23955
78849
63543
643
86307
10226
84348
64018
73938
23648
10304
98576
17227
31285
84682
29794
37831
35382
14655
93634
87796
37102
55491
99453
17535
51339
13420
72190
45295
23706
35929
30851
32525
13141
53382
22228
71520
98329
86128
15627
25414
74062
830
5179
11838
13687
80247
19514
37995
87430
15983
33486
60322
30593
51107
42432
63481
81081
42440
13498
75558
92658
23055
71439
94995
10397
52645
88828
52614
46988
40189
756
36720
15454
86292
68491
62244
53029
80121
85288
62254
339
63053
58739
52894
945
35202
35211
9229
18289
3424
31088
34107
69413
30376
26625
1392
70393
25887
26966
59915
42501
18317
53905
28531
27024
37004
89624
58936
35163
2987
72059
80670
34663
56440
19084
29808
29059
94477
64353
52898
58813
42297
45449
4837
3227
97970
63653
91249
81135
11084
35357
8152
80456
80270
32496
39703
72249
24128
67432
31156
99657
20513
66693
70759
11212
90935
44844
12925
86403
86979
67221
81728
15584
61389
31824
99063
50358
61736
98105
21182
21154
14228
46647
81823
2986
47652
61691
94581
55325
92219
50304
93884
15191
48311
16254
85001
36468
39603
17974
72643
67338
11070
98438
36773
87926
42962
80491
45191
88541
89008
32541
49807
62322
65297
37784
78121
96193
25257
18978
25707
80713
46622
64193
613
12624
73241
16130
50684
58641
71463
34282
97353
67828
81557
85305
46082
45100
88357
72074
14289
48060
71906
29198
43507
58127
20246
89495
29983
72237
54387
16356
29501
79911
49024
40249
45933
33045
59781
32651
16812
57536
82944
91763
72720
20837
51747
76978
7226
89593
83085
79724
49362
20159
87359
82583
65765
6886
2021
3317
39831
99346
11411
71133
55901
79636
9961
84920
39790
77160
64867
57743
27391
4713
26294
11154
55365
84332
37960
57293
46284
45997
81518
79644
90761
6193
96431
81673
49268
16949
17717
4514
3271
6369
21314
43411
1023
30499
2577
29287
74736
53018
80727
19434
1614
99659
94856
84760
45724
99706
35304
204
9726
20845
47258
28474
60632
78416
96077
9293
10793
75715
41984
86165
64509
3848
73377
70869
76526
87047
91871
98910
27197
44553
6608
79542
13485
2184
2957
11697
98439
31733
76845
10091
24468
10007
18588
16765
93944
15393
27114
62860
89148
9380
8619
59303
7038
36516
13403
50884
13405
37855
11865
38015
7548
99384
39909
96769
93714
77188
7487
65811
82531
247
84745
20980
48599
48796
28150
65931
21922
90431
42687
22537
99523
8032
36717
38824
57389
10164
11643
95230
80914
4922
49888
56287
96198
54714
29050
66216
97173
70348
92120
63408
92671
42995
96250
39505
66302
9003
68497
58918
32359
68963
42667
87247
54685
81788
20658
78016
762
84352
82017
12606
22606
66748
98919
60096
45511
39448
66166
94681
58798
82546
62199
72776
68752
18891
88436
54072
33017
13241
40593
2893
8448
2918
51515
91450
64364
29048
2178
70490
63218
46149
12955
51943
13139
86118
9945
55807
95597
18662
94274
8543
11377
47739
29178
62121
74626
13414
55290
50069
71477
94280
78507
82981
58823
59894
44691
7044
94757
48391
14050
62809
34280
32576
41833
65399
57971
60708
78545
18696
14976
60400
84118
15160
58066
15792
34613
17179
21148
61658
97369
577
70852
709
16017
40604
85604
28275
17617
33094
37982
73652
22386
57575
46362
28825
3465
54498
5393
6659
89519
68274
16091
96341
91236
46963
33136
17615
87358
38869
47720
67473
1886
91908
55637
71495
86170
37614
65689
89597
29485
99106
52891
59693
1747
38298
74070
34286
44918
82049
74231
33729
92565
75335
64905
84118
3885
83129
12627
79839
86943
35374
10555
11393
65724
59212
85141
61747
57527
24973
86222
69811
71095
24358
30788
90116
9434
75402
88628
40141
92075
67219
39658
43908
73868
14037
18203
35513
20539
48333
30123
78206
28502
72283
65059
1482
87365
69385
42874
15242
90223
62767
53796
90097
23170
75061
76388
31349
85086
85112
92845
77919
55632
46795
62865
26228
72093
65009
97367
75895
20318
30389
35643
75657
10544
18382
13240
44318
38598
90021
69390
16278
99272
55866
13687
57894
67620
72277
20693
97771
6660
90944
24336
40525
33640
84338
51825
49018
18705
82410
84096
62620
99518
70851
14607
75090
22059
50970
74703
37476
49972
9464
10254
89015
88834
98985
72485
82797
39508
87362
50061
73993
71803
2533
97411
85630
67356
49129
8928
58160
19048
55035
9839
68861
44325
9071
55922
5986
67410
84572
12136
80187
53933
70673
60788
79181
50860
60801
22033
80530
23999
72033
61994
3168
76644
95506
68186
52916
31715
61512
19023
79127
51783
7167
89791
79768
75799
81502
76751
50714
60864
36852
25009
60049
68440
64473
1263
96355
4681
87625
14284
89425
23613
38860
89370
17320
4901
62625
64003
64128
69939
18920
59024
22810
68705
73447
52880
92346
62383
15703
58069
77919
34185
84178
76948
11555
48971
54706
88838
95492
1726
42570
90790
72851
74137
35012
31152
34711
51629
1039
81896
32183
59190
12562
7488
85912
32379
63177
91555
72659
36750
83252
78488
77979
63826
35993
92062
65873
69035
13790
58926
55022
28421
26153
3182
9654
79870
24804
41111
63814
41239
3968
77434
48336
21998
77297
11283
4302
29114
11937
35485
24549
33788
64632
21358
34530
54570
34555
79946
14520
25063
15141
12124
37301
51736
74459
37998
5490
81776
89080
95309
87130
48951
13307
10193
44476
93233
19593
27578
53867
90096
1014
13196
22303
17331
9044
34176
60247
64038
2049
59422
88255
35911
33612
97084
5051
51328
30456
46886
97273
47955
29669
91807
52828
13466
74018
87862
97669
29069
40117
50024
69574
4952
59610
43645
14897
92535
83167
61859
89974
26139
53376
18903
54382
36846
75433
75489
26967
80275
89597
11086
22906
18530
4300
92784
134
45573
81994
53282
83666
93642
49381
64471
48959
62228
82913
37697
8755
61155
97918
42690
17071
76957
31832
90523
61802
73761
26195
95612
667
57321
49942
31652
43331
73526
79689
75959
24802
65926
70842
41612
62616
2237
59265
54147
65047
67384
85865
55226
4039
28238
47720
56906
36159
65820
13456
82515
94626
59297
30490
76381
85963
17864
99314
48473
21682
10351
83112
28356
45830
84893
7779
24740
86375
45088
88135
67223
12703
19811
90206
4853
12585
9940
19848
1562
84975
69218
42907
46978
96951
96501
95363
13230
23461
8284
14543
68723
48968
52952
60548
47767
75514
36497
31510
4459
5969
52505
16408
40761
88168
33981
31947
5005
78100
37885
31781
81291
57341
44283
16277
24741
63020
93568
68046
25931
82458
21238
19909
4576
11441
5779
90359
51391
91539
67544
208
32261
43400
48857
16322
86128
75979
61500
46328
13386
16117
81716
14927
44150
47177
14926
54765
50183
72062
34234
86227
84696
50830
65856
86989
97346
1446
24967
24918
1962
41399
33361
73396
30733
73133
60845
45217
8727
56873
85601
38741
53506
76035
81881
844
24383
43053
71819
84009
84782
22730
49188
48048
26454
13501
39529
54377
27972
73982
91274
3750
86777
70542
91348
75102
83924
62831
5895
95404
73230
58345
72653
36993
46757
61974
70969
52991
46858
41928
45668
21131
78457
40553
81394
20699
2216
86883
91539
56367
55493
25348
35042
92078
36469
62698
82719
6555
81910
96170
59967
51101
7473
90827
10956
28430
84612
44025
39562
33108
12497
9067
6599
3374
84798
77686
39468
42336
20109
39591
91925
32169
5924
25473
79085
99241
64467
34362
83724
69447
69864
91911
23489
85033
4459
92911
90232
56807
41636
29190
41626
57335
62741
96083
43373
82926
72002
5432
64821
12871
844
41396
98008
86228
18386
97591
12637
74773
1999
1834
7545
70499
50374
45711
84587
40901
65468
34766
36298
95042
45669
53082
6321
40357
88002
57687
62642
61159
35198
45625
41917
40122
32303
67021
33042
1808
87288
71207
69148
23587
75418
54206
8806
56506
28234
57151
55682
28306
3804
62210
28122
3170
69645
28174
16781
49667
47297
34141
38330
4426
5438
28226
56059
44512
16787
39618
4164
23009
91259
28882
17046
76747
52740
15808
12879
4712
30067
81451
25949
76750
24478
72801
28100
69364
62437
65063
75991
66372
72011
32861
17807
46802
84927
92888
61495
60681
8608
29426
92279
18859
27396
29556
61204
23631
79239
99540
10793
71806
3108
91228
23988
26283
99889
78406
75763
81613
74427
82265
61944
29234
71923
99954
8658
8971
7699
61063
4401
2550
27688
56528
96325
46894
14536
66694
72894
57133
91962
61885
68515
86036
14862
68754
53049
96061
89463
50782
36645
26130
95263
32237
72070
76243
65781
215
61624
11910
35018
13415
14115
65157
23033
72358
70481
93673
40871
19259
25417
53661
23473
10818
50882
62927
28377
95205
51820
94574
19537
2546
3437
98923
58413
42531
52103
11088
24569
93942
11738
39078
63606
2427
57488
28437
11978
29649
18745
74079
66715
95264
98630
36742
6291
139
47415
30397
97432
70611
79904
49747
51186
18046
63555
92224
75440
18492
4892
96580
17465
11244
96679
77982
82202
139
10796
73460
13222
86109
86734
63319
17376
75375
3707
11558
60399
46391
80763
90741
6180
17895
63602
27904
3621
92268
6514
13303
94703
76828
94946
85278
83431
74487
6301
66406
85035
19465
98740
25311
67133
45797
64851
31670
5141
97468
32157
51547
73447
64309
17196
70626
50449
31630
52121
13006
25459
61786
78866
15009
48706
30083
63779
48979
82713
76819
66952
10757
34825
85176
77026
72270
96963
74011
11025
61171
61159
43269
58813
95287
21191
63364
16988
70911
45900
61676
98722
89726
30827
30183
27701
22421
74459
15106
47320
64584
46545
29556
63985
48363
17253
24579
96364
57124
26385
77944
76579
22760
10220
52939
14069
87861
3233
16628
31420
33589
25461
89660
13422
37014
23069
3734
54646
18863
83828
85919
16043
2251
53006
75612
23018
66759
91061
2496
11272
91586
67040
22321
72075
36648
16288
14113
1107
40005
46440
17044
18446
10337
15624
8346
61659
18474
51369
87497
51253
50002
95602
80497
53814
26932
52493
99135
63173
86767
93061
37426
16519
6232
85381
94299
63499
1773
3660
28141
95432
54776
82919
7747
4363
25126
20209
58595
11399
63815
43210
7063
88826
29324
18919
89810
72188
45058
46830
51855
90106
36097
63211
98878
17665
37814
25381
12579
10441
34330
15111
72001
38506
31425
74105
70854
40003
37174
68841
97398
61087
94713
56032
74079
23106
51014
85857
49434
55377
13939
64017
11042
37805
15147
71511
30947
82063
62401
31597
14573
28909
66539
7592
23377
43129
13352
65367
44158
47881
66311
80962
7785
26281
21696
68284
71688
72744
42613
88744
50983
32138
89219
66098
49967
66032
6318
48238
88190
43875
48152
3746
6218
42004
90470
47239
55044
41677
60117
36905
77190
76378
93910
63975
493
8947
44065
77800
89891
95601
72685
48990
88404
62838
56526
54036
15715
69432
59829
68512
74243
612
94764
90569
74088
18158
62258
98183
91690
94425
64002
6365
73700
56365
93828
41350
66794
87828
3501
64398
68194
30839
70720
13514
61820
63194
321
29945
31543
97762
34814
32863
12736
1559
60349
54194
59453
6786
73196
52297
7712
198
70562
29059
79098
96410
76541
1262
54382
82716
59804
70788
25279
41840
36467
59224
30819
3172
27389
98753
58088
67630
93451
35291
86569
36033
69253
66418
94317
40252
78276
40927
28587
88513
20357
16303
94177
63416
44998
40771
62148
47165
48207
56936
17081
95481
11971
13552
24360
12593
84940
37729
13921
46442
39896
28577
83347
37247
29365
23601
38047
91045
61767
77558
66992
14088
3487
64623
68744
46478
78836
20647
28541
89706
42147
48035
16745
78273
64867
62023
15925
52990
44887
42806
37385
83263
45670
96723
78649
4432
86836
53469
62196
5395
342
38609
9367
82215
7255
32192
1008
7916
65784
41756
8548
57636
96095
71952
10230
1223
48066
2094
38452
68112
21470
21107
14574
17526
50863
95273
19783
10076
67312
58042
27501
37114
13991
91244
66438
28398
90743
15022
78313
12250
28275
36946
70575
95083
97552
20237
73571
53931
3226
76601
7402
90792
23803
28996
24772
24394
91102
50257
79092
35894
21819
97822
51072
96588
83473
89756
81355
45663
75209
10731
45910
22551
41230
60066
69943
40540
60588
68634
58907
73396
64322
79782
92793
19983
62791
11829
54444
21463
86264
99519
28791
84130
51898
47828
21606
85930
23603
49466
9183
7954
9575
57192
37572
66747
23304
3399
59508
16040
60194
52289
49416
14438
11491
29180
85021
77651
22606
92821
14709
12006
71870
99538
17744
56155
88146
87353
30114
33160
13920
76178
94095
8947
9113
20507
16108
95845
19746
41923
24238
62765
43091
31501
16315
66399
79457
55336
43586
62814
91934
60558
54608
60662
51497
26763
48826
10809
48681
16310
5225
99847
87474
17014
32676
43907
63621
4131
16814
21325
60788
30635
81664
30223
25712
43831
64595
16391
54878
45585
18433
95189
77952
70199
87968
38152
99170
19885
94856
99798
38224
35251
974
27876
67443
36239
22806
75374
41081
72815
61006
16947
18424
37583
41703
72381
81783
61177
49558
3387
27845
45264
80445
37446
78659
55507
61905
30410
74601
91252
43458
73974
13026
71319
8977
69153
43808
98394
25604
91022
57665
71943
6700
64848
26679
87997
64944
6177
26142
84547
60624
67054
45889
70072
57704
32381
49423
86634
6955
20647
59666
89886
9748
29431
84181
78272
16877
52994
50067
20291
18092
45312
1570
20551
55824
97983
24666
62471
63950
1181
90216
92565
21375
54014
47888
24748
63874
2025
68000
3911
67129
50501
33557
36468
28544
82097
781
2145
84989
40585
54266
98485
91042
84856
96706
55204
25504
80537
121
24729
85587
18308
61693
44948
61608
84942
12541
79498
22929
66950
38031
52144
8799
19570
41828
12875
39294
60893
94680
78959
24541
11947
48683
67581
61962
29352
27242
81138
1207
63467
4095
82989
69584
20032
84274
6486
44270
81040
24173
21994
31503
44373
66079
44890
70798
77113
83976
8726
95258
93206
99074
94682
93855
1416
80911
91898
49135
47580
48827
74660
28301
27457
24532
99281
36081
37671
14167
84622
34446
99595
76893
83487
41235
45219
7622
22592
2802
78469
46925
6671
58719
96814
18682
41173
52611
88960
70939
19010
61076
26868
84548
85884
19838
54252
25270
61076
50903
11049
76302
2852
42737
67623
90362
66618
153
28568
84080
73052
77085
8530
81998
29368
92080
15604
77369
97889
96291
68933
46926
98380
35632
24343
93392
66705
86435
76501
38970
90603
33096
92336
17667
86108
29870
94391
49833
64760
26889
59527
9249
63930
57913
30892
58311
49675
7191
47859
53160
70448
54220
25929
71513
92097
63897
81850
93786
74577
80673
65591
90318
22403
17744
15722
56214
793
637
12724
5433
52839
13097
79412
4371
42121
51370
62797
32926
17032
59695
98366
86970
22469
29836
591
98457
33719
81718
14878
51696
85303
76194
82658
87405
38275
70633
20257
19716
52594
24191
39067
89362
79690
27835
16160
87925
59671
7731
41568
29653
91278
6519
8596
67042
75085
10676
6618
31190
64889
94672
33571
90400
29344
38860
56140
64529
69504
76778
33236
37173
84669
15153
36240
42552
5533
4956
26889
57793
44150
16842
12842
19722
25069
90858
64022
39000
56398
46824
90154
46425
40889
48142
96120
3522
65363
38610
75957
94854
68239
48345
5811
43028
87732
93080
31264
91356
47149
78003
34120
93212
88238
85859
74791
72057
73977
82561
86592
12851
53526
96977
16243
69875
8549
94107
56886
38105
42019
28908
70857
99082
32760
45920
60912
43610
98353
52738
42602
63650
79301
2385
45326
7623
16245
26090
33957
44179
36920
93174
80038
15796
25291
72793
51723
82181
42440
10688
40303
92767
88433
6935
88882
13000
14470
19202
25438
98834
39708
2425
9168
35090
12690
39896
80942
55977
12792
62278
16933
92368
2311
3413
94912
98499
55362
8289
15238
42258
70546
30698
3092
96310
47765
17083
65737
54729
44299
55091
70974
34619
4266
36363
1296
63322
89000
29128
34594
62322
10910
45282
96467
49249
76249
71259
86502
7978
40449
87017
96082
60881
60826
93844
17354
96857
69915
95163
60321
98653
70708
95918
13909
20232
38997
10963
51488
34932
98396
38344
60723
17102
25684
51809
770
46324
37469
49480
51792
7420
48986
65527
85627
3836
34958
36561
80530
85574
89365
739
83523
63813
91269
13643
16536
92132
31338
9720
71283
58745
10900
8542
88946
6193
67224
89664
33255
12167
21528
32133
42041
56450
84099
74760
42036
63087
61827
74779
96589
55413
31473
76226
16283
74658
78632
86399
685
75568
26699
62117
22375
22611
74692
23534
49667
90684
20790
47087
76353
64181
18959
6314
8200
90079
54025
60246
95668
72525
64754
80926
62831
52338
31517
5761
70167
93216
93466
71406
101
749
27002
12241
12284
13286
59630
45282
94024
27362
22183
64585
74543
42060
85175
50605
43022
23821
48364
41024
71757
41612
53817
77827
82552
79871
92336
71941
65020
39920
74833
46326
55476
11352
44248
86929
77155
4751
55510
54870
38429
5758
19252
8911
59495
35484
61764
86677
62222
11685
36193
10208
99496
48859
93650
60186
51971
12002
96201
86922
48013
48518
10178
93708
8123
58090
8178
21420
10465
32326
13715
32063
29912
96280
79584
83268
99015
44472
3637
54945
56025
20074
23884
8631
8173
23046
23493
57301
61266
69272
37469
88327
30890
78798
36917
87525
42463
59977
24677
91633
21974
46539
38563
9804
71985
73077
19403
71290
12656
82155
77034
90663
87153
96824
67386
83810
88553
3616
84558
31850
70840
88081
98625
16662
8671
18029
8200
16559
89824
15154
79030
25601
29561
54473
79614
36713
13397
34439
40930
34854
97438
74454
33387
36414
6149
60073
15239
41073
44222
79379
19055
41744
61374
89067
5952
49882
88673
54959
22353
46042
68548
1455
48947
35821
15307
48880
95014
78282
94943
11236
96523
72309
24650
23287
18534
64119
85855
98913
12
44470
53357
81597
65474
6092
43698
77670
91945
26937
89183
58249
18195
91241
9729
37133
14034
32270
69221
6796
56345
92248
53426
11930
50054
99617
5209
34524
26588
27971
17662
88772
67192
99955
36866
23928
19622
34374
4255
4225
21090
12609
44475
5733
44095
1270
13211
58418
49323
64256
99852
12527
38252
3614
7026
97097
67176
70236
27117
32954
34179
72859
47042
4662
97648
69936
25145
27341
60645
50076
55885
98032
47277
38512
95724
20500
99748
91852
57116
81979
65036
69257
32936
42318
77397
81378
84512
19663
60562
93804
25157
14123
33815
39087
67754
77510
22218
91261
37822
86495
39491
64855
80113
32459
93013
29047
9494
27849
88474
93271
20796
38266
52659
51838
6123
86906
2439
33305
34577
86632
6935
53089
77701
97085
50843
72107
12203
54651
25563
38059
91145
31493
35899
56144
95421
19535
37557
3748
35358
56767
43991
7878
43965
11714
23177
53629
19899
21457
71993
71975
39664
93883
65981
38840
84157
64475
16124
5370
71755
88848
35792
91898
95430
17496
71725
89690
67255
64356
36383
24205
86580
9488
64077
19814
32227
43757
38354
7692
69795
69021
57558
85117
27433
63783
20198
99729
26578
20508
11446
86952
21752
12238
70413
48460
26591
53340
18230
76699
90463
85982
40036
48007
26166
18939
25705
88386
57749
38110
88607
50987
11821
76025
87354
21116
16034
83021
13414
68496
24583
46632
8640
63674
99531
95088
34369
73588
32563
4982
73418
11966
62630
91042
97583
29798
42367
58349
93287
79104
21969
8105
5084
41359
85687
68804
96941
42148
6697
16061
84137
18255
53477
50693
27908
55102
99257
79683
81969
59355
21305
32503
51352
92968
4516
79571
15520
80582
19081
67948
13807
7041
79964
74352
86677
61664
24768
11499
56276
93864
10975
57013
39722
515
69778
95412
94958
60343
97396
12909
82456
55607
60536
58398
24977
30861
49431
31837
77733
85160
69664
36750
71766
92003
42606
69894
42826
48754
508
75776
22758
15935
59516
57009
91722
49869
92747
54673
84791
68970
66822
97454
70891
63458
59955
46931
71881
41733
47770
74383
3048
68263
43002
6570
64850
63427
31546
84415
6605
40405
85835
46012
72399
24375
9658
18681
22226
22376
88460
41298
50303
56009
18087
2802
74016
85080
21895
61731
96978
64999
92348
50320
63639
11218
45413
11118
96279
45305
24014
34687
80070
12919
98716
27660
22062
49227
62379
69009
39553
87552
64840
66619
71089
58166
10385
37173
89003
61434
81299
48284
71091
39871
57685
57288
26813
6569
72832
51307
14823
34101
6147
35631
96892
67489
11241
71486
6301
55406
38112
55330
13026
54644
59855
35397
44036
65186
95941
25072
62522
5087
79838
20377
2171
51635
60118
67954
3209
92402
67853
92552
19675
29021
68589
77106
10703
97415
2861
40357
75802
94829
73729
18511
33213
15947
42242
99401
64010
93940
92449
51336
63275
82841
50953
54232
31391
19460
91354
54927
42510
85717
87266
71765
3228
96280
99896
19801
79455
40743
10047
71439
37763
51375
25601
67568
82731
15864
86059
50883
45285
8376
18407
73338
53613
51539
65434
63942
58734
23803
73097
76899
26752
87009
29374
6458
37658
76946
97787
2010
68013
70407
58166
66388
53488
48891
5843
85509
9531
4979
43680
51331
72941
30812
17734
29354
36321
46683
69992
83495
23253
41503
91660
9332
35463
4966
51309
67535
59677
75286
52913
75638
31312
12202
67251
8476
10600
19530
85559
66448
23815
72445
34126
91971
3776
58977
69215
91118
96728
65001
9702
59983
87226
56247
86235
53827
23956
10262
68707
20776
43215
84983
34590
431
84835
43072
35802
12473
59256
3615
91867
6260
5328
70318
45321
55470
28015
30802
78108
59484
18129
5497
88743
930
28145
82902
25687
29937
35199
29186
36629
35198
59415
28731
23092
3983
86880
55560
73340
82818
86245
33656
94156
71082
63460
71487
90170
83743
90817
56195
11446
7993
98037
56898
30819
20165
28752
33753
30060
63940
61675
56401
9719
36438
16558
77140
15643
88749
9456
91333
62124
65595
50400
96139
92234
20785
40267
10676
83761
39641
90328
31308
38535
67006
72003
57048
12997
13177
16704
7987
66910
301
29557
65794
91164
14765
74148
8100
45617
42809
15715
24810
22696
18139
68100
8132
91631
53043
30251
63044
2311
55753
26460
67598
50342
57675
80618
88628
22862
63632
92078
10266
30489
89978
16269
31438
67649
87829
72713
60052
65232
85147
6492
26533
89061
30737
25227
44409
67986
47132
27566
26570
69987
27840
3532
27254
40656
37288
55080
49040
48746
71547
43073
11181
83920
2429
68951
73930
74297
32904
52295
64857
74480
93710
87295
74792
37912
45017
43120
49675
8296
2862
78227
43148
87966
14223
10693
64283
87358
79912
97291
9484
38851
96767
33165
37729
20816
79597
63697
63035
76851
27385
60198
77760
89127
62660
34037
32434
14915
39656
55673
55207
27439
24371
61391
32762
65765
6633
60808
40834
36037
52269
19908
42911
31681
27716
36819
97579
53611
65970
67511
60027
75185
29981
57335
96552
17100
41933
48076
30957
81450
45904
96290
16238
72011
49109
96169
31538
94720
89119
62613
20410
48870
31070
75976
63542
15253
36221
5323
68566
7579
36487
4692
53512
1952
91191
58114
33952
9768
57063
60129
40877
1042
67646
97191
35936
62107
6185
2980
77595
92865
34767
48910
933
94324
51664
33096
68483
98991
87578
59125
86235
12464
27717
28105
66005
90421
46355
82598
28747
82146
60073
63225
54033
6368
61349
47708
16958
79165
69225
17098
48814
45341
67661
29043
85206
32054
79908
16015
45819
68667
59539
58031
29304
91257
70869
62554
48173
17167
36288
59291
19831
30961
80123
15064
69450
4579
18161
24063
2450
14424
85722
28608
28082
67865
43125
74500
26805
7006
65602
78062
91800
36740
78525
52072
65033
15199
99187
21745
77807
12447
16476
53286
13428
33971
89945
2551
18893
2468
99218
92478
2981
4363
92234
38583
40953
80598
82469
11212
64883
16814
23711
7440
13934
24400
36175
81672
77821
5235
45852
62209
42177
63584
53461
85279
65042
95373
68484
70080
97223
45672
38480
82093
77383
8513
67361
48832
37008
13452
90421
32970
65924
97203
30017
25348
47910
74236
55092
57326
53440
74534
51911
35110
17836
50699
91569
61740
17284
88012
69787
67204
79980
71837
77697
68860
1000
21483
51924
22076
45240
34746
64901
66294
60333
w
