33933
65010
55485
56393
72361
26409
19892
27888
37028
26658
2014
7767
27412
65366
44397
8112
38995
73020
76006
62565
68196
13147
13058
11704
39277
50815
14332
14183
79253
74932
9633
43840
31768
37694
63948
50912
40791
64331
75253
46198
13696
5024
28313
48916
24098
11844
23997
15576
57726
41802
8265
56627
57042
28313
42100
48420
50569
10462
61544
17611
69210
70289
18310
52944
10319
63336
21832
47197
29731
3917
55399
58515
36975
73256
32000
50321
22661
29109
66080
71673
66616
69216
60711
758
69387
55579
10696
72962
77107
2120
79177
55270
70076
43439
49413
44521
72578
12780
13735
6766
40348
50192
47001
79491
16462
7826
74865
21236
40073
3326
23864
36106
3261
20289
76072
55846
32077
65154
38228
60070
46088
10871
67073
35439
62068
13810
33812
73785
10894
26171
27008
37671
417
20473
74638
28541
10599
5308
13638
75119
20392
21350
20734
22178
64298
6980
4360
15147
43840
5971
54198
10794
42277
31319
35624
13448
75155
47274
30710
75220
73875
36957
55708
40146
36105
10446
53835
18629
12716
32790
79088
47738
22133
14358
21652
10729
20096
7363
62767
65821
47107
36639
57724
64976
53850
42872
9283
3688
45264
42982
58069
61848
32965
71607
18994
13394
75838
18894
25615
36585
24715
11553
66371
24165
31617
49498
15035
57582
49433
12748
70834
17568
42541
32430
65778
47314
73255
34989
27711
35089
33585
49886
7546
32458
70524
32839
75404
25011
31007
13836
31736
42311
54955
41623
68398
72016
36969
23925
26900
29795
6607
46273
67834
28886
45067
17330
64696
19462
10285
45957
29250
39454
62211
28312
20452
5224
17246
28112
37290
20484
49946
26141
1145
70241
18501
19801
5878
44275
55854
65702
29684
4425
70631
51504
28152
72357
37616
41052
68110
26484
45374
9566
7679
53630
78378
72145
51646
62640
63671
33993
57620
35257
9029
11171
25205
10691
48172
3699
55135
58268
53199
55208
52949
6914
17687
71289
27872
28553
22211
64867
69379
17645
57364
24246
60875
44217
5810
1885
10424
42318
23859
28428
53882
9231
49192
33099
48558
20656
51568
66825
66948
75176
58490
393
55748
49732
23922
22505
37229
32866
56115
28812
49161
9324
34048
61107
21658
56298
26887
15437
2346
9890
72948
71152
46083
43508
77346
39082
64595
38646
51976
48439
70199
5401
75181
32785
42004
13228
3671
40788
1155
52439
4191
57114
49549
61842
77900
70920
25502
78203
32297
1599
890
19941
62824
39946
6307
48146
39102
48651
63839
4906
32355
21653
2409
30159
8277
6419
62165
33716
5399
61324
31562
56100
66987
22592
26455
41464
22516
47982
64840
64402
22441
32032
9746
48169
64883
13050
53473
10014
68305
64343
55608
58127
61287
3092
3027
11999
9655
56797
79795
50187
39341
10848
70920
42286
27815
15524
16374
5218
42190
9076
6030
19492
18807
23790
52085
44643
38706
40263
45413
11062
6828
66048
39652
31885
43827
12617
37250
14156
28097
52568
55056
39661
8109
78685
32992
61935
26656
39566
65417
31931
31273
20408
25364
51727
66383
48782
44763
46947
47033
27154
28850
44872
41224
2015
39388
66217
34107
42298
8125
45699
21445
73157
28824
79489
73314
42010
46645
38742
43133
30942
8724
79665
43881
6934
43280
12473
38805
79148
43935
7062
56427
46878
45278
25712
72949
44737
69123
74574
44087
47343
53546
12177
6660
16730
36805
20760
31659
4746
57065
9173
12309
9971
77752
64328
24621
61049
39078
33609
36706
55635
7381
66603
62917
9002
72894
69486
32698
2
64085
68736
14215
57507
75031
34237
78084
54072
21876
16528
55983
59865
23573
41399
69149
8494
43685
51116
16661
17168
42742
56459
77905
5290
18206
76801
31644
22858
24200
35672
8904
46924
55775
75211
44657
35952
34789
31137
2059
12877
44098
55186
58431
59109
5791
77657
62125
28861
61884
79757
76659
79145
70910
14314
41105
30420
24759
28150
57997
50529
56893
51198
22425
8118
33827
57785
27549
19473
3292
79948
6925
63918
38491
56096
12866
44962
35866
57672
34810
40228
65878
79726
63914
68219
76836
9411
58729
45102
8775
20189
61277
44829
10079
67798
11015
46906
36249
76657
76442
52132
24320
1623
47016
40959
52081
24945
35113
65427
76612
13538
73242
24739
37276
3854
27052
58131
16520
66011
64663
61590
56805
74566
2748
23251
56414
119
50687
76096
30520
59580
16660
54197
11284
60862
22716
6062
61145
50003
76172
56338
20820
12184
780
73241
8270
57979
61967
18280
67449
14319
67260
25820
16668
44755
78427
65532
32888
36125
16957
68670
49440
1703
30490
68419
40180
263
41969
39637
23747
18092
41643
35402
11034
75088
40045
30102
21498
65431
46497
3308
73150
58023
17099
3724
45320
11411
18681
75577
6435
12080
16323
14113
11190
67236
33313
69785
44219
40984
25331
70544
604
73088
29345
70507
11188
49976
72374
59545
47187
957
54343
77153
65907
1813
35448
7240
36519
71059
6835
57199
66415
67404
19485
21236
22382
8333
6790
30026
76568
17340
1638
5563
35150
61491
36865
34574
74703
14798
2174
4239
74868
63173
10903
8874
11632
17695
64138
65454
37406
30224
64502
28806
68879
67227
32471
4706
10690
43617
53616
38790
23110
8209
64642
49228
66433
23880
17573
8909
56776
33522
79968
44616
49620
12973
68717
68088
27378
40987
40850
28595
8302
33397
67646
67790
56786
66111
19106
79031
45287
53687
50363
77543
3177
68267
15537
18572
38045
77117
51282
56230
63133
34731
49253
43217
48252
56450
77489
42921
17550
76708
57009
71608
52831
62808
40655
71640
20172
43670
20679
57357
27356
24409
59496
60387
24685
36452
20412
57791
50146
2670
48211
5810
13789
56407
51440
74202
22906
45647
544
72503
22310
16892
51054
14583
42370
61723
14209
51687
9595
5249
69781
32672
3922
54031
31128
73846
73376
52123
45003
2409
24820
12858
659
77836
30320
73832
58616
50643
13140
21055
42030
14471
70350
11334
42450
19240
59226
36753
39132
28077
52230
9482
16710
39083
25270
68098
10493
35618
37543
62055
23837
68606
5298
42917
47454
60426
43968
49279
9594
12652
16545
52831
12556
19563
784
18546
27836
42381
20017
73240
25223
14369
60447
8571
68445
2547
28368
8220
35986
32404
45176
24496
47615
12301
70042
41114
77648
24131
67719
10443
55534
45959
77010
61807
42561
8656
74969
73337
25347
10168
32216
70163
3991
39781
79813
10088
1763
33202
43476
64090
78879
30996
18493
62298
44082
63389
41237
72456
14891
8385
6423
25408
13313
72931
2495
36625
9809
42204
63899
32794
16217
41046
382
15247
28062
75343
633
26598
64946
9084
11571
32701
16243
33872
1896
19041
36074
60767
57540
49370
68947
4005
48287
65203
63667
60364
10215
59350
59694
49738
47715
10097
64704
53247
70000
39322
7819
39888
20045
2312
67926
8436
40919
34701
49035
48199
14297
34005
47554
34038
58792
32108
64996
15807
47494
18590
26541
64172
17035
52004
58425
4505
39987
18152
29810
2397
19813
76601
22848
19220
13923
41165
305
41886
26082
56314
62170
34760
71917
30292
59216
7964
46637
68606
32211
61909
5350
2199
76629
20288
46245
79211
77640
77566
45495
32419
7549
26078
75773
78943
61327
8153
47642
68810
36156
79085
27436
31161
10587
38562
37166
30938
12872
77590
49197
43322
5722
61334
39668
58247
75449
28243
54485
68753
12584
10347
39721
74381
27773
72080
17848
18384
74739
27390
42488
19128
33186
79274
35491
28146
15549
68905
57861
17883
5890
79231
75705
35294
79549
40363
9864
65221
11525
69277
65483
55740
1630
57839
41255
33619
8615
29768
44414
17417
32736
42691
10191
10838
38701
42022
54343
65937
814
4108
19280
41346
51591
50804
71931
59769
26408
58151
22461
5548
47127
25696
39579
70410
10924
51706
49212
14213
42996
39945
50129
34518
7447
26241
54270
18105
1567
47143
65947
33969
57936
62630
4233
35660
35920
79972
18437
37037
41329
79798
17622
61167
37133
63756
56584
6475
16705
65316
2417
5113
44678
26734
6284
63419
78999
20097
18741
23855
1867
44416
79574
23891
59170
76124
27857
24963
70466
71089
9876
6398
64586
38691
35367
9503
56817
58780
76391
22341
55823
70645
63721
51996
55903
60057
35560
1717
47265
44322
1214
31
26260
67906
60795
36061
72252
13339
60395
58453
34997
27217
6897
30485
77526
50096
2394
2641
75241
15900
31129
48363
3577
47341
76836
10515
12007
14795
25306
71796
20274
54145
18608
40395
60383
22348
16754
36892
23219
20802
21202
20235
66358
16386
50470
58425
34419
2802
9851
33203
26118
27370
57786
39251
25192
1765
247
54276
63418
45418
26975
60432
65164
53680
78263
13331
11886
39707
23635
4337
40766
64071
65284
29391
56139
43320
44330
70758
68722
39506
78568
11607
27369
6951
16217
16013
42020
21692
53696
58980
11594
31494
45381
46431
14365
29336
33154
10262
13639
14880
32644
35234
32283
30399
26886
24054
34177
44274
60048
54396
73608
50653
62324
56885
41819
41465
26608
9881
15349
9496
45397
59928
15687
26179
76727
64323
24663
36285
49422
2436
5402
1069
61649
238
4346
51794
72952
49563
51397
16714
77717
3086
57060
37646
42334
30352
1930
27788
16280
66178
34518
48358
16530
58847
4194
40180
56305
27373
31921
56728
38470
23347
49312
23459
62909
65950
64849
30993
64700
6
35187
1169
70325
2986
46098
52805
35111
59281
13211
16994
7597
61863
52319
56817
35791
78206
24793
79536
48058
49675
43715
78819
38084
74755
2177
13031
31623
62201
18444
33252
25466
38525
60378
33192
76252
11294
26480
64571
7788
43427
23482
7116
55587
46070
16910
49004
19648
4184
25959
60161
52997
74756
52195
68274
10847
50979
57306
71578
48488
42003
68145
41904
29586
18476
51095
38235
21302
43330
66866
62449
17267
63636
25726
23530
23237
37564
39422
51270
11114
68065
78793
75695
15417
3461
2833
72049
78908
47190
6144
36486
27440
37244
66708
28728
25208
30222
41211
79039
14458
4544
16865
58255
36103
45603
55416
13359
24459
72600
64376
46998
16276
61015
78571
52472
75872
78081
4798
22883
11189
67094
14369
73103
43384
78044
21540
6018
75832
70451
42124
7340
22947
2667
59989
56822
62521
35326
12272
31472
586
10274
31143
19719
54089
69662
41585
70034
45213
23323
68962
29219
26146
54136
66521
25608
13171
52141
47087
17495
25172
19707
39355
72046
62530
66982
18142
37673
7667
51149
68880
57634
54859
41100
30995
72674
24323
13198
4722
33133
19400
17123
9947
55922
55927
60953
11053
61585
64147
3846
72001
74212
49098
42412
48133
27479
30858
7464
15050
12848
46848
78855
70368
37169
40101
49851
10301
31973
2553
36125
55786
9022
25626
51169
11983
4042
15105
30801
1308
66001
53352
11341
69462
13582
79910
64027
9469
41431
12889
52041
25012
20134
15582
49559
20982
16607
17147
19441
3996
53235
45729
69634
44573
61572
52943
57671
60050
50979
72195
72172
42722
77095
41405
66508
6347
66637
27500
49366
43329
70632
66739
26575
50757
12286
66803
55762
6933
49817
19948
59200
68102
57569
46925
59920
61188
6429
9002
62074
27139
69381
17107
58639
46599
56438
10489
73645
49846
46396
55341
9127
79552
17921
35963
12390
59674
41016
60172
27994
5119
29061
16861
27919
69842
36114
36767
30425
213
51748
6808
26676
44157
28212
55931
8582
48171
54299
63689
24974
21135
2400
60084
38813
7272
76523
58543
47177
29371
36855
58988
44313
30
110
22106
2222
38951
30989
40169
61618
61172
65828
42049
37806
73955
60731
46185
60196
62342
62517
5293
14749
61945
74925
45708
24335
56006
73575
19812
63334
71179
48153
16465
74121
54201
7736
70768
5086
18893
25044
61195
72977
57471
7587
17625
51343
7985
76533
37697
42607
37808
75005
35596
74090
15834
10931
2778
57208
28886
5863
7315
31014
9059
2898
44313
53987
72819
27453
48099
19727
5097
55799
47017
75394
41546
5082
30827
36894
5903
13163
27433
36353
60813
21943
3881
48499
39162
4878
23096
28812
18140
40932
18034
30271
20901
32968
2686
31746
58781
34068
24687
70881
3239
51956
64381
54682
54262
26592
71405
43768
19882
38144
20562
56219
44015
17432
74908
60413
1841
46546
26469
28041
22534
65084
42882
69997
12106
53716
69251
19331
25825
35200
34992
14877
59946
78392
76578
53196
4654
10288
62820
30642
62383
41400
10815
14349
34788
54677
73563
3691
32497
57935
75614
40901
68097
26942
59563
53238
62238
73809
26673
57117
36763
48116
73390
44822
52372
35428
11348
22145
46157
6111
8507
8011
38931
45926
26923
68164
71840
31006
21157
49970
1982
44807
58144
40037
34877
6174
13571
62169
27504
17151
65118
9520
58898
79552
24837
63155
42520
37986
16750
45133
27060
58183
61163
6367
22481
35051
3806
49452
7391
79688
58226
8589
55844
68624
33373
27584
49649
29137
44256
27277
68314
51950
21576
31960
72277
53103
15231
24832
23093
73625
39683
18170
63221
1710
41135
44105
78805
38029
40057
22709
50044
11248
42870
71187
35517
19914
68356
6256
39504
71635
5550
18017
55684
49171
57848
70680
41287
40250
44704
50260
43484
21002
37423
74123
68685
14215
17884
1358
5538
71692
44139
69481
15547
10599
73420
69847
45165
58203
21815
37658
50161
58070
62228
23612
15611
70795
28428
30207
40490
42201
65884
41312
5480
70324
67598
60004
61154
72388
16182
35471
37621
3010
22370
70612
39219
57655
22540
404
3817
58391
35548
40253
32186
73822
49167
21776
22847
27641
79890
3546
20961
32343
40298
38628
48024
32621
76852
63588
65182
19640
2836
71761
53061
51024
65759
46804
19954
69405
50277
75002
74262
20756
33010
78991
3525
8294
46055
40419
51107
54632
20694
8324
75831
21739
64688
67776
16856
29023
57989
7090
62724
77844
20170
72971
12362
12644
32555
1044
66808
79059
36235
59618
21138
14521
1843
51719
74333
45624
25424
78253
37749
58118
66622
61994
58195
75914
54556
2731
72282
24194
21607
45822
44031
49212
59151
24369
32967
34085
36483
21610
9962
9324
45737
75183
30938
50770
74074
71598
60019
23710
29072
9419
35842
41649
61023
52342
14367
58614
17241
39934
48203
46389
2736
68554
32234
11848
27452
24624
56738
47368
51501
79549
71294
17869
6787
51102
62208
20640
31663
17187
55594
8770
57121
9036
56148
19866
34536
60816
27753
32408
72446
27502
63861
51602
51325
12649
29515
33555
43309
35636
7511
8781
69581
26349
4616
71764
8403
22869
67527
43621
34007
14496
25712
59008
20160
1031
44480
70668
50084
60074
71775
11884
2007
75637
24999
12705
7768
40800
12202
14654
42617
13889
33988
60573
66172
50055
48277
30206
78411
7300
27687
77096
60281
75763
13922
50651
77842
21283
62566
5944
50339
72806
47556
21885
66906
72797
77598
75950
19805
36466
43147
35939
52524
35720
55926
9146
74731
12294
61121
32909
17957
69489
37291
63283
48730
2495
14499
70582
40447
23331
23199
25593
62391
23438
23172
47357
42358
40735
51952
66655
32019
12991
74565
57847
47887
62152
59568
78825
44606
65887
3896
39998
6744
61839
5287
66217
55066
34962
30719
10606
15708
29790
64220
7913
52728
12088
2308
16537
66808
45813
34937
13458
58754
27536
6837
76570
55157
41321
78237
26353
42888
35225
73254
17112
58690
47828
65064
78997
61101
72344
57202
64941
73891
69195
11197
2270
69138
72646
71816
22334
51059
9458
48139
45033
63812
52331
61078
78881
23810
64040
12062
33427
2204
3804
64319
31401
12083
73517
66397
16087
65802
69043
5523
55489
51387
57150
32829
38541
20875
64195
38163
73079
39411
7378
11922
48248
50155
19953
72617
35292
18990
75673
5661
27919
48210
35628
42031
74238
68173
60201
63979
18256
132
62767
73615
75342
48664
15172
69244
20906
38245
58449
47644
21479
22735
20512
78788
20401
43033
40668
44040
38422
58320
20417
37952
77267
35753
45250
62616
79102
39496
56393
27198
65900
5702
32816
61018
75793
60616
79626
18803
70547
77419
58543
77531
20160
67130
71967
26601
19903
21839
71811
51842
44457
72958
7201
48750
33646
5754
29839
70743
27711
85
42312
22350
67719
36075
77511
4146
56035
30786
58680
24445
7339
64086
55648
29726
53785
40515
36178
66587
52681
9251
20561
77791
26358
50430
45631
67206
50015
43084
79879
23525
59092
26402
31754
12744
60045
14152
69605
60619
19972
40543
61118
24990
26460
32233
32060
50315
70455
14283
50201
61242
58147
6058
74494
51471
37478
48277
8919
50502
68264
10059
26219
49141
8938
5020
72386
42376
17304
49997
48943
26705
8907
54429
50444
38917
50977
65184
77759
58106
75547
36391
68128
40571
515
19404
57892
42758
54276
45660
21888
10665
38839
8734
8146
63752
65000
53843
68475
36633
72677
4021
37326
57397
28178
39768
25385
44612
40090
51460
60041
77137
16749
22670
69951
74654
35398
34017
27710
13258
79476
54123
62584
50430
11577
3101
55926
26310
10441
72766
19928
76742
66026
74661
42852
45477
49184
55025
37576
67788
33107
33419
64755
27014
12868
1560
51648
48857
22620
41388
46519
44114
25083
30412
78493
50268
42981
72906
14542
56888
58359
23667
18319
16364
78339
47821
19702
33871
40126
36564
63989
60150
55427
67513
1628
28795
64674
31756
17606
40761
58355
64824
39596
68871
9757
65903
26442
15282
75193
79742
53622
52553
26730
45974
4665
20593
62430
43706
30825
13951
46340
53565
59129
1484
2173
5236
40935
36089
36836
12680
22112
67279
127
56044
40359
19446
56475
29010
30645
15116
77958
31009
245
985
19395
78099
38578
22939
58287
61368
43814
23093
37526
1502
30642
32325
37517
4960
61442
37668
4514
19887
6290
9185
72156
53532
39623
5928
17491
52098
44296
76936
70938
68273
31116
9076
50090
60538
47780
50190
8350
38634
48229
13997
12200
12575
10943
60864
37661
4767
64848
7839
1552
17739
44995
41666
56407
3661
48935
58725
33970
35901
22884
79049
701
12770
48824
76139
66635
60887
62954
7851
50310
9143
47267
61939
31980
28555
3570
18634
34715
2045
73564
61125
24423
15612
73931
6541
75603
28018
74486
59819
44615
44714
36674
31831
49837
39044
31840
77611
15025
55278
64181
56854
4770
78127
1727
12294
60334
2336
17169
17197
64458
16029
9727
77801
64239
20746
78319
54467
30165
29153
22020
22242
29947
15191
8426
49335
42777
59626
61501
19897
25305
32826
26119
41585
30007
39036
57716
65703
41191
27613
30730
3412
327
49673
52810
57996
46004
16900
7107
42781
3282
65492
24295
57775
20655
31616
16419
79652
4329
37337
55397
20159
36622
63679
20727
67735
55606
77963
3648
45818
74504
18385
29707
24945
7627
44517
6837
40399
63979
61708
47693
19843
27479
76333
60735
41991
20481
43669
70308
71004
37613
27605
69616
40583
61242
1439
79032
56788
10875
24297
23367
4459
78574
22860
9670
47812
40264
63091
30822
11408
46585
9371
49895
68337
17843
70004
19171
10090
3061
24001
42409
8664
59033
52634
13310
68745
1618
66411
48627
15769
32927
54047
38173
18775
73500
44213
69189
10360
11711
54967
18630
11860
46289
51855
3074
60429
32344
42948
62848
75578
62589
13652
76394
54914
64698
6036
70845
9638
30827
4162
45300
27429
38026
73203
68000
56961
54683
27152
21658
17674
68803
71800
37674
45587
37121
44473
32934
79870
11153
63268
7255
79515
2810
401
70139
46999
73155
77814
45658
22479
2497
9697
13765
76314
15092
4361
16897
50485
70503
51944
63978
29669
53865
14022
22906
37893
33235
39555
22323
896
39720
23847
33635
48603
60731
65566
19742
64414
61027
5071
36458
40598
3106
42721
12331
78279
10561
2564
23521
44426
74697
18600
48522
49646
57900
65076
71850
14647
38516
69563
22975
76816
40502
17770
48947
60453
65577
50553
18227
72721
45545
9300
60350
50032
50717
33677
54356
16786
42988
49896
10906
17754
18687
73648
69768
41234
19147
23802
48427
16182
34878
44615
52699
44391
40651
11971
44722
77470
69281
36194
10863
73657
50305
65839
69028
30289
20607
51803
22854
10099
45170
32857
42938
34387
71426
23750
10052
26642
48425
10973
17826
44212
65170
39400
52592
28504
33597
68341
20041
62149
11430
38540
4140
7695
31194
61104
37805
39440
9444
77682
40627
59836
15097
18778
75241
65017
33726
40800
48131
1323
71709
23390
45846
17328
56233
12668
58814
38277
71686
48481
3098
20859
48676
78317
14369
5243
24919
61572
68956
42409
6363
48038
78719
2023
38988
75658
20680
65128
72738
7792
30674
26657
71249
24070
16279
36171
34854
18975
65815
23071
38832
4295
56439
17211
22752
31057
77339
32972
37077
47627
23752
58661
52202
21823
29864
51907
43168
59937
19202
78557
68470
69105
28222
14352
21047
48830
3095
79996
24960
26907
22430
30830
17783
57417
52254
33234
70386
6878
10064
49787
32295
50676
60494
71979
37546
19115
60432
60542
31147
76043
40591
44473
54478
33707
48492
37134
37636
53616
75336
53879
18173
64012
43935
16331
44525
16603
61159
1607
3349
14936
25159
25346
49917
11784
2225
20430
30410
62806
11196
40872
68546
51686
64594
49860
66010
25138
17423
45171
26886
36188
34604
23498
7916
69573
16229
45205
1955
7337
52331
57604
57701
38380
16972
52057
24235
45632
79800
37627
23149
75554
27485
12806
71488
51874
12933
63942
1988
22526
67030
46748
54038
2374
39363
4484
68556
23901
71531
52600
51806
41271
8109
37175
30924
26038
35783
12312
53100
40498
21680
19922
22909
40119
78375
47078
29493
28094
20353
39002
20807
66014
42393
75726
1916
13732
7297
65047
47910
55222
76994
49937
19481
53371
57776
24880
43911
56830
71382
71253
33215
59109
53316
12555
3998
49792
35314
63111
47256
50462
3506
14607
39886
62763
11790
49955
72371
14136
43055
61238
26049
15496
43029
57698
75758
26318
5807
71375
61134
2045
17213
29856
68175
69992
43488
72281
40099
64572
59235
4019
56664
64855
13514
74600
11417
77941
24072
28133
72206
5188
18376
41793
37962
21662
31732
30564
34265
19034
66968
48731
12647
57919
24805
22110
66052
22941
45738
16108
22066
71887
36933
44791
16631
55183
77643
33604
50519
24335
79204
79313
30734
64574
9452
38255
8019
79711
12436
51420
5173
59572
74017
76768
49734
14587
26000
28208
28410
16436
4048
68972
14998
4911
14920
59792
59466
72505
51376
4494
57347
5719
11971
31371
52018
11268
61266
72817
61995
35990
67003
53366
47206
14346
40737
55701
37977
50326
32543
39166
12826
12228
26967
17246
55420
26332
60345
58802
9296
48631
40692
42992
32044
28318
19485
68291
74042
57226
74351
25582
45891
66172
71593
32692
16802
26934
63696
45930
12473
17023
33048
7122
3303
70082
16170
26954
66205
11774
32738
38176
74408
42676
32173
36596
62332
46488
14557
30204
62103
35884
28515
60367
40956
56100
38320
21862
66278
77242
13401
73867
62236
22459
70436
26406
12876
64867
62884
75227
79365
7016
43192
71355
70519
45403
19633
42360
54385
45093
78285
25433
67879
75778
69372
63127
45906
1883
29958
55773
40067
34278
47021
4007
10564
53657
33689
7098
7268
17038
52639
76118
25381
10130
5310
39150
54234
74873
48574
23542
935
248
15176
6372
18873
21383
66451
4709
64723
29532
59191
68634
43972
1655
35035
62258
29740
14494
63520
50199
32309
66979
26825
66882
54354
78746
15095
14099
27369
73600
61076
69461
27265
10830
15354
55636
39219
61638
70717
62648
67250
37615
61471
21874
8184
48561
27754
9097
16420
50526
79846
12089
9324
27760
16058
49250
20290
79289
34865
20369
73289
48961
68634
2775
22433
68586
23554
64498
35565
25166
44739
37007
11892
70056
7883
7822
6047
29544
52756
72739
32109
67026
61545
61576
28809
47982
14768
47562
57228
78990
69062
2038
70417
48132
62077
47005
63301
43045
52672
47613
7274
60907
29691
3225
29820
19574
53942
32144
712
12455
75827
34191
51986
50339
26700
16466
53649
17889
27813
49686
44402
6539
58387
23538
66330
9508
55598
49902
26177
36004
61070
23025
9791
38260
12541
15630
71411
65880
65508
67044
63451
44467
61436
62259
73256
33290
2192
61883
5424
73004
33339
37110
67791
24949
74639
56889
25577
68229
11454
36789
61860
78810
41702
49470
43196
11634
10098
30029
68838
68688
52720
43160
1580
66573
15002
23151
69461
33771
59718
59556
47260
31307
46390
9930
30770
71830
78392
24247
52098
27572
65841
46035
1561
32488
34761
74375
13188
7638
62036
28164
70069
751
5343
44284
14568
62911
79702
42223
51973
67866
66412
13751
29517
65276
71494
62743
40315
19064
21886
14471
38317
43188
59575
78603
61003
30343
13505
58759
29174
70227
49754
29265
70322
78805
68197
30756
11816
72480
35073
75737
56251
19906
18519
818
45653
18791
33506
75814
72258
10165
63469
59431
68
70051
36687
27576
31447
12912
31197
71835
47043
42256
21734
3520
71597
46236
66590
15588
39045
18113
74225
25013
8281
35407
67823
66232
36043
79311
59652
256
14508
62925
22194
67679
34584
37574
3283
71321
20132
44977
52296
48047
72973
22877
3287
57254
35914
70151
61933
30233
23350
52801
77565
12954
44018
61959
70641
21591
12649
41453
43734
75981
66237
27519
38319
72131
44502
72988
42967
67294
43924
41080
39966
74948
34804
46229
56482
32075
11540
12893
14126
64680
33926
34863
55218
22571
4001
14891
59910
33864
59448
1256
58441
444
69660
72512
6798
33207
11262
17091
78691
31320
24274
875
19410
10349
63123
62819
42824
10486
77509
66594
65879
71634
25180
66136
39526
75867
31867
21800
45543
21414
79397
18222
71144
18599
5988
51857
69259
11699
34474
61207
68143
11249
49384
51544
71241
60802
61672
10598
19535
24090
24143
38086
40030
14466
869
68741
30695
70021
12733
71682
63403
11059
55257
66611
1126
19715
42062
36961
70390
55417
54841
34070
55891
8809
25346
71821
74635
63657
19635
32081
75953
42947
58448
44311
71158
33658
46195
42827
38589
8557
34394
12732
23913
23708
76208
67365
50683
45646
77382
59567
14015
6484
17462
35721
68152
69193
44945
5031
50851
3793
19393
52244
2602
10178
10797
74713
54358
26082
53184
49118
43781
78159
56859
34213
39511
29921
53612
28696
14875
75585
21603
40489
27783
41513
39792
35098
48174
67214
30433
61021
1598
886
68298
20427
12947
66418
2000
59384
69758
5179
69113
72039
42244
25442
54959
33055
36687
57385
25800
64377
41620
1036
30868
51125
76436
61253
42309
28809
61922
13536
23923
65585
65126
43719
1512
34821
63297
10805
58309
61404
71829
71352
6715
57981
11556
71432
41040
54435
12469
8862
30341
56887
63909
2962
47295
9791
33681
15978
1044
62975
48794
55387
63144
3018
12229
41683
38777
20773
51790
40362
38920
45865
9861
36307
66637
43478
7808
58790
46458
1577
11255
53878
40021
57017
386
60785
61963
21155
58170
31688
73922
42920
32925
6370
12487
40635
38607
68288
72537
27535
74249
47712
25812
11259
29967
27063
57454
71996
45682
52676
68187
3386
44513
52639
19058
24399
66841
11928
1995
2563
44421
62851
68121
60554
12322
55648
48615
11336
35564
62736
9684
68412
21866
75492
21662
27278
48627
50391
69691
29298
12380
20128
62884
59247
59755
69855
23700
40573
56089
19708
24438
7338
1363
15821
73387
21431
62742
35928
56123
30399
54613
6638
55899
49711
26964
24271
77127
17124
63646
75758
54102
78107
4778
45272
59041
19768
64436
33441
37085
49128
45009
46500
71524
6279
6971
33340
40532
54522
37965
1589
63686
58904
59755
51153
63846
69776
3992
53910
14060
36317
5380
7522
75680
9183
25559
70620
45330
4068
8921
67524
79199
49163
59895
12486
71468
46937
69592
62384
62153
77461
11609
76883
64864
42182
17684
69228
61280
55846
15223
33735
63136
57314
14492
21946
72619
6564
62859
67960
67826
20904
67152
37847
64863
32920
45619
66837
18827
51260
32232
27881
19868
70714
2845
20376
2809
23020
41034
62494
71883
44389
18138
26457
66059
64284
55039
341
51826
70060
6333
50862
28578
37702
65115
1165
25424
35918
15271
14195
403
38455
13196
69266
76164
52355
39794
2319
31114
12125
16081
30125
35586
62068
62568
62976
47128
16135
42211
5092
43200
2247
4430
48396
31183
24669
23871
66294
17885
31298
54835
13276
71596
52423
28203
51322
802
20962
67473
59750
43674
16635
60517
50678
21598
49730
78336
36495
1743
73244
59724
2028
41869
48422
61618
20052
30941
23852
20508
1080
19528
8941
17634
32183
23117
52431
20631
44045
33463
73292
26876
13780
27024
25627
39013
60805
30084
39371
64488
63677
44254
51158
70031
20019
49342
5974
17292
46065
48973
41772
39820
44359
77482
5399
12074
12829
71256
36113
51111
5582
18411
8721
63801
70035
45000
2586
22050
63140
79370
7011
46906
73044
31572
2524
31236
8235
60896
8710
74948
56144
20163
16026
43665
58886
40682
77801
75071
32862
77644
25607
25111
6432
68487
25376
2625
24850
11326
47879
19179
33706
60337
52352
39743
8942
71096
52390
12151
4010
45285
40339
28846
60128
57413
51073
34856
6622
11173
57087
34441
68579
51483
10898
69710
67862
551
32817
21050
66644
64840
39471
5863
29430
46111
69194
60936
3244
7203
18850
42588
8554
71356
19369
75937
54701
13005
58059
66869
71951
41363
40986
16640
67393
77649
40012
65887
5689
13635
6658
43322
57505
28171
72451
43192
5034
62892
16489
36769
33536
23651
37774
1565
6571
51618
64667
74312
53712
31938
72836
79221
7517
61855
77336
75395
77238
14840
4088
18431
17088
29792
31619
49507
46021
61218
17954
18754
18404
9281
73296
40996
45781
55449
47509
4388
18718
77756
9360
46876
32668
57584
31456
21787
69600
11688
68248
6941
45713
179
9703
79331
73577
41309
76583
45766
12444
51417
53859
29320
8375
15547
27898
9967
31088
27790
57019
72709
62979
48072
74015
37466
75516
66644
37913
78549
43119
45381
49808
35040
15691
14169
22006
43717
45995
62474
13559
3391
10516
38789
12871
61119
55087
9292
76641
75986
49013
10426
36959
32595
42237
27786
62753
24619
78593
77549
56728
23471
16176
56477
30879
18157
27556
67016
42236
72972
7722
8448
59828
76525
62967
34853
30305
25568
40627
58555
62827
73802
25028
78184
20401
9100
37368
44285
20533
74649
67799
8466
52771
72464
33110
70000
62546
9412
77149
66032
71516
4253
76491
3416
57645
24134
72178
41240
72434
70557
77854
33753
58206
79355
73335
79167
28882
32815
69200
17601
50422
61856
19430
17077
57952
45606
45331
49502
79233
17024
39355
64995
75878
19965
94
48095
10706
57103
35620
69774
2649
35212
52855
4939
16230
10126
65236
12283
68194
37066
32914
22770
8394
1835
21642
16543
49208
75247
70592
57103
31979
39852
4404
79547
8058
19313
56438
53793
52229
49289
33963
17700
62807
64542
32231
32754
65800
60670
61918
7993
39762
56708
58635
5014
22812
78206
15179
14784
49634
2129
26524
17176
12716
16763
32850
1746
51549
79484
43545
52502
4671
34070
17133
41670
35822
10279
15436
66556
15764
53069
15701
38284
1307
37049
60152
31815
13949
23901
60718
78827
4645
32504
25826
22406
23754
12519
22334
33308
8280
47402
9478
4868
10693
57889
14278
78219
47771
45730
67137
10675
54177
22262
59601
35361
57666
58666
8551
2468
70740
68102
72900
71729
58069
6998
40935
72107
64667
61111
72180
628
61351
39422
52828
65152
30140
77827
28826
65576
8777
17579
22415
15965
61961
23237
46862
29445
20923
18673
29636
42421
31725
29218
71251
79976
62512
32379
40405
30470
51694
62652
24794
70510
40003
27341
21933
48645
58889
32242
41035
17153
38946
23155
4316
37980
68191
6140
5695
65940
71291
54457
38356
18796
28444
20884
36770
2935
11917
50095
1944
44225
3419
62539
31935
66889
53934
39560
57280
22042
45044
25354
31711
25594
58304
19671
29459
61692
55361
76673
30713
14787
17203
36334
25595
62858
30745
33345
72321
53974
4719
72072
63028
75786
9267
25681
57452
77681
2592
42954
21703
67341
7293
71963
71811
10023
8892
75699
32814
29792
79008
14179
46894
42408
19935
47253
51213
47776
66999
67244
51677
60269
58586
42504
6656
10143
55895
45567
7782
4816
57692
72711
27675
12846
24077
49998
32068
9993
4184
49620
10510
21929
30037
62450
17103
60588
33496
49271
47058
24812
5757
73943
50154
4507
63598
21815
21509
22738
74282
25170
46311
53424
60977
60107
2938
4502
37059
11395
77044
52745
51525
3388
33341
20629
19119
24871
21296
68295
43098
70251
9233
33226
51080
54193
49425
38143
42922
73834
68697
32437
70571
15783
17500
70715
58350
57424
55001
46196
77963
12415
53918
36315
59591
3843
49420
32356
44474
49346
54235
72713
41542
11915
8649
22859
20909
28200
5570
3180
26184
51521
32228
49273
63874
50284
21883
58661
11470
51729
12501
61026
25282
64906
57107
10511
1940
52167
5014
56395
45940
79152
13486
71094
56187
17598
42737
19051
52163
14403
19342
33133
76336
76335
64081
17566
67336
31845
75636
3040
49260
43003
20067
6178
37551
7150
64609
66053
9304
29530
67752
51913
6839
1563
17771
38538
28303
42478
76407
51249
43991
23551
42333
22693
7578
75831
60957
2367
73123
17453
2331
53807
54798
1086
4795
67135
56086
61840
44870
26761
52451
39687
2863
78011
14971
21678
53488
35841
77654
67281
64304
24964
65490
34670
1714
75906
28827
42854
79632
8431
23750
70545
25093
33660
58533
29250
7397
7278
61312
30672
10250
48415
47652
79460
37921
45228
74705
5205
7537
53282
79285
19908
5242
46009
40208
64955
67303
21173
24989
12401
77741
65368
35482
57168
31635
69699
36884
40529
48828
63904
41867
25325
936
28312
41481
2374
71864
23707
25842
40925
48272
7705
24606
33749
45420
28071
7487
53244
42315
29223
26597
47255
10754
21830
31534
66256
53122
41309
14907
11412
67555
11179
37798
23699
10924
68689
9468
39851
10660
73357
28268
46607
53156
54413
21494
3542
66280
21762
26913
624
4254
32064
4656
53766
47007
45154
19126
75648
20863
29276
74361
7055
15886
32531
47506
10247
31766
60598
52920
22441
78315
49836
42324
71141
63547
42280
66983
23246
48223
21115
65068
36333
28389
1151
20776
59571
43671
77572
67903
32793
61957
72501
56788
56969
38422
8224
49696
24545
35829
65570
6544
17676
50023
64894
23982
14391
73950
3849
40959
21339
42130
38046
49206
23055
1945
32473
6506
72654
24260
79793
56452
38088
58121
21509
27595
10184
7162
51563
50371
79824
15264
70395
48848
78334
44294
52652
28024
40643
13917
25671
15872
13954
47356
47627
74148
27210
49956
17100
464
41697
31678
54650
14769
79292
5364
77760
24455
26970
15545
17213
26504
75416
26682
73384
29295
73482
64687
14496
49173
25331
18372
65458
20497
29241
30349
10292
47498
4087
31639
54212
33810
59179
49850
61002
50828
70781
56410
19206
44501
72564
29005
12846
13277
18670
32951
21135
37880
68176
40138
67406
18724
23571
65487
19195
18336
46482
43786
59538
44823
19237
31543
1752
1377
50102
27575
48768
594
29787
46492
28392
40028
16740
2287
41833
73939
7209
53602
51324
40589
15006
44225
20803
42956
27711
7768
11398
53637
32793
67831
74525
55305
6040
27632
36913
15141
64945
5468
45504
28657
4863
37867
44161
50939
69833
49298
57460
62622
19454
79113
56143
12460
43791
70928
47586
52887
9071
54569
25898
25267
59820
30484
45610
69934
1921
27997
74988
58483
21394
63994
77911
6541
47320
10399
65685
26342
45727
31827
40403
75865
9143
61881
55489
2910
45265
39063
61874
59749
21140
67963
21048
67773
47685
17311
17339
20889
26196
66412
53637
77150
73452
72644
74203
20047
12184
22574
26690
20828
39062
28076
59018
42250
46961
66296
69325
58505
69822
14819
1879
35101
23597
26681
44475
8962
37840
78510
32973
54456
8440
41907
2076
72024
72482
7115
59964
60722
40719
73978
79873
20833
48911
44908
73404
34942
50410
31168
34365
61067
76247
59742
70686
62209
72676
56241
77212
69892
2770
24320
50922
30484
71811
55392
52254
22773
69484
817
35320
44833
30435
9713
51422
4239
18969
49648
818
12716
66399
41252
9550
20458
38353
78733
38474
66635
73523
53860
46648
70256
48667
64275
27379
18325
52482
62485
14623
51699
45920
17142
20815
47358
61726
75798
10797
57886
65957
30323
27557
24094
49394
36129
22470
34742
1343
55912
47461
73491
79849
13196
15941
7618
54082
4167
68012
10765
76225
49474
34035
55499
56851
34628
73016
33661
69738
50801
42261
22298
60027
25760
66196
57274
36642
526
41933
4822
36574
55968
16373
78121
52216
4224
42162
4669
19474
44768
30499
1812
14992
49094
57592
16578
43987
36656
3896
70594
69839
20783
50215
63277
69970
71254
40247
35388
893
79391
51434
43925
2615
66324
78424
58658
17496
68456
20379
36753
33791
3964
19985
16846
76837
26220
73689
39037
36249
25038
20588
9272
26454
15793
74993
13449
10708
13182
63804
56205
11086
28841
23804
36726
42763
44012
43284
35572
23307
21950
47719
51437
8303
57513
37104
30199
1421
22520
23673
25924
78143
3683
45929
29257
21025
53272
26170
74782
8447
75475
9462
26160
50508
38814
44441
78283
77609
79776
74768
63349
50878
22203
21555
49407
15656
75268
13854
79603
51246
75849
6661
61451
49146
42787
60163
77312
18
48960
50971
75119
12446
15672
21368
32133
3204
18739
35435
72400
62371
28513
13239
890
59345
79316
50230
67212
30073
40132
64770
17832
57317
73504
27063
47554
28185
30234
33732
69422
78699
21962
8228
22940
45502
2116
29633
19733
17155
36503
39254
14680
44626
59723
2938
67189
12715
27574
19998
47146
34789
13703
44272
58467
63917
68570
68874
51403
77123
72436
38140
14349
31883
11306
8586
8031
74278
73977
26388
39853
7235
38382
31272
32690
71035
42293
12808
45320
65669
9552
19420
61545
53646
31561
52031
37834
61510
74845
69106
66434
18021
31230
16173
19570
17827
69401
362
18164
47607
68400
7943
36611
61596
25269
29267
29645
78637
33828
22637
3752
65399
16069
78117
4332
76602
11636
50520
21094
31663
17374
16316
70839
50619
15397
33486
73674
552
66664
59380
17244
36608
45341
62926
50498
11508
294
52136
36380
35499
29578
55324
4433
78229
28196
23631
67780
27780
6503
25446
59626
32305
12825
50151
75814
66890
3541
38126
52098
29942
28481
76545
21535
73438
22054
78623
5696
53665
7050
10523
58652
5576
23777
42150
52790
12507
22004
68587
71286
47660
20982
42926
46808
50041
9649
15328
77881
55314
422
2445
55458
20265
50914
34706
19417
39666
31400
37840
67371
18018
35843
26753
26062
35282
10832
74226
7412
22734
58546
16502
12401
75335
77566
43825
14841
21388
59567
68446
55425
61202
27620
21045
60328
12696
51124
54909
51408
63599
6441
592
76459
48882
68018
53541
52330
18196
19976
30115
59889
52611
15120
12200
36697
51440
11898
20226
64825
6833
11232
33076
37055
36395
39516
14022
44281
50171
70914
11568
46874
12943
39640
63616
24662
500
63868
17273
7737
21769
30733
64012
59790
65382
30626
53462
72349
32098
58685
27772
11414
9758
25905
15237
35934
48138
30407
67793
60513
20752
68140
76230
34326
75142
21612
10597
31716
33809
25682
6314
77977
17398
24371
13220
30528
38916
26389
14791
12209
47631
60477
45716
5120
70676
25416
62284
61596
31
25548
76692
51565
63929
76523
69659
20989
23154
53569
69937
58402
23703
42628
19852
35684
51436
55589
47604
63543
77576
77968
20271
23103
48674
20489
26691
32849
55254
50399
53979
44988
46948
17673
15598
60568
22858
51668
33940
34
64368
38242
29671
19566
59742
40702
14086
44348
22459
2260
71086
77533
63397
70248
30173
51534
7929
11307
2337
24220
38164
7381
36224
57655
35735
37911
69496
75213
45759
36789
16415
69601
7669
147
53551
1450
44267
9169
6409
54934
66712
2580
46006
44726
38214
13402
5864
68985
26162
56638
50587
59130
70101
52953
61290
40041
55258
78719
7431
27790
7114
73612
57514
649
22370
23007
617
46886
15854
30154
63320
27115
69392
64984
4880
77233
60484
20776
6791
61184
23378
64597
22598
26301
18677
23745
72608
31376
33505
7793
79503
47368
62181
43839
37843
10545
69782
66987
56348
24723
23086
39996
57104
48145
75412
61291
38916
20335
46221
3483
49287
76931
28007
67452
75005
7114
76782
57972
40648
16259
60938
47926
58563
77626
75526
40791
19680
20094
9732
397
55789
29331
38886
16243
3794
2464
27843
29703
35989
32882
47387
57924
18588
48191
77860
66910
66368
2418
57365
5195
23136
66765
37929
30963
6715
4360
10648
18688
50890
49648
78106
62458
60641
30795
7783
78579
60398
27871
53859
54437
36816
63258
65472
56377
43872
78924
66060
35787
36883
38092
24405
39468
46817
25081
13550
44162
65446
72349
48674
63115
26086
60608
8488
23833
27789
52348
25937
10052
69462
70143
38150
62574
13779
3069
21217
70556
40375
13103
56394
49908
66364
79845
72654
66347
55826
7626
45157
5877
17248
78649
35355
41270
62490
33935
38811
43996
58248
44096
62979
48609
43658
71043
34906
70514
26381
73356
37793
7354
64781
46808
49961
30735
43223
4333
49759
40726
66328
75755
28445
64729
34183
13615
1771
77982
5627
39696
15334
28368
42557
65931
58297
27773
42636
79262
38386
77266
33612
8205
54169
77187
56202
11623
22909
426
72550
56995
79364
1773
45227
33131
60150
15341
8297
8248
77876
32066
57226
29001
48067
31987
59516
55326
29848
70386
47683
44643
32271
962
63073
74456
11974
66329
45827
8978
61512
38915
6401
64293
16348
79283
31918
13852
49820
41870
78356
48769
55401
49716
65692
20068
30411
15428
40402
63846
16771
60968
36765
18631
3259
3626
8631
62510
33648
36955
66216
17179
72848
62310
43394
7353
677
78328
10037
74817
44657
76502
7496
20112
16392
12709
74828
6149
5652
69543
38171
46797
58971
57369
10464
21105
11472
31647
52036
59238
51243
59946
55055
60121
29427
13154
47832
1227
27750
59693
60987
22934
17167
5122
9551
78595
79695
36280
15877
62454
58372
43457
6230
32357
47161
13089
40079
62425
61960
25369
6703
10028
8006
29340
60284
64390
52502
33376
40537
39075
33011
43977
36197
76742
61465
36296
28032
3111
37665
54476
30969
1766
55946
21686
38888
31341
52183
74202
34534
30930
76169
24443
9640
44416
69565
37708
76158
23729
53827
30947
68717
70662
40055
11699
61382
48303
50349
22827
73336
27178
59713
28907
30958
70521
39689
67807
67619
49329
64386
18095
77911
45694
72219
49796
22993
18511
71232
52754
49293
35185
58038
37400
57033
45322
57982
60578
59973
5823
39046
72116
56130
31283
54191
30112
61993
29910
69700
29347
17238
218
73365
56901
52873
57501
31060
11824
38556
72540
51329
59686
79231
66885
28029
37042
48284
27967
40175
33611
75553
48155
8222
4599
56119
36660
3221
27029
4756
39592
11104
38228
57261
24591
61421
1682
76371
43446
79953
73859
15839
11751
39610
2605
54735
22524
26778
37028
28710
30085
16682
76614
2974
64137
13905
47608
45688
25499
53944
5837
35011
66786
76420
1000
29627
57852
34069
19564
52098
44884
9057
33809
60402
66160
74200
67584
45822
44010
60599
27065
27040
32809
59008
3053
26239
62581
62500
44703
16887
64605
13234
65421
64869
15136
30731
54015
72088
19623
54234
36707
24776
28383
72796
58035
56413
32298
77946
39621
18028
8344
68665
62716
3009
25872
61613
25886
10085
70000
44708
49952
52554
71384
42923
23733
7289
19652
68273
40006
31942
39040
71483
15653
61718
51844
50091
64597
20625
78496
40728
69658
11584
70621
47649
68164
77409
6988
23026
300
68698
53525
1613
25466
72272
2095
71422
24249
79392
64984
77843
62108
9797
2490
76940
12691
77559
36521
39293
52199
38987
53227
64853
48572
22986
27152
17055
49920
51454
8319
32904
78771
67695
7455
23401
22793
75833
59879
21817
31578
2212
50268
5006
21766
56696
45182
40711
53793
70878
60793
42360
41055
54089
52981
2290
15736
3225
9622
18931
15821
14635
51539
25778
10690
23478
17079
15251
70064
25616
64250
14900
40243
47576
36092
31216
77770
56587
13514
63724
64401
5148
55832
44964
54773
14237
22860
33356
11601
61276
20376
49760
55241
14751
37471
2764
47793
31258
26985
17016
77723
50201
47751
4448
9511
15178
20136
11310
15817
73981
64751
13140
47812
40249
35601
569
21361
13134
4117
54453
56056
66022
70347
14285
76728
30040
66516
59558
47455
56061
62179
6970
59409
33008
63574
2001
3720
44016
68458
59789
76328
44019
32366
5259
70139
20999
62868
36113
32763
8221
78518
34160
64966
65308
57426
34721
27196
46460
59536
1577
25806
12011
50503
21981
69636
3486
77292
59876
19338
9008
76069
33816
66186
75231
54955
51524
24091
75962
64079
42292
79968
70385
43078
32436
13055
21821
35425
61199
31597
19139
29531
64499
12413
37999
27217
24274
45437
55865
45864
63928
77024
15677
63711
22456
30629
74250
964
67567
19741
49513
60538
49100
8129
24452
76670
40460
44318
79213
26045
63016
74111
77546
45483
77671
69968
24754
51445
66787
14955
60358
25306
61719
36306
54410
28372
25316
72248
45261
33225
6835
41434
31649
12872
27985
79620
27607
994
51741
76074
116
9706
4355
45049
23348
14685
67243
77454
77898
7017
70033
16237
6814
17077
23878
38488
76077
26132
14092
26988
7827
31824
45299
26185
43728
54162
65518
30713
71846
22166
31111
71081
54193
31044
17935
17256
32101
17824
38929
70797
7684
69757
75175
77032
21528
47075
19395
39868
63913
75616
58633
9227
13020
73793
48460
56849
40853
27617
77241
58951
16765
39606
51398
55627
76151
58138
21080
70154
6443
42977
28558
57576
58507
40404
48324
12716
55173
63716
41406
44031
18420
79297
17641
73989
75091
17700
20076
34092
8641
12332
38474
28343
1595
16343
20729
16921
76017
64414
61288
10866
31977
74919
68832
38715
69814
4870
21902
15093
78776
50851
48982
73883
35395
72204
79545
63203
58598
60539
29674
75499
51902
51363
33142
22219
44706
56045
41218
12682
24018
16045
52970
10971
34884
60445
61079
63218
36910
11900
74206
60186
28690
33419
66373
33765
14595
10831
32711
16730
52449
64735
13346
38660
76791
35680
3110
43874
64285
79955
46216
42377
25467
60819
71900
63091
22601
1927
40227
23055
8569
77888
25182
79528
75196
35756
70243
27119
48498
7646
62982
40919
31609
11286
50277
24100
49104
51516
33099
23131
17254
115
62996
21363
32203
25525
3061
42898
50256
56388
1454
44143
72247
22031
54774
6021
59674
52948
58056
58414
70144
6208
73984
53504
7747
10657
61724
42994
3177
16437
31640
8382
5127
15209
56380
9426
10487
39722
66668
13774
27388
12703
67138
79601
36730
44845
77783
35909
63612
69192
67366
43856
41969
71682
38912
69063
67167
62997
13268
16755
16256
26557
56758
28290
20167
78098
23763
54754
77972
63664
67243
27670
52055
50099
28665
62461
13577
45479
32039
39722
4077
28444
16634
74260
12832
5441
48932
39346
33247
37715
32800
28345
20790
16838
36065
971
67042
14475
50632
51557
9827
22860
1888
3454
11231
61497
34258
66057
5658
625
73370
10099
28534
44437
16740
53196
65259
49172
10180
46819
22934
50124
68891
63362
72896
44534
22901
7860
73038
13464
35945
68314
2785
24649
78710
70746
64666
54372
35563
44283
45721
37795
52778
6772
62988
56112
73968
54091
46068
44963
37126
79681
54651
22388
51837
16969
28481
64405
56045
22536
77347
57129
26668
64464
61475
11756
21278
55988
74142
64997
59409
75176
16660
71762
30121
76993
39961
4976
25275
53259
74037
53330
71376
63299
29410
70112
38481
31361
66806
40313
24673
50590
42691
73827
20392
5110
33507
10692
32028
16558
53664
39480
45397
22250
9335
71970
24182
2112
25114
53172
15559
66383
42569
31250
33839
281
54499
14542
14442
34780
53561
21192
70859
15508
9348
43318
74916
13754
544
63126
43570
18625
12523
71093
45224
72842
18578
8038
61491
66709
4667
11664
73838
39985
79020
23241
9929
31803
51535
47529
21487
37548
46270
36668
42322
27782
67457
51147
31686
19521
24112
74941
44993
8046
44434
23843
48259
65921
18136
48644
51373
58996
60192
44837
33298
65816
21449
76623
66930
31701
43671
72174
10282
4559
20472
58974
75702
74849
46195
53344
53694
65222
8984
3021
79170
66082
69908
35503
64817
62575
8039
49038
16930
48507
64481
69587
20029
47797
44000
50103
7663
12964
52773
6027
46515
16855
8510
59122
50985
50095
67847
16675
43234
15695
63990
60695
10238
3339
45980
15241
1464
48100
6415
17391
22266
64726
575
74122
11713
30868
73427
61849
55367
35916
43015
77928
19067
61176
36230
40303
78407
59038
59738
13166
66843
70108
26342
53020
10943
33594
33949
30973
442
402
77349
51223
51653
62909
1907
60579
6824
17741
44303
74819
23055
3370
57613
57444
40360
42269
37362
51519
22724
54679
46318
54654
63697
43532
78467
19619
65617
49898
50078
13502
6950
40865
31206
9099
4876
58321
41886
11826
24737
11072
23481
79884
9287
11679
34252
58205
62271
59452
64525
66216
25917
76664
45822
7992
47117
46148
50564
44991
67888
62847
47481
54091
49602
70549
31076
56053
38150
8087
46717
59739
70348
36894
34644
46663
12707
58809
37044
68813
36772
33299
41364
42314
12031
40201
36853
58326
70611
68245
53314
46547
50411
24721
51888
63431
50130
2975
18031
24222
64355
65335
27466
28260
53454
48905
1089
42505
5760
30274
62352
72996
73283
55013
75929
14690
77841
71198
78772
2998
30103
8516
53206
36883
46440
1044
3792
49044
62480
42714
12829
27169
75913
9140
37148
53895
14576
24569
77206
64906
79119
73649
79309
708
53366
74834
38520
25098
36178
66105
6938
48453
54299
3212
66049
64303
53508
38918
12391
47828
61127
29826
19795
28876
52789
31566
45990
23677
14003
70725
76128
37560
23518
59369
64442
20519
49861
34051
13253
61647
70186
49297
69924
45275
51995
42667
27524
50039
11395
17767
54935
30843
44980
61456
14212
58890
1869
3889
66996
52248
36421
21665
9340
31503
12375
20150
42024
55676
55509
76159
8681
25566
72966
37056
59177
66174
49745
76552
33622
41993
12020
63086
27705
966
73443
6900
63048
27004
65242
26613
38954
38596
47808
37629
5347
72689
3601
61592
27787
51422
42467
14378
26521
37663
29550
58078
55728
26757
57732
23475
2246
26564
77847
32862
33367
71127
59233
49559
2975
37611
28018
48536
56385
57901
68311
5111
17453
8141
31843
53665
10772
47944
64267
38848
59816
14134
10604
50929
9497
38433
65044
51387
25402
41691
35186
16511
45745
24103
62452
4057
49932
5799
28254
29582
15068
57093
74066
73709
16111
44415
31038
41606
24546
22496
40776
14257
47958
42519
6250
52426
31600
77561
52948
43709
3824
37161
78634
65174
48875
70989
3989
18817
47075
6193
54194
54164
76217
64133
30643
23912
18515
8009
9143
71567
28536
78415
54867
65567
47830
5281
44867
22602
73662
69969
39230
14190
72640
69813
24657
1266
76545
64794
52484
33165
22778
43223
52188
68889
52749
28102
44632
41931
2521
38235
25486
26240
37236
58663
33140
29981
17374
42633
47992
62946
43446
30409
27960
21669
64578
23477
9550
15580
1456
12618
55266
51114
31233
19804
55651
54641
64642
62785
20465
5771
56273
61317
14235
17817
9089
79717
5442
34856
18293
26713
36448
51693
15129
32349
39958
13291
78722
40089
22782
40367
47627
47218
29583
36676
47584
3227
21845
w
