12
20
51
62
67
120
127
128
165
187
226
249
268
273
289
297
326
344
392
463
471
479
483
525
531
543
544
563
575
581
588
594
692
693
720
755
778
810
822
826
850
852
872
883
889
947
948
966
988
994
1000
1011
1062
1114
1124
1152
1156
1157
1163
1172
1181
1210
1285
1296
1349
1351
1408
1422
1447
1453
1478
1481
1513
1525
1600
1602
1672
1681
1698
1708
1748
1757
1764
1791
1797
1801
1842
1940
1979
2010
2046
2069
2101
2122
2128
2135
2148
2151
2190
2195
2207
2281
2282
2299
2309
2314
2326
2347
2359
2364
2377
2397
2404
2413
2418
2434
2459
2467
2480
2483
2511
2520
2545
2555
2566
2571
2661
2664
2669
2670
2672
2678
2684
2693
2721
2780
2805
2813
2838
2840
2853
2879
2891
2894
2900
2901
2913
2921
2981
2982
2991
3032
3069
3083
3113
3122
3182
3193
3199
3206
3276
3284
3287
3350
3362
3393
3406
3433
3464
3516
3524
3545
3551
3572
3582
3605
3614
3629
3653
3702
3720
3758
3800
3804
3814
3837
3846
3848
3856
3857
3876
3900
3908
3956
3969
3982
4008
4015
4021
4022
4024
4037
4052
4089
4102
4113
4151
4170
4205
4228
4242
4248
4275
4280
4295
4343
4346
4353
4393
4400
4410
4411
4430
4448
4488
4506
4513
4532
4534
4540
4541
4587
4627
4629
4654
4655
4658
4682
4701
4729
4737
4745
4762
4780
4833
4839
4874
4877
4891
4901
4928
4946
4966
4967
4983
4985
5012
5020
5033
5045
5079
5099
5125
5137
5154
5185
5222
5267
5269
5279
5334
5345
5372
5383
5436
5449
5456
5496
5523
5542
5549
5552
5556
5575
5598
5604
5615
5627
5669
5672
5679
5686
5692
5698
5771
5792
5872
5886
5903
5907
5953
5983
6043
6049
6056
6061
6066
6113
6119
6122
6161
6201
6206
6229
6245
6273
6277
6294
6343
6394
6418
6445
6446
6483
6493
6498
6503
6504
6514
6522
6543
6570
6596
6675
6745
6770
6779
6818
6849
6860
6879
6884
6887
6898
6900
6936
6942
6957
6970
6977
7016
7029
7088
7138
7171
7184
7186
7229
7239
7269
7295
7332
7349
7387
7394
7411
7418
7438
7446
7468
7497
7507
7551
7553
7554
7566
7569
7598
7610
7618
7624
7628
7629
7662
7675
7697
7759
7783
7791
7793
7794
7805
7810
7820
7871
7914
7956
7963
7976
7999
8006
8016
8027
8029
8038
8042
8132
8149
8161
8162
8172
8190
8191
8192
8205
8213
8252
8303
8313
8344
8377
8391
8429
8439
8445
8464
8514
8534
8540
8603
8683
8695
8698
8730
8750
8759
8761
8772
8797
8800
8804
8845
8852
8909
8912
8920
8931
8934
8945
8948
8951
8988
9011
9063
9080
9087
9107
9155
9157
9164
9175
9198
9202
9210
9220
9228
9245
9247
9280
9282
9353
9374
9405
9437
9441
9488
9582
9592
9622
9628
9678
9683
9684
9707
9759
9771
9787
9835
9852
9907
9912
9920
9928
9930
9941
9942
9946
9952
9965
9995
9983
9966
9954
9949
9948
9941
9931
9892
9823
9820
9815
9813
9811
9807
9792
9788
9732
9721
9687
9642
9634
9615
9575
9538
9536
9517
9510
9505
9504
9448
9436
9425
9368
9343
9335
9327
9296
9278
9264
9258
9235
9209
9152
9116
9112
9107
9097
9094
9091
9089
9060
9034
9033
9020
9012
8992
8955
8953
8930
8909
8847
8837
8829
8824
8749
8740
8713
8696
8684
8663
8634
8587
8586
8551
8541
8538
8518
8491
8452
8448
8436
8433
8432
8417
8400
8368
8365
8349
8320
8290
8267
8210
8138
8128
8083
8081
8039
8028
8025
8000
7987
7984
7950
7945
7915
7839
7825
7788
7783
7771
7746
7738
7717
7707
7703
7694
7689
7687
7677
7676
7659
7638
7631
7612
7587
7569
7548
7516
7488
7432
7425
7331
7316
7216
7178
7171
7165
7164
7150
7140
7131
7114
7091
7084
7042
7004
7003
6990
6973
6949
6934
6886
6832
6830
6798
6791
6768
6754
6721
6718
6711
6697
6669
6662
6624
6622
6606
6604
6596
6577
6567
6530
6514
6486
6442
6440
6405
6404
6361
6317
6289
6267
6223
6220
6190
6168
6134
6112
6083
6076
6067
6055
6039
6022
6006
5951
5943
5923
5918
5905
5863
5836
5816
5797
5767
5763
5762
5753
5746
5740
5736
5729
5663
5662
5646
5642
5600
5569
5555
5545
5525
5506
5504
5478
5425
5414
5405
5361
5360
5350
5337
5327
5326
5310
5292
5281
5278
5268
5235
5220
5204
5187
5176
5104
5058
5033
5032
4966
4952
4948
4915
4888
4881
4877
4858
4853
4852
4819
4796
4787
4773
4753
4740
4726
4690
4671
4661
4659
4619
4602
4597
4568
4530
4485
4470
4468
4429
4408
4352
4307
4301
4291
4285
4273
4272
4248
4244
4215
4210
4205
4187
4179
4173
4172
4170
4148
4119
4081
4041
4018
3989
3984
3959
3947
3943
3901
3875
3871
3857
3844
3843
3809
3798
3780
3776
3763
3693
3690
3586
3572
3551
3536
3517
3508
3505
3486
3475
3463
3416
3397
3373
3365
3322
3314
3312
3304
3301
3283
3262
3204
3188
3173
3122
3114
3107
3106
3048
3047
3028
3024
3014
2968
2935
2926
2924
2863
2858
2852
2834
2811
2809
2800
2772
2726
2713
2596
2595
2594
2588
2566
2551
2527
2520
2491
2468
2416
2412
2399
2398
2395
2388
2362
2345
2336
2319
2318
2307
2302
2294
2268
2242
2239
2237
2228
2222
2204
2199
2103
2068
2060
2051
2022
1991
1987
1985
1971
1922
1894
1872
1857
1843
1810
1796
1794
1767
1754
1745
1726
1704
1693
1681
1649
1637
1632
1528
1490
1478
1412
1411
1399
1389
1383
1358
1344
1343
1340
1329
1314
1304
1291
1250
1244
1204
1198
1177
1173
1155
1154
1101
1095
1082
1060
960
954
940
895
851
846
842
830
819
793
791
787
786
782
779
655
645
629
607
604
570
534
524
522
492
462
398
376
361
313
300
279
272
271
268
267
266
259
229
202
187
178
173
169
147
135
130
54
k
