10
17
20
48
49
84
94
97
149
174
236
241
243
247
249
273
285
312
319
320
355
391
392
426
442
481
501
522
546
560
571
597
629
688
689
692
712
718
729
748
810
812
865
866
874
888
899
902
914
931
933
963
965
979
982
1030
1031
1043
1060
1129
1139
1172
1242
1253
1263
1288
1298
1356
1393
1398
1403
1408
1414
1423
1433
1488
1497
1523
1532
1545
1582
1589
1605
1610
1613
1618
1642
1649
1659
1705
1787
1812
1817
1822
1837
1887
1919
1927
1928
1932
1936
1962
1972
1979
1992
2008
2016
2021
2024
2026
2041
2089
2093
2097
2145
2194
2196
2199
2205
2212
2231
2236
2257
2260
2333
2338
2358
2367
2374
2398
2420
2432
2436
2440
2454
2456
2461
2468
2475
2489
2502
2520
2558
2560
2563
2580
2592
2603
2604
2619
2674
2699
2708
2722
2731
2760
2786
2835
2862
2865
2880
2881
2916
2929
2949
2957
3016
3029
3066
3074
3115
3121
3171
3177
3198
3204
3206
3210
3235
3252
3276
3336
3338
3351
3363
3364
3391
3393
3446
3482
3484
3546
3549
3562
3570
3609
3621
3624
3662
3669
3700
3715
3733
3737
3765
3773
3805
3832
3839
3851
3872
3884
3960
3961
4010
4055
4064
4164
4175
4176
4180
4183
4221
4235
4243
4244
4250
4285
4296
4298
4303
4331
4336
4352
4410
4414
4469
4470
4477
4484
4506
4540
4542
4551
4552
4572
4595
4602
4609
4619
4655
4668
4717
4736
4757
4764
4783
4801
4824
4857
4867
4928
4949
4964
4973
4991
5013
5027
5034
5039
5040
5077
5084
5099
5101
5144
5146
5160
5169
5186
5196
5228
5230
5234
5254
5258
5267
5282
5315
5316
5317
5326
5333
5364
5392
5407
5427
5432
5445
5464
5480
5519
5590
5601
5639
5685
5704
5708
5739
5756
5761
5792
5799
5816
5856
5879
5880
5934
5939
5951
5991
5994
5996
6032
6079
6086
6091
6100
6105
6134
6144
6148
6195
6202
6230
6243
6264
6278
6285
6287
6327
6341
6369
6409
6417
6420
6438
6486
6512
6536
6540
6550
6577
6610
6628
6658
6685
6703
6704
6721
6745
6749
6767
6785
6820
6826
6828
6845
6853
6885
6905
6913
6937
6943
6951
6955
6966
6982
6998
7000
7012
7017
7046
7062
7080
7120
7144
7170
7175
7181
7202
7223
7248
7249
7257
7279
7326
7341
7406
7408
7441
7454
7493
7504
7546
7557
7572
7582
7592
7599
7639
7671
7673
7727
7728
7764
7769
7773
7778
7797
7828
7843
7852
7881
7890
7901
7946
7975
7977
7979
8043
8091
8166
8212
8218
8268
8284
8297
8315
8325
8352
8386
8391
8424
8461
8474
8512
8525
8546
8574
8597
8621
8669
8670
8680
8724
8725
8786
8802
8852
8869
8890
8891
8922
8932
8954
8968
9038
9041
9044
9046
9056
9085
9095
9141
9148
9188
9206
9234
9249
9252
9296
9307
9319
9343
9351
9357
9358
9395
9398
9432
9438
9455
9494
9496
9501
9514
9537
9586
9620
9681
9682
9693
9707
9708
9720
9730
9762
9775
9789
9817
9822
9825
9830
9854
9864
9873
9894
9898
9918
9975
10011
10037
10039
10040
10049
10055
10105
10170
10177
10184
10188
10197
10202
10205
10211
10215
10227
10242
10275
10276
10281
10298
10303
10338
10373
10410
10413
10443
10476
10497
10500
10508
10555
10564
10598
10603
10606
10611
10612
10628
10657
10663
10668
10706
10732
10747
10759
10776
10788
10814
10836
10881
10892
10907
10960
10981
10989
10999
11074
11091
11096
11114
11130
11133
11149
11150
11194
11200
11207
11216
11218
11232
11244
11285
11305
11337
11348
11350
11351
11352
11370
11372
11385
11386
11405
11419
11434
11437
11501
11531
11536
11567
11607
11669
11684
11694
11733
11749
11764
11796
11820
11830
11842
11845
11907
11916
11932
11978
11997
12019
12051
12083
12094
12101
12105
12107
12140
12148
12164
12174
12205
12261
12276
12279
12294
12321
12330
12343
12350
12353
12366
12367
12427
12431
12432
12457
12504
12522
12532
12556
12561
12597
12618
12651
12687
12701
12716
12736
12743
12841
12850
12873
12878
12912
12931
12933
12940
13021
13115
13127
13163
13183
13184
13188
13195
13201
13225
13259
13405
13410
13433
13448
13454
13461
13494
13525
13540
13546
13570
13574
13577
13619
13634
13660
13668
13674
13676
13716
13732
13739
13758
13785
13797
13800
13813
13826
13835
13843
13856
13865
13913
13960
13969
14026
14038
14041
14051
14052
14065
14066
14080
14101
14108
14148
14158
14176
14218
14219
14238
14259
14260
14280
14283
14289
14300
14304
14313
14325
14339
14341
14362
14370
14379
14384
14387
14408
14431
14455
14462
14507
14515
14568
14569
14572
14583
14584
14608
14628
14636
14637
14690
14704
14738
14746
14747
14786
14843
14866
14897
14911
14952
14977
14998
15000
15004
15015
15049
15072
15086
15110
15151
15207
15233
15241
15260
15271
15272
15273
15283
15286
15287
15290
15294
15303
15350
15448
15459
15460
15526
15552
15567
15571
15578
15584
15592
15695
15696
15727
15746
15758
15766
15801
15811
15815
15819
15844
15867
15875
15909
15952
15956
15960
16008
16030
16034
16059
16079
16087
16119
16147
16161
16166
16181
16193
16197
16203
16241
16267
16280
16338
16365
16389
16392
16394
16395
16401
16414
16416
16422
16429
16448
16457
16468
16490
16531
16569
16577
16583
16609
16655
16719
16722
16733
16742
16746
16772
16776
16781
16792
16824
16833
16835
16855
16878
16923
16942
16944
16980
16983
17003
17006
17057
17059
17073
17074
17094
17101
17132
17169
17204
17207
17210
17216
17250
17298
17303
17315
17322
17336
17341
17360
17363
17365
17366
17379
17387
17414
17429
17434
17445
17521
17542
17573
17615
17633
17691
17709
17713
17716
17723
17794
17815
17823
17834
17850
17857
17884
17887
17889
17906
17907
17915
17917
17949
17992
18002
18012
18020
18051
18062
18084
18097
18098
18101
18105
18132
18139
18158
18222
18259
18297
18310
18320
18358
18421
18430
18440
18513
18547
18640
18651
18708
18712
18728
18732
18733
18766
18773
18800
18829
18866
18870
18872
18890
18913
18940
18950
18959
18980
18991
18996
18997
19036
19040
19042
19056
19069
19083
19090
19228
19234
19244
19264
19276
19290
19313
19372
19374
19434
19437
19474
19482
19490
19498
19535
19536
19555
19562
19588
19654
19667
19673
19677
19679
19693
19745
19770
19781
19784
19792
19858
19860
19873
19884
19889
19928
19949
19971
19991
20004
20009
20012
20019
20024
20025
20031
20040
20146
20192
20194
20202
20230
20259
20268
20275
20305
20309
20310
20324
20395
20399
20418
20421
20436
20451
20472
20492
20507
20520
20533
20549
20563
20571
20617
20619
20647
20686
20697
20746
20776
20826
20835
20860
20868
20877
20895
20898
20914
20924
20937
20990
21002
21040
21073
21091
21095
21111
21117
21123
21151
21243
21255
21263
21268
21271
21273
21315
21334
21339
21346
21352
21361
21391
21404
21412
21419
21422
21446
21499
21503
21525
21540
21554
21570
21573
21623
21715
21719
21726
21738
21749
21773
21776
21801
21816
21830
21833
21840
21852
21886
21896
21932
21989
21997
22029
22078
22110
22114
22124
22141
22194
22198
22213
22217
22223
22237
22249
22257
22287
22290
22312
22320
22330
22357
22412
22491
22495
22537
22538
22560
22572
22596
22601
22606
22607
22614
22632
22639
22657
22661
22665
22672
22680
22703
22704
22711
22774
22790
22821
22823
22849
22853
22865
22872
22873
22880
22886
22898
22932
22939
22945
22966
22970
22978
22984
22992
23038
23054
23056
23092
23102
23121
23187
23256
23299
23306
23355
23384
23388
23410
23426
23428
23459
23510
23520
23535
23536
23549
23558
23582
23585
23594
23656
23674
23690
23712
23739
23749
23753
23759
23772
23780
23782
23785
23797
23875
23892
23949
23950
23996
24025
24058
24065
24108
24119
24133
24146
24160
24161
24179
24218
24230
24238
24261
24274
24334
24347
24351
24365
24385
24406
24463
24464
24467
24471
24483
24548
24561
24598
24614
24628
24631
24644
24657
24664
24691
24720
24735
24756
24758
24865
24876
24885
24905
24908
24910
24966
25015
25021
25051
25136
25154
25183
25190
25231
25270
25297
25306
25324
25331
25336
25384
25437
25439
25440
25453
25455
25551
25556
25579
25593
25594
25595
25600
25605
25609
25647
25664
25702
25707
25750
25753
25776
25777
25787
25801
25805
25816
25823
25836
25860
25881
25887
25974
25982
25988
25991
26042
26048
26065
26084
26088
26090
26116
26122
26127
26146
26182
26287
26320
26334
26337
26342
26352
26392
26414
26443
26524
26526
26545
26598
26633
26658
26703
26722
26760
26783
26788
26810
26818
26889
26904
26924
26928
26935
26939
26973
26997
27016
27026
27027
27064
27083
27176
27194
27198
27247
27314
27317
27343
27347
27371
27372
27432
27443
27452
27488
27490
27536
27557
27602
27626
27701
27724
27725
27741
27750
27764
27766
27788
27824
27843
27855
27857
27867
27873
27909
27921
27922
27963
27973
27974
27987
28053
28074
28111
28140
28148
28194
28220
28237
28299
28308
28324
28401
28405
28417
28426
28442
28445
28463
28498
28550
28552
28567
28570
28578
28598
28614
28619
28627
28629
28635
28659
28700
28705
28759
28772
28831
28868
28902
28907
28927
28943
28980
28986
28995
29006
29008
29022
29023
29070
29086
29090
29117
29124
29127
29133
29191
29215
29220
29234
29249
29354
29363
29366
29383
29399
29420
29485
29486
29487
29504
29570
29584
29604
29612
29624
29658
29678
29706
29713
29742
29757
29771
29772
29819
29835
29867
29884
29904
29911
29979
29980
29984
30007
30043
30102
30158
30191
30199
30235
30237
30242
30261
30279
30329
30333
30334
30379
30381
30382
30385
30389
30422
30446
30499
30508
30550
30566
30594
30641
30652
30720
30748
30782
30811
30826
30848
30853
30866
30886
30903
30913
30938
30940
30959
30996
31016
31037
31040
31059
31062
31070
31083
31101
31106
31168
31180
31218
31234
31287
31299
31312
31343
31358
31382
31437
31493
31510
31521
31556
31575
31592
31615
31658
31663
31671
31682
31705
31713
31735
31748
31774
31780
31883
31893
31898
31912
31934
31961
31968
31976
31990
32131
32134
32146
32152
32219
32252
32260
32261
32264
32362
32377
32380
32426
32436
32468
32471
32472
32492
32499
32503
32507
32541
32551
32598
32610
32616
32624
32677
32679
32681
32701
32721
32730
32794
32795
32800
32811
32839
32868
32871
32875
32891
32894
32898
32901
32932
32965
32976
33015
33022
33053
33062
33094
33238
33239
33244
33289
33336
33337
33364
33383
33393
33456
33458
33459
33462
33466
33470
33499
33506
33532
33554
33559
33593
33610
33617
33620
33663
33682
33736
33773
33774
33785
33795
33796
33800
33804
33826
33828
33836
33853
33877
33919
33924
33946
33968
34058
34115
34130
34149
34163
34166
34167
34169
34186
34215
34244
34286
34291
34304
34307
34315
34329
34342
34361
34383
34438
34449
34465
34558
34574
34586
34587
34599
34620
34621
34625
34651
34658
34678
34706
34721
34752
34755
34797
34799
34810
34842
34914
34929
34984
35046
35078
35116
35123
35150
35158
35174
35179
35236
35237
35255
35273
35276
35281
35287
35371
35393
35409
35476
35480
35491
35541
35546
35552
35567
35572
35592
35622
35667
35672
35676
35678
35714
35718
35776
35839
35861
35879
35892
35909
35911
35932
35964
35966
35997
36008
36009
36032
36057
36060
36068
36108
36127
36146
36147
36155
36196
36291
36318
36364
36374
36402
36421
36440
36441
36454
36459
36478
36488
36491
36493
36513
36533
36559
36560
36562
36582
36593
36608
36626
36633
36651
36680
36684
36701
36704
36739
36754
36789
36806
36816
36826
36827
36831
36860
36909
36922
36924
36926
36938
36942
36951
37004
37006
37008
37032
37038
37051
37053
37080
37093
37101
37124
37127
37139
37232
37239
37264
37273
37290
37313
37356
37369
37386
37410
37419
37511
37522
37525
37544
37548
37590
37619
37630
37639
37663
37664
37692
37696
37710
37740
37747
37762
37768
37772
37793
37796
37818
37845
37900
37941
37966
38031
38059
38060
38078
38090
38126
38154
38190
38210
38260
38264
38276
38283
38289
38299
38305
38310
38312
38317
38336
38358
38487
38550
38572
38618
38625
38626
38634
38675
38677
38694
38705
38725
38744
38758
38769
38777
38787
38849
38875
38906
38920
38925
38933
38967
38982
39044
39068
39088
39101
39103
39114
39132
39136
39141
39147
39153
39195
39233
39283
39296
39309
39348
39356
39366
39369
39405
39428
39455
39456
39467
39521
39628
39633
39651
39668
39687
39699
39709
39739
39774
39792
39831
39834
39842
39865
39900
39926
39941
39956
39962
39980
39980
39955
39952
39937
39912
39892
39886
39885
39873
39853
39852
39844
39841
39813
39811
39809
39783
39762
39739
39725
39704
39667
39662
39642
39640
39629
39619
39617
39607
39606
39595
39584
39550
39548
39538
39498
39469
39446
39419
39376
39354
39348
39325
39311
39261
39204
39198
39172
39167
39160
39147
39048
39047
39042
39036
39021
38989
38959
38958
38944
38933
38928
38923
38919
38912
38872
38826
38821
38787
38761
38757
38751
38731
38722
38721
38720
38703
38702
38693
38677
38643
38613
38606
38602
38597
38573
38532
38461
38452
38410
38401
38379
38366
38362
38338
38335
38326
38309
38290
38278
38264
38262
38257
38237
38192
38147
38137
38118
38117
38110
38109
38086
38065
38057
38050
38016
37997
37990
37971
37952
37921
37915
37890
37885
37807
37785
37779
37777
37767
37765
37718
37698
37688
37680
37618
37596
37588
37587
37577
37573
37511
37452
37359
37328
37284
37228
37209
37182
37170
37165
37141
37137
37118
37082
37077
37072
37046
37041
36987
36984
36977
36969
36946
36910
36893
36891
36882
36859
36841
36827
36800
36753
36743
36713
36706
36702
36701
36671
36652
36651
36649
36646
36627
36605
36590
36583
36565
36551
36547
36523
36522
36514
36509
36508
36507
36491
36485
36458
36456
36445
36429
36390
36372
36338
36278
36262
36258
36236
36182
36175
36158
36127
36102
36088
36087
36080
36069
36065
36062
36008
35983
35941
35929
35925
35889
35876
35844
35843
35835
35801
35793
35788
35786
35766
35752
35741
35718
35716
35698
35696
35629
35628
35625
35576
35543
35537
35479
35473
35442
35431
35391
35379
35370
35316
35313
35266
35264
35261
35252
35244
35243
35227
35220
35201
35191
35147
35118
35116
35107
35092
35091
35074
35062
35055
35052
35048
35036
35034
35024
34996
34992
34946
34923
34887
34885
34863
34841
34831
34827
34816
34811
34773
34764
34752
34734
34690
34670
34653
34630
34600
34550
34542
34531
34525
34497
34464
34463
34447
34444
34441
34440
34420
34374
34366
34341
34311
34301
34290
34285
34262
34260
34233
34225
34163
34160
34159
34125
34116
34096
34069
34068
34035
34030
34011
34001
33981
33968
33913
33899
33859
33858
33849
33838
33795
33705
33699
33673
33662
33661
33627
33564
33552
33542
33533
33493
33456
33451
33386
33376
33373
33351
33348
33339
33267
33265
33223
33209
33200
33165
33145
33123
33108
33072
33067
33056
32970
32946
32909
32897
32878
32847
32836
32834
32820
32812
32783
32776
32744
32733
32726
32719
32717
32685
32658
32643
32638
32612
32604
32557
32515
32505
32494
32462
32455
32452
32364
32354
32337
32317
32270
32253
32249
32205
32190
32187
32183
32178
32143
32049
32041
32015
31983
31978
31927
31906
31899
31884
31880
31868
31858
31850
31838
31832
31827
31817
31752
31738
31669
31626
31565
31540
31498
31452
31441
31433
31420
31388
31314
31278
31256
31250
31249
31230
31179
31176
31158
31157
31137
31134
31115
31109
31090
31086
30999
30943
30923
30918
30910
30902
30866
30821
30799
30793
30784
30747
30713
30709
30686
30664
30657
30588
30551
30523
30505
30496
30480
30478
30452
30435
30382
30352
30343
30332
30318
30309
30302
30293
30286
30276
30257
30243
30214
30197
30194
30193
30184
30168
30157
30144
30120
30096
30090
30077
30017
30014
30013
29971
29970
29869
29856
29850
29845
29820
29809
29773
29733
29731
29726
29716
29671
29661
29606
29591
29585
29582
29568
29547
29534
29508
29506
29489
29487
29446
29414
29413
29386
29365
29350
29348
29315
29292
29268
29205
29199
29164
29143
29134
29126
29123
29122
29116
29098
29090
29078
29076
29052
29038
29037
29033
29022
29013
29009
28933
28907
28903
28879
28874
28868
28853
28809
28796
28777
28770
28766
28756
28746
28729
28691
28649
28602
28590
28584
28581
28543
28542
28527
28508
28491
28486
28449
28421
28374
28362
28338
28322
28297
28296
28292
28275
28240
28227
28170
28146
28095
28090
28040
28026
27997
27980
27974
27954
27952
27934
27926
27924
27878
27872
27860
27849
27842
27772
27766
27756
27713
27707
27659
27635
27593
27551
27544
27521
27513
27435
27400
27397
27374
27347
27344
27321
27320
27319
27308
27285
27261
27249
27239
27184
27180
27158
27155
27141
27130
27126
27117
27104
27098
27081
27079
27075
27062
27055
27027
26987
26943
26906
26891
26888
26870
26858
26843
26809
26797
26786
26784
26779
26774
26767
26766
26742
26691
26675
26634
26608
26594
26590
26565
26553
26549
26544
26542
26526
26497
26493
26470
26456
26432
26412
26397
26392
26389
26388
26386
26364
26358
26336
26298
26277
26266
26210
26203
26195
26112
26111
26105
26103
26101
26097
26041
26007
25997
25995
25994
25984
25977
25945
25942
25923
25909
25892
25833
25823
25819
25787
25765
25764
25706
25674
25648
25640
25614
25613
25600
25592
25571
25556
25547
25544
25541
25536
25428
25403
25389
25353
25325
25282
25253
25211
25201
25178
25153
25141
25120
25116
25100
25094
25076
25065
25064
25060
25056
25053
25051
25050
25027
25004
24971
24959
24936
24934
24931
24881
24873
24871
24869
24810
24790
24784
24783
24746
24737
24726
24706
24667
24635
24610
24593
24578
24564
24560
24533
24487
24462
24461
24451
24407
24403
24402
24366
24364
24363
24345
24336
24314
24294
24288
24285
24195
24164
24159
24154
24153
24145
24142
24054
24040
24015
24011
23980
23932
23864
23861
23843
23825
23807
23805
23775
23772
23762
23748
23689
23654
23646
23645
23619
23601
23591
23548
23525
23514
23487
23443
23442
23417
23402
23396
23383
23366
23351
23347
23341
23334
23314
23291
23284
23276
23274
23259
23234
23228
23227
23219
23207
23198
23190
23186
23164
23138
23121
23110
23106
23078
23076
23045
23036
23033
23027
23013
22992
22976
22901
22896
22862
22847
22826
22799
22788
22786
22757
22751
22687
22656
22630
22619
22615
22548
22547
22534
22515
22460
22365
22364
22348
22347
22342
22329
22310
22259
22246
22239
22202
22188
22177
22158
22157
22139
22120
22098
22076
22067
22066
22039
22014
21990
21979
21958
21957
21942
21900
21861
21834
21797
21758
21719
21695
21683
21673
21652
21646
21630
21600
21572
21542
21489
21482
21448
21443
21424
21380
21372
21364
21339
21332
21321
21298
21283
21271
21260
21223
21220
21182
21172
21169
21162
21124
21119
21113
21104
21089
21088
21084
21079
21076
21074
21023
21013
20983
20982
20949
20934
20930
20913
20910
20905
20873
20872
20867
20853
20828
20798
20704
20619
20618
20617
20614
20602
20600
20587
20585
20573
20538
20517
20515
20473
20444
20411
20375
20334
20292
20276
20229
20191
20189
20182
20181
20173
20153
20148
20105
20087
20085
20050
20002
19993
19977
19945
19895
19865
19861
19846
19690
19676
19663
19657
19649
19604
19597
19508
19504
19468
19463
19434
19429
19428
19392
19373
19339
19329
19304
19295
19285
19274
19269
19260
19251
19246
19202
19190
19185
19160
19150
19115
19102
19084
19074
19063
19060
19057
19052
19048
19018
19010
19006
18946
18936
18904
18885
18842
18835
18709
18673
18604
18601
18562
18542
18530
18526
18518
18466
18463
18453
18440
18433
18402
18371
18364
18362
18338
18324
18310
18308
18297
18285
18270
18242
18230
18225
18192
18173
18147
18146
18145
18124
18091
18081
18077
18068
18065
18043
18038
18034
18007
18001
17951
17928
17917
17904
17895
17875
17830
17764
17755
17700
17695
17692
17685
17677
17672
17651
17637
17628
17620
17584
17578
17499
17454
17425
17373
17369
17367
17365
17362
17318
17283
17222
17220
17214
17206
17195
17185
17142
17138
17101
17085
17036
17013
17010
16965
16961
16901
16826
16798
16797
16756
16744
16736
16717
16705
16667
16660
16640
16638
16594
16584
16477
16448
16433
16417
16381
16287
16272
16261
16252
16247
16227
16222
16217
16192
16180
16161
16145
16118
16104
16061
16057
16047
16045
16033
15959
15948
15923
15910
15902
15877
15861
15850
15808
15770
15767
15762
15744
15726
15707
15684
15669
15630
15562
15535
15531
15512
15505
15454
15399
15359
15309
15276
15268
15245
15204
15200
15147
15064
15059
15048
15037
15028
15020
14981
14936
14919
14893
14891
14864
14815
14804
14752
14748
14729
14718
14713
14686
14675
14635
14623
14586
14563
14555
14515
14512
14505
14501
14471
14449
14439
14438
14416
14374
14368
14359
14341
14339
14331
14330
14286
14241
14222
14216
14192
14159
14148
14134
14123
14113
14090
14088
14075
14028
14024
14023
14010
13985
13970
13947
13930
13921
13913
13904
13868
13836
13825
13805
13803
13768
13758
13735
13721
13708
13676
13659
13648
13615
13595
13531
13470
13468
13460
13429
13393
13371
13344
13337
13328
13319
13293
13269
13258
13219
13203
13182
13168
13167
13109
13085
13078
13035
13032
13031
13001
12999
12990
12975
12933
12901
12894
12854
12802
12758
12756
12715
12680
12635
12548
12516
12483
12455
12444
12439
12423
12360
12355
12332
12284
12259
12249
12247
12223
12222
12153
12129
12126
12112
12106
12104
12095
12089
12069
12046
12041
12039
12016
12015
11998
11972
11947
11935
11890
11881
11876
11869
11843
11842
11824
11750
11713
11661
11632
11627
11609
11598
11595
11549
11543
11538
11536
11479
11477
11458
11438
11428
11422
11407
11395
11392
11361
11358
11352
11330
11323
11313
11261
11260
11254
11250
11242
11237
11231
11230
11201
11160
11155
11154
11150
11149
11130
11092
11068
11040
11039
11021
10983
10977
10937
10922
10882
10879
10794
10789
10722
10684
10677
10661
10656
10653
10643
10640
10604
10584
10583
10551
10531
10504
10493
10471
10426
10388
10378
10363
10360
10339
10292
10275
10259
10198
10194
10179
10167
10146
10141
10095
10083
10078
10068
10036
10035
10022
9976
9974
9970
9959
9930
9928
9881
9871
9870
9848
9822
9806
9804
9769
9711
9697
9667
9657
9621
9553
9534
9521
9504
9494
9490
9479
9476
9456
9410
9388
9353
9340
9309
9297
9276
9272
9259
9234
9208
9199
9189
9129
9105
9087
9081
9079
9053
9050
9021
8996
8983
8981
8959
8955
8909
8877
8861
8835
8765
8726
8697
8684
8674
8672
8638
8618
8588
8539
8528
8524
8523
8506
8491
8460
8455
8424
8414
8401
8370
8353
8338
8285
8266
8179
8174
8146
8141
8112
8107
8106
8094
8080
8045
8042
8027
8025
8013
7996
7992
7988
7935
7934
7917
7913
7880
7872
7862
7855
7830
7825
7822
7818
7795
7794
7770
7743
7642
7577
7495
7484
7469
7454
7452
7429
7409
7405
7399
7386
7377
7358
7351
7305
7279
7246
7245
7202
7201
7165
7154
7086
7085
7083
7071
7001
6998
6992
6945
6938
6907
6902
6875
6874
6833
6824
6819
6818
6814
6811
6802
6791
6784
6749
6737
6703
6666
6664
6632
6617
6586
6563
6537
6535
6517
6515
6502
6497
6480
6475
6474
6457
6435
6429
6427
6415
6359
6348
6346
6296
6290
6278
6222
6196
6187
6149
6126
6122
6096
6090
6069
6053
6052
6049
6044
6017
6014
6008
6004
5989
5966
5959
5941
5932
5926
5916
5903
5895
5883
5870
5867
5844
5830
5776
5767
5755
5743
5737
5726
5725
5723
5721
5656
5631
5616
5594
5586
5556
5527
5525
5458
5453
5449
5423
5404
5403
5384
5380
5335
5315
5284
5255
5248
5232
5220
5211
5200
5185
5128
5106
5105
5090
5086
5063
5051
5036
4992
4973
4955
4915
4863
4856
4827
4825
4821
4817
4808
4786
4776
4750
4723
4703
4669
4634
4627
4621
4596
4569
4537
4514
4508
4491
4457
4412
4408
4401
4378
4353
4302
4289
4287
4152
4151
4123
4118
4106
4069
4051
3866
3851
3842
3822
3776
3717
3712
3669
3665
3658
3627
3607
3591
3564
3561
3550
3548
3542
3494
3475
3449
3409
3372
3346
3344
3314
3313
3288
3277
3267
3197
3188
3171
3149
3136
3133
3117
3099
3044
3043
3008
3005
2968
2966
2957
2952
2944
2925
2893
2876
2869
2861
2833
2820
2794
2784
2781
2778
2771
2743
2733
2695
2686
2679
2664
2653
2638
2619
2607
2583
2557
2534
2510
2508
2464
2451
2449
2427
2419
2403
2321
2296
2293
2263
2242
2207
2200
2184
2181
2171
2170
2163
2157
2125
2123
2121
2118
2105
2090
2059
2043
2041
2024
2011
2005
1976
1975
1934
1930
1917
1897
1865
1846
1832
1773
1723
1721
1684
1634
1582
1560
1543
1539
1501
1495
1444
1419
1410
1375
1349
1314
1279
1266
1243
1212
1087
1016
967
934
885
881
878
853
827
820
770
763
730
725
717
714
708
679
647
610
598
565
557
515
508
440
439
430
407
404
377
332
312
293
272
226
213
184
174
157
156
139
125
65
14
k
