18
71
98
109
131
140
150
155
245
252
296
311
331
341
346
380
383
390
453
458
503
504
509
523
535
582
598
606
636
677
684
693
710
724
748
757
848
884
934
947
948
982
989
990
1008
1037
1039
1073
1124
1128
1133
1138
1146
1168
1214
1232
1238
1252
1265
1292
1300
1305
1317
1339
1404
1410
1459
1464
1498
1560
1670
1671
1679
1727
1739
1743
1758
1760
1763
1773
1779
1787
1794
1816
1820
1825
1835
1839
1870
1881
1887
1899
1917
1940
1990
2001
2002
2003
2023
2026
2034
2037
2048
2072
2075
2118
2149
2156
2160
2163
2183
2184
2189
2195
2201
2221
2244
2255
2277
2305
2364
2371
2389
2407
2422
2438
2472
2494
2512
2522
2533
2564
2571
2572
2601
2624
2676
2683
2692
2712
2725
2771
2775
2799
2849
2865
2963
2978
2982
2990
2992
3047
3075
3096
3099
3130
3139
3197
3244
3253
3264
3279
3298
3314
3325
3365
3376
3404
3433
3449
3510
3535
3587
3591
3600
3618
3630
3635
3654
3659
3663
3698
3764
3769
3794
3798
3854
3886
3895
3897
3909
3915
3923
3928
3951
3954
3956
3975
3993
3996
3996
3985
3964
3946
3943
3938
3932
3901
3896
3892
3885
3871
3863
3862
3861
3859
3832
3829
3827
3824
3788
3747
3734
3727
3702
3685
3682
3674
3659
3656
3645
3636
3577
3566
3550
3540
3510
3480
3473
3459
3436
3368
3360
3316
3299
3287
3279
3267
3263
3237
3206
3176
3168
3141
3110
3108
3051
3044
3027
3012
2975
2959
2884
2881
2862
2854
2842
2836
2830
2770
2765
2750
2723
2708
2678
2676
2660
2632
2599
2566
2553
2539
2513
2510
2507
2467
2461
2450
2448
2436
2385
2381
2365
2350
2325
2322
2289
2276
2260
2210
2208
2204
2178
2177
2138
2116
2112
2110
2084
2049
2041
2038
2034
2001
1988
1978
1977
1931
1899
1880
1853
1835
1825
1821
1814
1762
1704
1695
1602
1593
1562
1556
1537
1536
1513
1484
1481
1475
1433
1417
1408
1406
1403
1361
1342
1326
1303
1283
1275
1256
1202
1166
1149
1074
1052
1046
979
975
939
856
847
834
820
809
808
785
775
768
766
764
760
730
726
702
657
647
644
626
605
600
525
502
487
447
443
424
398
391
359
214
208
172
166
151
144
135
124
118
77
57
k
