37
38
39
41
69
101
158
161
167
177
197
205
214
250
260
266
269
336
388
409
487
488
503
514
539
575
583
607
610
612
630
687
710
721
731
740
741
749
763
784
805
861
869
886
948
960
966
1008
1029
1046
1060
1080
1097
1118
1128
1129
1152
1163
1171
1196
1221
1236
1275
1283
1323
1340
1350
1371
1387
1410
1411
1418
1452
1464
1471
1483
1529
1560
1575
1596
1597
1599
1623
1657
1666
1681
1685
1694
1696
1716
1748
1749
1761
1787
1790
1818
1843
1876
1878
1899
1914
1922
1949
1953
1956
1973
1975
2086
2094
2096
2108
2116
2183
2187
2193
2213
2230
2246
2251
2282
2296
2326
2344
2354
2401
2403
2437
2486
2503
2509
2529
2543
2545
2559
2565
2583
2602
2631
2639
2644
2651
2654
2671
2686
2690
2713
2746
2772
2793
2824
2835
2841
2847
2879
2896
2919
2937
2980
3017
3018
3024
3072
3120
3142
3174
3192
3217
3241
3243
3254
3262
3271
3273
3274
3303
3318
3356
3376
3403
3422
3431
3447
3462
3485
3513
3538
3548
3568
3575
3653
3774
3782
3798
3849
3854
3855
3883
3918
3920
3933
3985
3987
4057
4063
4068
4082
4099
4154
4168
4213
4272
4283
4303
4320
4325
4332
4374
4384
4389
4410
4475
4499
4534
4541
4546
4607
4642
4645
4647
4671
4674
4685
4696
4732
4771
4791
4811
4883
4896
4931
4946
4953
4981
5027
5032
5038
5045
5064
5139
5162
5178
5180
5222
5282
5312
5329
5334
5339
5345
5360
5368
5385
5397
5407
5430
5477
5492
5494
5500
5510
5583
5593
5608
5612
5627
5672
5678
5690
5691
5692
5696
5701
5714
5728
5750
5761
5781
5794
5800
5809
5846
5852
5871
5878
5891
5901
5912
5914
5960
5971
5990
6001
6011
6057
6093
6112
6133
6152
6186
6237
6254
6276
6296
6342
6344
6351
6357
6368
6379
6409
6435
6463
6494
6503
6521
6529
6536
6544
6570
6572
6585
6590
6609
6613
6614
6645
6663
6670
6684
6699
6717
6739
6767
6779
6791
6794
6818
6820
6846
6865
6882
6992
6997
6999
7122
7126
7136
7138
7156
7190
7198
7209
7275
7277
7308
7334
7347
7375
7385
7435
7436
7443
7456
7475
7482
7486
7510
7556
7591
7610
7619
7660
7662
7690
7702
7726
7739
7742
7750
7757
7764
7774
7794
7815
7827
7831
7861
7885
7943
7945
7999
7967
7956
7955
7949
7902
7896
7894
7878
7861
7860
7831
7774
7770
7759
7696
7646
7636
7603
7591
7552
7533
7531
7523
7518
7466
7450
7438
7433
7427
7393
7388
7379
7363
7338
7335
7297
7294
7269
7261
7219
7208
7202
7160
7147
7127
7108
7102
7086
7039
7034
6996
6955
6949
6925
6905
6863
6859
6768
6732
6703
6699
6692
6674
6667
6649
6597
6586
6565
6546
6526
6518
6484
6450
6401
6383
6328
6321
6273
6241
6238
6188
6186
6182
6168
6155
6146
6121
6111
6094
6082
6080
6035
6019
5992
5990
5980
5962
5952
5921
5912
5911
5903
5897
5886
5870
5868
5837
5834
5826
5811
5738
5710
5703
5585
5582
5574
5568
5538
5500
5459
5442
5428
5423
5420
5385
5383
5376
5356
5341
5242
5232
5225
5223
5219
5180
5158
5146
5135
5118
5112
5054
5045
5025
5004
4991
4987
4965
4950
4937
4907
4871
4848
4843
4775
4739
4670
4628
4622
4615
4585
4568
4552
4548
4532
4529
4525
4505
4485
4484
4481
4479
4467
4462
4406
4400
4391
4382
4325
4320
4277
4271
4267
4244
4231
4173
4169
4162
4158
4154
4151
4053
4017
3961
3955
3896
3870
3866
3853
3839
3826
3811
3807
3802
3782
3779
3769
3757
3746
3745
3704
3695
3691
3607
3557
3478
3469
3455
3447
3437
3422
3419
3364
3303
3274
3258
3242
3216
3208
3196
3183
3169
3167
3150
3110
3075
3018
2987
2983
2981
2956
2952
2936
2928
2916
2908
2907
2897
2840
2828
2812
2768
2723
2694
2676
2663
2659
2642
2641
2630
2598
2585
2584
2528
2517
2511
2508
2504
2485
2448
2439
2408
2391
2383
2376
2362
2348
2326
2325
2314
2307
2296
2275
2272
2259
2235
2203
2192
2163
2152
2103
2086
2024
2016
2011
1999
1991
1966
1927
1893
1870
1868
1861
1857
1852
1814
1806
1792
1764
1757
1725
1702
1651
1615
1613
1610
1580
1570
1518
1510
1507
1500
1449
1448
1447
1443
1433
1372
1353
1345
1297
1264
1257
1253
1246
1237
1229
1219
1210
1202
1200
1193
1180
1147
1141
1140
1134
1123
1102
1094
1080
1066
1063
1058
1055
997
939
935
933
891
882
863
860
845
844
837
817
760
691
683
621
609
605
569
565
560
546
536
534
515
504
497
485
456
442
420
393
376
280
245
234
230
190
174
173
169
112
35
19
6
k
