6
11
16
17
54
61
69
84
86
91
114
124
129
169
208
219
223
261
275
280
283
298
336
346
354
377
400
429
458
484
495
499
506
515
533
542
547
549
573
585
628
676
703
733
744
752
764
772
795
804
825
833
835
851
859
905
921
930
954
959
989
998
1008
1020
1024
1027
1032
1037
1044
1058
1062
1069
1071
1106
1136
1137
1152
1193
1202
1220
1238
1243
1244
1246
1254
1265
1268
1277
1279
1292
1295
1319
1334
1349
1350
1388
1430
1449
1464
1505
1524
1543
1553
1557
1576
1579
1612
1625
1666
1670
1683
1693
1715
1719
1736
1745
1753
1761
1762
1775
1786
1836
1843
1868
1897
1917
1956
1963
1982
2002
2029
2048
2100
2172
2241
2244
2264
2273
2293
2313
2326
2338
2354
2358
2397
2413
2443
2469
2473
2478
2485
2497
2516
2518
2547
2558
2573
2613
2629
2630
2638
2639
2675
2695
2715
2720
2729
2742
2754
2777
2782
2793
2817
2824
2830
2833
2846
2853
2869
2912
2999
3018
3032
3057
3071
3104
3118
3145
3147
3184
3209
3219
3248
3266
3267
3283
3286
3290
3294
3303
3310
3315
3342
3386
3403
3408
3476
3493
3536
3537
3576
3583
3588
3603
3662
3670
3685
3712
3746
3766
3803
3829
3830
3838
3842
3885
3892
3894
3905
3913
3965
3971
3973
4005
4071
4079
4105
4106
4145
4158
4162
4187
4190
4197
4219
4246
4249
4282
4301
4313
4328
4331
4354
4364
4395
4396
4403
4412
4419
4437
4439
4449
4456
4478
4494
4507
4549
4569
4640
4645
4665
4682
4689
4720
4751
4774
4807
4816
4824
4830
4845
4848
4854
4873
4889
4899
4900
4928
4972
4988
4992
4997
5049
5079
5086
5100
5110
5169
5175
5191
5200
5224
5258
5283
5290
5336
5353
5369
5378
5391
5392
5414
5423
5451
5467
5474
5483
5502
5503
5519
5544
5550
5579
5603
5630
5641
5702
5719
5733
5745
5779
5791
5818
5823
5829
5834
5868
5903
5959
5975
5982
5994
5996
5999
6026
6027
6028
6060
6063
6079
6111
6121
6126
6130
6137
6174
6196
6204
6205
6238
6301
6307
6320
6333
6400
6428
6440
6492
6538
6671
6675
6690
6696
6700
6706
6719
6754
6823
6825
6836
6866
6888
6943
6982
7023
7024
7065
7068
7086
7106
7129
7146
7168
7208
7209
7226
7242
7257
7277
7327
7374
7420
7470
7535
7537
7553
7599
7616
7636
7656
7665
7716
7717
7727
7749
7777
7791
7811
7820
7824
7871
7875
7891
7913
7917
7933
7939
7944
7947
7948
7952
7983
8074
8078
8079
8091
8096
8104
8173
8215
8228
8244
8303
8312
8322
8341
8349
8369
8384
8400
8443
8448
8481
8496
8497
8527
8528
8543
8564
8609
8610
8643
8650
8680
8687
8710
8711
8716
8754
8788
8794
8821
8824
8849
8862
8877
8918
8925
8939
8955
9011
9047
9051
9058
9059
9082
9108
9112
9128
9141
9143
9155
9213
9227
9262
9298
9309
9326
9346
9348
9351
9359
9362
9453
9475
9489
9508
9517
9525
9527
9572
9573
9604
9636
9660
9671
9710
9759
9810
9815
9822
9823
9842
9880
9928
9951
9973
9999
10001
10005
10029
10051
10059
10066
10084
10112
10130
10139
10142
10178
10241
10249
10282
10319
10320
10340
10347
10351
10354
10365
10417
10425
10486
10493
10535
10546
10560
10579
10606
10616
10622
10632
10705
10736
10747
10758
10844
10866
10868
10870
10915
10951
10964
10968
10973
11009
11023
11039
11055
11062
11075
11117
11141
11168
11199
11204
11335
11352
11385
11400
11436
11458
11473
11500
11503
11511
11543
11556
11577
11616
11621
11623
11642
11646
11661
11668
11701
11743
11762
11778
11793
11808
11832
11837
11902
11933
11937
11938
11997
12007
12016
12024
12056
12095
12160
12167
12216
12224
12230
12231
12261
12277
12298
12304
12314
12316
12331
12337
12352
12368
12411
12419
12425
12427
12447
12491
12515
12583
12638
12641
12647
12677
12691
12697
12729
12735
12779
12822
12828
12852
12860
12886
12916
12986
12994
13004
13020
13063
13066
13068
13096
13099
13102
13110
13122
13124
13157
13163
13189
13207
13210
13225
13263
13294
13309
13315
13322
13333
13334
13341
13352
13358
13360
13364
13365
13389
13429
13447
13455
13498
13499
13543
13545
13555
13575
13586
13590
13593
13628
13648
13752
13768
13793
13794
13798
13808
13830
13838
13862
13881
13903
13920
13938
13976
13990
14054
14080
14112
14130
14142
14152
14159
14162
14166
14172
14206
14270
14282
14374
14389
14431
14448
14473
14484
14494
14515
14522
14525
14561
14563
14585
14657
14665
14685
14711
14716
14780
14783
14802
14865
14871
14902
14905
14925
14941
14976
14992
14999
15000
15003
15035
15084
15130
15138
15144
15171
15181
15195
15262
15322
15327
15342
15362
15435
15451
15465
15470
15475
15480
15590
15607
15613
15624
15631
15635
15646
15659
15695
15709
15722
15733
15756
15791
15823
15830
15849
15888
15889
15905
15914
15953
15984
15991
16041
16046
16102
16108
16110
16128
16137
16145
16152
16155
16160
16161
16205
16249
16282
16300
16302
16304
16339
16342
16346
16363
16370
16394
16416
16424
16447
16451
16464
16523
16530
16546
16549
16553
16583
16594
16595
16601
16609
16632
16635
16648
16674
16746
16768
16772
16779
16815
16833
16835
16841
16842
16897
16901
16908
16923
16928
16943
16977
16984
17025
17030
17085
17090
17091
17098
17102
17131
17139
17148
17156
17174
17177
17187
17194
17256
17291
17294
17304
17314
17321
17330
17377
17380
17387
17438
17441
17454
17485
17498
17513
17543
17547
17548
17570
17641
17660
17677
17750
17765
17775
17797
17800
17804
17821
17829
17830
17843
17866
17871
17873
17882
17885
17909
17960
17975
17976
17981
17983
18015
18067
18072
18074
18083
18104
18119
18143
18157
18163
18174
18186
18198
18255
18356
18368
18441
18461
18474
18521
18530
18571
18655
18700
18705
18709
18721
18752
18803
18833
18839
18845
18870
18888
18900
18921
18931
18939
18941
18961
18964
18998
19001
19059
19069
19071
19098
19111
19132
19138
19193
19202
19208
19209
19213
19243
19263
19270
19300
19305
19309
19348
19354
19369
19384
19403
19416
19424
19430
19443
19460
19472
19478
19512
19524
19536
19548
19576
19596
19658
19660
19686
19709
19725
19777
19795
19803
19816
19823
19858
19862
19918
19939
19943
19962
19969
20029
20062
20091
20092
20096
20105
20116
20149
20164
20287
20294
20327
20338
20346
20352
20357
20385
20413
20437
20446
20475
20479
20536
20559
20560
20574
20575
20580
20581
20588
20601
20628
20646
20648
20649
20672
20694
20720
20755
20779
20794
20798
20809
20854
20872
20881
20935
20965
20983
21022
21052
21086
21096
21118
21149
21161
21186
21227
21255
21258
21275
21321
21334
21337
21342
21361
21378
21398
21419
21435
21463
21487
21498
21535
21559
21561
21586
21589
21594
21609
21612
21626
21642
21644
21677
21684
21698
21746
21780
21782
21794
21798
21800
21815
21818
21822
21823
21826
21862
21900
21912
21922
21950
21967
21970
21977
21988
22007
22029
22031
22038
22052
22053
22088
22110
22117
22136
22163
22181
22214
22223
22242
22255
22316
22345
22379
22380
22410
22411
22428
22468
22535
22536
22607
22622
22631
22687
22714
22717
22734
22746
22749
22751
22777
22801
22837
22905
22938
22982
23005
23031
23073
23084
23103
23106
23107
23117
23125
23134
23155
23185
23187
23220
23235
23251
23269
23285
23287
23289
23324
23340
23347
23354
23360
23414
23447
23462
23463
23479
23493
23499
23524
23525
23545
23555
23612
23616
23639
23669
23751
23785
23791
23813
23852
23865
23896
23966
23971
23973
24002
24006
24019
24033
24094
24114
24129
24131
24136
24172
24205
24248
24249
24326
24348
24417
24442
24476
24495
24519
24571
24598
24599
24622
24631
24706
24715
24735
24736
24749
24754
24782
24861
24899
24922
24925
24930
24948
24981
24990
25002
25008
25060
25068
25111
25130
25131
25134
25139
25150
25166
25229
25231
25290
25352
25362
25369
25379
25384
25402
25441
25453
25461
25497
25513
25518
25533
25573
25577
25578
25594
25615
25619
25661
25676
25677
25686
25703
25739
25740
25750
25752
25781
25785
25851
25852
25863
25952
25987
26030
26046
26054
26063
26163
26229
26234
26276
26282
26319
26320
26397
26482
26506
26508
26509
26538
26566
26574
26601
26629
26636
26642
26726
26731
26736
26765
26801
26837
26844
26856
26859
26861
26879
26881
26882
26883
26988
27018
27029
27041
27076
27082
27097
27103
27116
27118
27136
27163
27165
27213
27226
27295
27323
27336
27347
27351
27380
27390
27407
27409
27411
27415
27423
27446
27474
27537
27543
27558
27630
27639
27640
27642
27677
27690
27691
27699
27702
27708
27771
27785
27796
27797
27799
27825
27833
27851
27881
27930
27945
27962
27965
28017
28048
28051
28081
28155
28177
28189
28193
28196
28200
28215
28232
28241
28278
28305
28316
28338
28354
28360
28388
28398
28399
28447
28562
28612
28649
28661
28675
28701
28712
28746
28762
28793
28797
28799
28848
28902
28906
28934
28954
28976
28985
29022
29054
29108
29122
29136
29145
29149
29155
29180
29226
29264
29271
29278
29299
29307
29324
29326
29395
29407
29422
29424
29426
29539
29572
29584
29600
29603
29630
29656
29659
29665
29678
29734
29740
29746
29755
29759
29784
29793
29794
29826
29855
29857
29890
29915
29975
29985
30027
30028
30030
30080
30110
30118
30161
30189
30221
30256
30285
30290
30303
30339
30346
30364
30390
30421
30462
30470
30504
30570
30582
30592
30598
30607
30611
30626
30644
30676
30683
30686
30713
30723
30753
30766
30768
30771
30833
30839
30873
30881
30920
30927
30972
30999
31010
31021
31025
31072
31112
31113
31114
31145
31160
31164
31178
31215
31227
31259
31273
31293
31345
31370
31379
31380
31396
31400
31433
31470
31521
31533
31568
31573
31575
31581
31603
31709
31741
31753
31765
31808
31833
31888
31890
31894
31898
31902
31916
31924
31926
32051
32055
32059
32065
32067
32077
32097
32112
32123
32131
32156
32176
32238
32251
32255
32260
32264
32267
32271
32286
32311
32315
32322
32375
32382
32393
32397
32402
32410
32441
32457
32466
32467
32499
32531
32535
32565
32626
32633
32657
32663
32692
32704
32728
32745
32755
32794
32856
32862
32871
32885
32892
32928
32951
32957
32965
32966
32971
32973
32975
32999
33006
33027
33034
33037
33047
33056
33094
33095
33097
33108
33116
33117
33145
33175
33193
33208
33218
33232
33252
33295
33296
33303
33305
33323
33341
33345
33348
33357
33362
33390
33410
33444
33454
33514
33533
33542
33560
33587
33593
33621
33675
33706
33762
33783
33804
33832
33866
33911
33965
33976
33979
34002
34014
34108
34161
34175
34186
34222
34235
34244
34245
34259
34284
34311
34317
34318
34320
34332
34339
34359
34391
34439
34450
34456
34543
34581
34596
34634
34652
34655
34664
34684
34723
34739
34753
34764
34765
34771
34793
34806
34817
34825
34833
34836
34852
34859
34861
34888
34919
34930
34950
34953
34963
34976
34977
34986
34987
34998
35017
35071
35083
35144
35193
35211
35226
35234
35268
35275
35304
35320
35353
35355
35365
35391
35393
35412
35431
35443
35452
35468
35493
35502
35510
35527
35546
35551
35596
35602
35612
35682
35692
35705
35781
35808
35832
35842
35849
35852
35887
35932
35959
35968
35984
36022
36029
36041
36043
36111
36181
36225
36253
36278
36293
36302
36339
36384
36399
36483
36498
36507
36516
36527
36529
36539
36568
36579
36591
36663
36683
36691
36728
36733
36749
36755
36772
36785
36792
36840
36846
36864
36872
36887
36893
36902
36974
36987
37003
37013
37014
37015
37030
37114
37130
37140
37192
37197
37219
37222
37239
37252
37272
37295
37306
37311
37417
37429
37448
37488
37531
37551
37556
37567
37580
37587
37628
37645
37646
37650
37655
37667
37769
37817
37841
37846
37849
37852
37855
37879
37890
37892
37918
37920
37924
37931
37949
37970
37971
38016
38025
38046
38091
38112
38113
38138
38161
38178
38189
38197
38204
38211
38237
38253
38286
38313
38320
38330
38345
38350
38387
38403
38413
38445
38449
38533
38545
38558
38572
38605
38615
38658
38661
38697
38774
38841
38852
38861
38868
38904
38910
38911
38932
38938
38947
38952
38985
39041
39044
39059
39063
39091
39097
39111
39206
39280
39296
39304
39387
39423
39473
39483
39494
39503
39515
39525
39532
39594
39602
39611
39666
39674
39689
39754
39763
39782
39790
39841
39867
39872
39906
39917
39960
39965
39981
39982
39983
39985
39992
39995
40022
40039
40046
40078
40083
40095
40098
40117
40138
40179
40181
40196
40262
40265
40275
40328
40440
40441
40445
40480
40485
40518
40522
40525
40528
40555
40556
40566
40654
40668
40693
40704
40712
40759
40767
40813
40824
40841
40878
40882
40894
40897
40929
40966
40975
41016
41025
41034
41038
41061
41069
41099
41105
41169
41189
41208
41214
41218
41224
41232
41234
41270
41280
41320
41339
41343
41345
41366
41372
41404
41432
41457
41469
41473
41482
41500
41513
41526
41535
41567
41574
41582
41611
41614
41659
41710
41728
41752
41774
41838
41852
41856
41916
41923
41935
41939
41941
41965
41972
41978
41987
42011
42017
42021
42031
42043
42066
42078
42083
42086
42166
42181
42186
42215
42227
42233
42265
42268
42303
42316
42339
42365
42382
42421
42433
42443
42473
42482
42525
42531
42548
42574
42609
42622
42710
42727
42781
42793
42816
42848
42865
42869
42953
42980
42995
43028
43034
43057
43062
43077
43080
43090
43124
43166
43214
43230
43274
43283
43304
43310
43311
43347
43349
43353
43362
43384
43424
43425
43440
43454
43475
43517
43530
43589
43644
43668
43679
43683
43696
43750
43767
43806
43847
43869
43897
43914
43925
43931
43952
43953
43968
43979
43982
44014
44036
44075
44081
44089
44103
44107
44150
44171
44181
44191
44253
44259
44295
44305
44310
44364
44406
44409
44415
44434
44447
44458
44481
44487
44523
44531
44552
44554
44563
44567
44583
44624
44628
44661
44695
44705
44712
44725
44727
44736
44768
44800
44849
44865
44869
44882
44884
44886
44913
44938
44982
44993
44997
45033
45079
45080
45096
45098
45106
45183
45185
45195
45215
45230
45235
45236
45262
45280
45293
45309
45371
45390
45438
45454
45472
45478
45505
45509
45513
45526
45537
45539
45574
45595
45659
45665
45755
45761
45773
45797
45799
45807
45856
45871
45887
45913
45926
45928
45955
45958
45983
46008
46034
46036
46043
46069
46084
46088
46096
46135
46146
46151
46165
46190
46221
46242
46243
46247
46260
46296
46332
46341
46374
46386
46428
46436
46450
46457
46494
46506
46565
46579
46611
46617
46625
46635
46651
46679
46684
46692
46698
46704
46727
46731
46739
46749
46764
46780
46790
46798
46822
46837
46850
46860
46875
46889
46927
46928
46946
47008
47043
47054
47093
47102
47189
47198
47230
47273
47292
47294
47316
47336
47339
47352
47357
47385
47402
47412
47420
47442
47467
47504
47505
47538
47542
47571
47590
47594
47625
47684
47709
47733
47745
47833
47877
47916
47952
47953
47997
48023
48030
48036
48051
48062
48068
48075
48110
48147
48162
48166
48202
48224
48229
48234
48264
48267
48269
48292
48318
48324
48344
48350
48362
48380
48389
48408
48453
48456
48460
48486
48508
48510
48539
48540
48546
48579
48653
48674
48714
48721
48724
48731
48742
48757
48773
48784
48794
48797
48819
48823
48840
48849
48858
48884
48946
48959
48980
48992
48997
49025
49027
49043
49108
49148
49170
49173
49175
49185
49192
49204
49210
49212
49218
49223
49226
49317
49329
49346
49351
49354
49397
49431
49483
49504
49510
49537
49560
49566
49570
49612
49615
49638
49711
49719
49767
49788
49801
49812
49817
49843
49845
49894
49905
49914
49921
49931
49995
50043
50054
50063
50090
50103
50104
50108
50121
50185
50200
50212
50213
50222
50281
50335
50352
50402
50404
50426
50428
50442
50456
50468
50489
50510
50521
50531
50587
50697
50700
50704
50731
50735
50737
50762
50778
50791
50795
50808
50809
50837
50841
50845
50849
50850
50853
50856
50875
50890
50904
50955
50986
50993
51000
51031
51074
51082
51107
51135
51155
51245
51274
51296
51324
51369
51415
51433
51485
51520
51529
51542
51552
51556
51582
51583
51595
51626
51663
51673
51702
51730
51741
51745
51771
51818
51835
51863
51900
51919
51924
51957
51968
51970
52022
52034
52056
52072
52075
52088
52139
52145
52147
52176
52205
52211
52215
52217
52225
52256
52280
52281
52309
52333
52380
52397
52404
52406
52413
52494
52500
52503
52518
52532
52543
52556
52604
52617
52622
52631
52676
52681
52708
52712
52739
52759
52770
52772
52782
52787
52857
52863
52890
52944
52946
52983
53000
53061
53076
53078
53141
53172
53218
53222
53254
53274
53313
53316
53340
53346
53357
53367
53371
53399
53439
53446
53467
53525
53537
53539
53566
53584
53590
53608
53611
53626
53638
53654
53665
53674
53686
53697
53716
53738
53761
53786
53792
53801
53809
53823
53847
53853
53855
53860
53882
53893
53995
54012
54022
54023
54029
54065
54079
54092
54119
54145
54157
54174
54197
54208
54214
54223
54271
54274
54310
54332
54333
54337
54362
54388
54398
54403
54409
54444
54456
54462
54475
54490
54504
54509
54555
54611
54613
54647
54655
54658
54662
54701
54703
54712
54733
54739
54769
54800
54818
54830
54831
54883
54887
54904
54912
54914
54929
54930
54936
54943
54948
54966
54991
55010
55045
55062
55111
55157
55161
55209
55220
55224
55231
55237
55271
55289
55292
55392
55402
55417
55452
55488
55491
55492
55525
55529
55535
55546
55554
55564
55572
55638
55640
55653
55655
55683
55694
55733
55735
55745
55775
55792
55798
55801
55825
55839
55857
55862
55879
55889
55918
55933
55938
55946
55948
55949
55963
55972
55976
55991
56016
56031
56047
56051
56053
56061
56068
56072
56077
56102
56108
56120
56133
56152
56173
56181
56200
56209
56265
56266
56271
56288
56293
56301
56319
56331
56336
56344
56346
56390
56438
56460
56487
56513
56545
56580
56665
56711
56724
56777
56825
56882
56914
56937
56960
57181
57188
57191
57201
57214
57222
57262
57272
57277
57312
57313
57321
57330
57339
57349
57362
57398
57412
57500
57512
57548
57554
57572
57599
57662
57725
57750
57767
57817
57830
57855
57856
57865
57871
57872
57900
57903
57910
57916
57955
57962
57964
58018
58043
58044
58064
58066
58110
58123
58151
58164
58203
58223
58249
58270
58272
58319
58336
58377
58399
58429
58456
58461
58473
58484
58618
58627
58716
58717
58719
58759
58763
58765
58806
58820
58870
58894
58902
58903
58905
58909
58948
58964
58972
58982
59015
59034
59036
59056
59059
59085
59118
59155
59162
59169
59192
59201
59222
59225
59250
59260
59302
59310
59321
59327
59332
59368
59369
59378
59391
59438
59451
59467
59485
59511
59537
59540
59544
59547
59561
59575
59579
59608
59618
59630
59655
59669
59680
59704
59713
59726
59756
59760
59770
59775
59795
59855
59856
59901
59915
59942
59976
60004
60017
60018
60023
60040
60052
60068
60081
60123
60128
60133
60151
60165
60186
60205
60227
60228
60248
60303
60304
60330
60331
60332
60348
60360
60363
60370
60377
60422
60429
60495
60533
60553
60563
60566
60583
60584
60596
60678
60686
60690
60698
60714
60782
60789
60804
60815
60830
60882
60892
60909
60937
60961
60978
60983
60996
61029
61075
61078
61109
61118
61135
61182
61217
61234
61236
61248
61291
61308
61309
61310
61313
61317
61334
61357
61378
61398
61413
61430
61444
61459
61532
61542
61553
61560
61567
61603
61608
61644
61650
61658
61664
61669
61722
61732
61780
61785
61809
61814
61815
61844
61866
61869
61877
61882
61913
61920
61941
61942
61948
61949
61959
61981
61983
62013
62025
62070
62084
62108
62140
62159
62214
62226
62239
62247
62305
62343
62347
62378
62417
62428
62438
62442
62469
62505
62512
62516
62526
62532
62553
62561
62572
62577
62613
62653
62667
62687
62728
62735
62783
62786
62791
62793
62797
62830
62842
62876
62883
62917
62929
62949
62953
62996
63011
63016
63050
63099
63114
63178
63207
63248
63279
63296
63336
63357
63370
63424
63454
63528
63543
63550
63563
63576
63586
63590
63593
63604
63613
63623
63633
63643
63686
63691
63707
63721
63740
63745
63750
63758
63771
63784
63792
63834
63839
63887
63895
63899
63900
63951
63958
64007
64043
64116
64118
64131
64146
64156
64162
64175
64176
64201
64215
64243
64267
64288
64315
64331
64374
64377
64415
64474
64475
64534
64544
64550
64595
64613
64630
64655
64662
64686
64704
64707
64741
64764
64771
64773
64776
64777
64802
64859
64882
64885
64886
64922
64949
64974
64983
65009
65040
65045
65066
65106
65109
65112
65142
65144
65171
65190
65201
65203
65223
65240
65275
65289
65314
65357
65397
65448
65479
65481
65494
65540
65549
65564
65581
65638
65652
65657
65679
65717
65721
65752
65786
65803
65813
65865
65876
65884
65911
65916
65924
65939
65943
65951
65968
65972
65982
65988
66003
66025
66027
66035
66039
66059
66072
66076
66131
66145
66156
66169
66170
66173
66175
66178
66200
66224
66232
66234
66276
66290
66299
66309
66313
66318
66339
66350
66368
66409
66414
66426
66428
66459
66507
66557
66567
66586
66602
66691
66715
66757
66767
66770
66788
66794
66835
66838
66840
66869
66876
66880
66926
66939
66941
66956
66973
66975
66979
66982
67004
67006
67047
67062
67104
67163
67176
67216
67308
67330
67350
67362
67383
67397
67427
67438
67530
67547
67551
67555
67574
67591
67633
67657
67666
67671
67680
67687
67718
67721
67754
67769
67774
67779
67832
67910
67913
67973
67975
67994
68045
68053
68073
68090
68162
68222
68244
68249
68251
68322
68327
68331
68333
68348
68358
68392
68403
68421
68449
68451
68490
68523
68533
68540
68561
68576
68586
68611
68663
68687
68689
68711
68713
68726
68729
68775
68814
68817
68823
68898
68901
68907
68939
68945
68959
68975
68976
68979
68985
69009
69019
69060
69068
69103
69134
69144
69171
69188
69222
69230
69262
69281
69286
69313
69333
69351
69354
69371
69377
69382
69425
69431
69525
69549
69565
69566
69568
69575
69592
69609
69618
69634
69639
69645
69655
69671
69679
69702
69704
69748
69760
69798
69804
69821
69825
69844
69857
69866
69907
69914
69928
69938
69954
69957
69973
70042
70048
70067
70201
70204
70213
70215
70217
70235
70236
70238
70263
70307
70328
70329
70336
70347
70348
70349
70353
70363
70402
70412
70415
70446
70451
70458
70473
70481
70494
70499
70500
70509
70519
70534
70544
70550
70569
70574
70623
70662
70714
70758
70790
70800
70810
70829
70865
70869
70881
70883
70888
70932
70934
70935
70967
70988
70999
71006
71035
71069
71090
71156
71213
71232
71240
71247
71251
71273
71285
71297
71318
71343
71359
71389
71432
71464
71535
71539
71598
71608
71617
71650
71704
71706
71710
71712
71753
71836
71898
71906
71914
71984
72006
72007
72018
72021
72049
72120
72130
72138
72154
72180
72188
72206
72224
72336
72363
72365
72375
72388
72413
72420
72424
72428
72473
72512
72520
72535
72543
72556
72567
72585
72588
72610
72616
72636
72662
72680
72695
72702
72728
72734
72743
72748
72754
72763
72770
72792
72797
72868
72881
72897
72933
72974
72984
72987
73033
73048
73060
73066
73083
73105
73147
73180
73185
73188
73201
73207
73234
73247
73249
73257
73304
73317
73326
73344
73356
73407
73408
73410
73415
73426
73446
73466
73485
73489
73497
73533
73536
73539
73573
73584
73593
73603
73635
73643
73697
73712
73828
73831
73845
73854
73890
73926
73943
73955
73959
73961
74013
74019
74026
74036
74050
74057
74066
74068
74117
74124
74155
74170
74182
74217
74223
74237
74257
74280
74286
74292
74319
74323
74325
74361
74365
74382
74394
74395
74412
74420
74501
74520
74538
74539
74551
74569
74596
74654
74655
74656
74670
74677
74680
74685
74713
74720
74762
74872
74876
74888
74904
74932
74936
74983
74985
75051
75094
75109
75127
75156
75230
75264
75330
75343
75347
75363
75364
75366
75371
75378
75380
75415
75419
75423
75446
75463
75498
75502
75505
75536
75541
75566
75575
75606
75672
75700
75811
75815
75819
75822
75856
75888
75892
75898
75923
75936
75959
75963
75975
75983
75989
76002
76023
76033
76041
76042
76044
76144
76172
76259
76277
76308
76328
76336
76339
76363
76372
76411
76423
76443
76468
76473
76511
76578
76592
76644
76657
76663
76677
76718
76721
76743
76767
76828
76844
76862
76868
76885
76889
76893
76905
76909
76917
76935
76939
76950
76956
76958
76970
76977
76979
76999
77028
77032
77034
77093
77111
77122
77123
77124
77128
77131
77139
77140
77162
77196
77211
77259
77280
77290
77314
77343
77419
77434
77482
77486
77493
77495
77513
77518
77519
77531
77553
77580
77643
77644
77709
77722
77768
77780
77781
77787
77795
77803
77807
77815
77836
77857
77877
77886
77921
77925
77951
77974
77975
77999
78000
78006
78021
78026
78039
78063
78121
78152
78164
78196
78200
78215
78251
78252
78275
78286
78293
78354
78355
78368
78391
78394
78432
78454
78456
78461
78472
78494
78501
78507
78510
78513
78524
78537
78550
78581
78600
78612
78669
78674
78704
78725
78731
78755
78767
78786
78808
78838
78844
78859
78864
78874
78905
78927
78940
78945
78952
78974
79041
79103
79112
79147
79157
79158
79162
79189
79190
79227
79229
79263
79268
79341
79376
79401
79418
79517
79533
79536
79629
79633
79639
79640
79700
79729
79741
79773
79791
79818
79841
79849
79868
79881
79899
79934
79942
79961
79966
79980
79995
80005
80010
80021
80028
80055
80166
80183
80184
80227
80373
80432
80451
80452
80486
80515
80542
80613
80631
80640
80674
80692
80720
80741
80782
80812
80830
80836
80857
80862
80867
80872
80879
80883
80885
80890
80898
80930
80931
80949
80963
80997
81012
81035
81044
81111
81120
81127
81159
81167
81212
81216
81220
81226
81236
81280
81302
81309
81319
81324
81369
81380
81388
81457
81489
81491
81504
81510
81521
81550
81587
81590
81639
81643
81658
81672
81811
81822
81868
81898
81923
81971
81979
81990
81994
82004
82081
82085
82100
82104
82119
82120
82124
82179
82199
82211
82213
82214
82218
82221
82275
82298
82325
82334
82363
82507
82517
82538
82547
82600
82615
82623
82628
82693
82696
82760
82761
82772
82788
82815
82820
82849
82903
82937
82985
83015
83030
83051
83059
83084
83088
83115
83122
83137
83176
83178
83195
83207
83217
83235
83259
83274
83282
83295
83334
83336
83350
83411
83415
83420
83432
83469
83485
83490
83495
83580
83584
83622
83665
83718
83722
83730
83733
83776
83803
83813
83848
83858
83878
83879
83890
83923
83943
83986
84028
84055
84138
84150
84157
84189
84246
84259
84280
84311
84343
84356
84390
84433
84435
84440
84441
84450
84473
84497
84511
84518
84520
84558
84575
84613
84624
84625
84630
84678
84688
84693
84697
84705
84713
84717
84731
84742
84746
84747
84750
84760
84768
84774
84793
84829
84839
84851
84863
84895
84903
84915
84965
84968
84970
84971
85029
85064
85075
85081
85097
85108
85126
85127
85180
85198
85200
85203
85219
85263
85269
85303
85325
85347
85351
85401
85427
85436
85517
85535
85538
85546
85551
85582
85588
85599
85660
85663
85668
85684
85687
85701
85708
85721
85771
85801
85831
85840
85907
85908
85934
85944
85949
85972
86004
86005
86033
86052
86063
86069
86071
86075
86082
86107
86122
86124
86138
86152
86180
86201
86202
86235
86317
86335
86349
86359
86430
86438
86443
86452
86467
86514
86523
86539
86550
86571
86577
86600
86609
86635
86641
86675
86676
86710
86717
86746
86807
86848
86849
86858
86869
86879
86899
86916
87002
87003
87019
87026
87091
87100
87110
87121
87147
87168
87170
87196
87212
87271
87299
87306
87308
87325
87366
87392
87404
87462
87467
87485
87493
87544
87569
87570
87602
87605
87617
87637
87643
87684
87699
87735
87740
87743
87747
87814
87829
87839
87903
87905
87907
87981
88012
88017
88023
88037
88047
88048
88061
88062
88080
88136
88180
88188
88190
88194
88239
88254
88283
88394
88427
88453
88479
88522
88552
88578
88606
88663
88670
88692
88700
88721
88750
88780
88781
88792
88803
88804
88816
88818
88839
88869
88872
88875
88891
88911
88930
88935
88962
88990
89002
89003
89011
89014
89023
89091
89098
89106
89141
89177
89192
89208
89219
89252
89288
89296
89299
89303
89322
89369
89380
89393
89394
89404
89432
89440
89444
89504
89510
89578
89614
89628
89668
89670
89673
89693
89704
89708
89740
89777
89803
89834
89836
89853
89867
89869
89871
89880
89886
89891
89901
89910
89986
89994
89997
90004
90008
90112
90119
90142
90149
90209
90214
90220
90232
90246
90338
90368
90370
90373
90398
90399
90406
90421
90422
90427
90429
90531
90549
90554
90582
90615
90647
90665
90679
90690
90795
90816
90824
90866
90868
90884
90891
90934
90995
91005
91023
91049
91051
91054
91061
91084
91086
91104
91106
91137
91183
91237
91239
91264
91266
91328
91336
91346
91392
91421
91424
91442
91457
91458
91472
91524
91535
91549
91550
91554
91574
91578
91635
91638
91660
91661
91678
91689
91702
91791
91801
91818
91855
91860
91875
91889
91899
91902
91924
91932
91938
91966
91976
91980
91986
92000
92035
92061
92069
92076
92107
92120
92261
92269
92283
92301
92338
92345
92375
92380
92396
92404
92428
92447
92461
92471
92477
92488
92511
92537
92553
92558
92618
92641
92659
92667
92678
92683
92688
92699
92711
92716
92737
92760
92773
92783
92793
92797
92824
92852
92858
92879
92905
92908
92910
92984
93006
93008
93031
93059
93070
93093
93115
93119
93122
93136
93141
93161
93167
93182
93183
93244
93252
93272
93273
93335
93359
93370
93431
93437
93438
93440
93456
93459
93475
93476
93481
93584
93596
93622
93695
93708
93709
93717
93737
93808
93821
93824
93870
93885
93892
93902
93927
93937
93943
93984
94005
94027
94059
94065
94088
94097
94110
94194
94244
94249
94263
94271
94300
94325
94330
94354
94361
94367
94380
94384
94436
94444
94460
94474
94475
94510
94519
94559
94564
94589
94610
94635
94642
94644
94719
94751
94776
94790
94809
94831
94836
94851
94902
94922
94929
94950
94962
94978
94984
94991
95027
95069
95078
95103
95108
95111
95123
95151
95167
95282
95389
95391
95399
95458
95465
95477
95482
95505
95506
95508
95519
95579
95585
95592
95621
95653
95657
95701
95755
95761
95802
95811
95830
95841
95891
95901
95904
95911
95931
95953
95969
95973
95984
96007
96020
96053
96057
96076
96087
96110
96122
96143
96188
96235
96241
96260
96265
96293
96296
96330
96363
96380
96384
96397
96414
96466
96495
96518
96531
96543
96578
96584
96602
96621
96643
96677
96679
96693
96709
96735
96751
96786
96791
96814
96828
96842
96871
96874
96877
96912
96952
96969
96991
97016
97018
97046
97064
97072
97097
97123
97154
97161
97179
97209
97217
97219
97230
97237
97241
97248
97256
97278
97293
97321
97341
97379
97383
97387
97391
97412
97442
97443
97486
97489
97501
97536
97573
97584
97594
97598
97602
97607
97628
97638
97649
97664
97670
97681
97682
97695
97745
97753
97762
97803
97805
97821
97865
97879
97887
97904
97906
97933
97951
97968
97971
97974
97993
98033
98041
98104
98107
98116
98126
98167
98176
98206
98245
98250
98290
98296
98320
98321
98330
98338
98355
98384
98489
98517
98521
98522
98524
98534
98551
98552
98570
98574
98619
98628
98634
98663
98676
98727
98749
98757
98770
98798
98799
98809
98810
98822
98833
98842
98853
98863
98871
98884
98891
98895
98910
98920
98951
98955
99012
99019
99032
99058
99060
99067
99075
99083
99091
99100
99114
99127
99166
99175
99182
99183
99228
99236
99254
99277
99307
99341
99374
99414
99415
99429
99446
99494
99498
99543
99573
99574
99581
99633
99641
99656
99735
99737
99741
99751
99755
99757
99786
99832
99851
99867
99889
99892
99905
99917
99920
99937
99946
99958
99982
99984
99998
99997
99988
99985
99983
99980
99945
99933
99907
99906
99898
99858
99852
99801
99795
99791
99789
99777
99718
99687
99680
99667
99658
99642
99570
99551
99550
99532
99508
99497
99492
99491
99490
99482
99448
99447
99443
99432
99413
99396
99390
99370
99353
99337
99325
99295
99294
99282
99280
99181
99173
99154
99153
99152
99097
99091
99043
99038
99027
99025
99022
98998
98983
98964
98955
98938
98937
98932
98926
98904
98898
98885
98862
98857
98851
98846
98815
98811
98785
98778
98774
98766
98756
98745
98742
98737
98736
98732
98720
98690
98679
98678
98666
98619
98595
98582
98558
98548
98540
98531
98530
98448
98420
98371
98356
98297
98295
98282
98280
98240
98220
98202
98187
98172
98165
98140
98125
98100
98091
98067
98041
98030
98021
98019
98011
98004
97980
97962
97956
97953
97950
97924
97900
97876
97858
97810
97799
97790
97756
97721
97714
97689
97655
97649
97612
97611
97579
97573
97569
97567
97524
97517
97516
97512
97509
97504
97447
97409
97407
97386
97358
97285
97270
97262
97221
97208
97195
97194
97193
97191
97186
97184
97158
97155
97154
97153
97130
97083
96977
96972
96924
96920
96915
96909
96890
96886
96868
96800
96782
96778
96744
96714
96704
96681
96621
96561
96536
96532
96488
96475
96453
96446
96436
96429
96421
96414
96398
96387
96382
96375
96373
96364
96360
96356
96349
96348
96343
96247
96245
96232
96225
96214
96187
96150
96148
96145
96137
96132
96065
96038
95966
95956
95951
95922
95919
95881
95872
95836
95808
95801
95794
95781
95774
95733
95646
95644
95641
95626
95589
95527
95526
95519
95506
95491
95481
95477
95467
95423
95408
95390
95360
95337
95302
95285
95281
95273
95268
95262
95260
95251
95234
95213
95182
95178
95168
95167
95159
95145
95103
95100
95087
95078
95059
95050
95045
95038
94979
94954
94936
94931
94904
94884
94842
94811
94808
94792
94763
94721
94695
94679
94663
94613
94582
94581
94579
94577
94574
94476
94468
94447
94357
94353
94342
94332
94306
94299
94298
94264
94255
94254
94210
94190
94093
94017
94011
94008
93992
93987
93895
93880
93851
93846
93844
93819
93790
93780
93755
93744
93728
93719
93718
93659
93595
93594
93540
93527
93504
93476
93456
93455
93444
93370
93362
93358
93357
93348
93343
93296
93275
93272
93262
93255
93225
93190
93189
93164
93154
93145
93117
93101
93098
93090
93041
93034
93018
92963
92952
92948
92936
92919
92884
92881
92854
92823
92821
92809
92807
92794
92776
92755
92751
92661
92649
92598
92585
92580
92564
92513
92478
92431
92409
92369
92359
92358
92354
92347
92313
92245
92231
92215
92191
92183
92181
92180
92159
92158
92156
92127
92088
92087
92050
92043
91980
91933
91904
91896
91893
91855
91853
91829
91788
91717
91712
91688
91686
91675
91673
91668
91621
91611
91602
91530
91527
91454
91447
91433
91426
91424
91383
91367
91358
91357
91350
91347
91338
91303
91291
91279
91246
91241
91154
91112
91051
91018
90979
90908
90828
90761
90757
90753
90751
90750
90735
90724
90717
90714
90696
90691
90626
90606
90602
90571
90564
90533
90512
90498
90486
90468
90415
90375
90374
90339
90336
90300
90293
90281
90274
90252
90244
90240
90159
90100
90068
90038
89977
89945
89915
89781
89780
89776
89766
89765
89745
89739
89737
89712
89650
89637
89609
89596
89546
89524
89515
89513
89506
89504
89485
89466
89429
89409
89386
89375
89371
89364
89362
89335
89331
89313
89296
89290
89280
89262
89255
89125
89120
89108
89052
89031
89004
88946
88843
88832
88820
88809
88808
88789
88788
88783
88768
88761
88747
88727
88714
88686
88671
88641
88615
88555
88545
88541
88537
88516
88511
88501
88431
88391
88355
88344
88333
88327
88285
88265
88244
88228
88225
88219
88153
88149
88102
88081
88060
88057
88056
88020
88011
88010
87948
87936
87932
87922
87916
87912
87869
87831
87823
87788
87744
87738
87709
87688
87681
87680
87613
87606
87603
87590
87570
87547
87525
87524
87503
87494
87491
87479
87453
87450
87422
87416
87377
87371
87360
87357
87345
87331
87313
87309
87290
87237
87226
87216
87207
87141
87131
87126
87085
87063
87055
87039
87034
87027
87011
86987
86974
86957
86955
86947
86924
86894
86865
86863
86843
86842
86818
86800
86796
86791
86778
86758
86734
86729
86715
86700
86659
86612
86610
86571
86562
86539
86524
86510
86498
86462
86450
86444
86427
86426
86423
86371
86365
86336
86332
86289
86271
86250
86197
86191
86174
86146
86112
86067
86062
86056
86044
86018
86008
85977
85975
85965
85959
85954
85877
85831
85762
85749
85721
85685
85681
85654
85652
85647
85636
85635
85620
85597
85586
85558
85512
85495
85481
85435
85415
85390
85343
85328
85324
85288
85272
85259
85244
85217
85213
85173
85162
85145
85133
85081
85068
85056
85025
85013
85009
84987
84937
84866
84863
84848
84818
84810
84792
84748
84727
84725
84720
84707
84700
84694
84677
84662
84645
84543
84535
84530
84512
84462
84453
84444
84407
84373
84363
84356
84349
84298
84276
84251
84238
84228
84210
84165
84164
84132
84122
84094
84093
84062
84010
83995
83981
83972
83965
83954
83950
83948
83934
83902
83894
83855
83819
83780
83746
83723
83720
83689
83685
83666
83659
83657
83635
83633
83580
83545
83521
83478
83473
83467
83461
83458
83446
83402
83398
83393
83391
83381
83374
83318
83286
83241
83219
83217
83139
83130
83119
83112
83053
83052
83026
83016
82997
82977
82973
82890
82836
82776
82760
82700
82648
82647
82624
82606
82582
82539
82495
82491
82448
82446
82383
82379
82352
82351
82350
82332
82297
82285
82242
82188
82186
82173
82148
82133
82107
82096
82074
82069
82055
82053
82052
81957
81910
81904
81903
81859
81825
81816
81801
81768
81764
81756
81754
81735
81731
81700
81651
81648
81637
81621
81604
81561
81552
81544
81541
81525
81521
81477
81451
81443
81384
81334
81277
81257
81217
81192
81174
81148
81147
81137
81114
81090
81038
81025
80948
80932
80911
80898
80893
80844
80804
80803
80801
80780
80777
80742
80740
80695
80675
80598
80580
80558
80543
80540
80449
80402
80399
80372
80369
80365
80353
80346
80344
80324
80304
80293
80289
80279
80276
80269
80266
80253
80208
80206
80184
80182
80162
80158
80146
80139
80117
80095
79953
79950
79901
79879
79831
79829
79822
79815
79801
79777
79773
79756
79753
79748
79719
79715
79711
79686
79684
79679
79667
79647
79608
79599
79594
79550
79548
79540
79527
79495
79492
79460
79451
79424
79417
79414
79405
79404
79400
79379
79359
79338
79307
79305
79292
79285
79276
79247
79230
79229
79219
79218
79201
79184
79150
79112
79104
79086
79056
79050
79047
79005
78977
78961
78950
78922
78914
78913
78869
78847
78814
78812
78810
78799
78798
78796
78688
78686
78613
78606
78593
78588
78583
78516
78491
78456
78422
78312
78264
78198
78189
78168
78149
78148
78140
78120
78086
78075
78031
77993
77983
77919
77891
77843
77837
77832
77806
77781
77733
77718
77717
77682
77669
77644
77641
77631
77607
77544
77526
77494
77477
77475
77467
77461
77458
77457
77434
77355
77339
77335
77290
77287
77273
77271
77268
77251
77245
77244
77239
77227
77226
77206
77124
77098
77075
77070
77033
77028
77022
77002
76998
76980
76976
76951
76945
76943
76916
76886
76882
76849
76848
76847
76834
76832
76830
76813
76809
76751
76739
76729
76728
76711
76696
76692
76613
76536
76527
76526
76506
76492
76463
76448
76440
76436
76414
76391
76339
76322
76310
76296
76281
76177
76176
76170
76163
76161
76126
76100
76097
76095
76087
76072
76043
76034
76014
75988
75982
75950
75947
75945
75880
75826
75808
75747
75728
75669
75636
75632
75620
75568
75532
75531
75524
75518
75497
75488
75485
75458
75368
75365
75361
75355
75299
75298
75280
75263
75254
75239
75234
75196
75181
75116
75110
75082
75074
75067
75056
75052
74992
74910
74905
74904
74834
74815
74811
74761
74758
74737
74719
74717
74716
74696
74693
74691
74619
74607
74592
74557
74549
74528
74514
74507
74503
74474
74448
74422
74369
74359
74342
74339
74328
74316
74272
74260
74245
74241
74217
74214
74202
74185
74176
74164
74129
74115
74091
74083
74078
74036
74031
74022
74017
74000
73992
73964
73947
73942
73936
73912
73908
73894
73886
73876
73859
73858
73838
73827
73788
73784
73750
73747
73745
73729
73716
73644
73635
73628
73623
73589
73575
73544
73543
73537
73531
73527
73522
73510
73494
73485
73466
73464
73440
73410
73409
73393
73380
73362
73355
73308
73281
73253
73246
73224
73219
73210
73206
73164
73101
73096
73095
73069
73058
73013
72969
72947
72923
72922
72905
72882
72849
72848
72843
72820
72812
72800
72793
72779
72711
72701
72696
72673
72633
72597
72596
72595
72547
72514
72471
72424
72389
72372
72351
72350
72347
72343
72288
72268
72265
72258
72248
72241
72223
72210
72188
72167
72158
72154
72153
72123
72106
72093
72082
72081
72071
72034
72018
71992
71987
71981
71968
71914
71913
71911
71908
71903
71888
71859
71845
71823
71822
71791
71710
71684
71678
71676
71674
71660
71652
71628
71627
71615
71542
71498
71473
71351
71334
71322
71292
71252
71251
71235
71230
71176
71173
71170
71163
71159
71157
71136
71134
71121
71095
71093
71062
70975
70960
70948
70917
70913
70886
70825
70824
70803
70781
70779
70775
70764
70754
70748
70726
70709
70705
70701
70615
70588
70579
70575
70547
70542
70481
70441
70435
70417
70406
70382
70342
70341
70331
70329
70303
70282
70268
70257
70256
70225
70176
70174
70163
70145
70113
70110
70102
70062
70045
70043
70041
70038
70023
69985
69976
69963
69956
69936
69884
69867
69850
69817
69813
69811
69804
69798
69781
69724
69717
69716
69699
69697
69685
69666
69652
69636
69627
69618
69617
69596
69595
69555
69554
69553
69516
69509
69502
69472
69466
69448
69444
69442
69408
69404
69396
69386
69380
69373
69354
69353
69350
69338
69322
69256
69244
69232
69221
69147
69139
69128
69124
69105
69021
69019
69004
68998
68997
68981
68958
68920
68909
68894
68891
68885
68872
68847
68815
68797
68790
68789
68766
68761
68733
68701
68699
68697
68657
68642
68629
68597
68586
68549
68536
68508
68500
68465
68459
68425
68416
68400
68374
68373
68324
68291
68272
68257
68246
68237
68235
68209
68161
68151
68140
68133
68129
68111
68106
68100
68083
68066
68055
68052
68045
68039
68038
68018
67994
67978
67972
67944
67919
67917
67863
67846
67837
67836
67815
67800
67789
67777
67772
67769
67767
67732
67728
67700
67690
67663
67596
67571
67554
67532
67447
67403
67381
67333
67323
67322
67282
67280
67265
67257
67180
67142
67123
67118
67077
67076
67040
67038
67002
66996
66994
66984
66969
66962
66939
66912
66881
66870
66818
66784
66780
66756
66752
66746
66743
66657
66650
66638
66630
66627
66607
66595
66583
66574
66566
66551
66531
66527
66520
66430
66416
66336
66326
66322
66290
66280
66264
66255
66225
66215
66209
66198
66174
66158
66121
66107
66082
65959
65949
65940
65933
65922
65919
65887
65867
65860
65839
65830
65829
65787
65732
65654
65637
65614
65612
65603
65596
65583
65573
65564
65548
65535
65520
65519
65516
65483
65481
65473
65456
65451
65410
65372
65353
65346
65338
65314
65283
65279
65274
65265
65235
65221
65215
65211
65186
65171
65150
65122
65082
65071
65065
65030
64934
64911
64900
64856
64841
64838
64808
64793
64784
64754
64736
64707
64699
64655
64650
64648
64627
64611
64609
64590
64535
64533
64511
64493
64476
64473
64461
64459
64443
64402
64379
64376
64368
64366
64348
64331
64324
64298
64267
64246
64241
64232
64224
64223
64213
64211
64208
64178
64177
64170
64168
64141
64132
64131
64129
64121
64104
64102
64083
64080
64074
64064
64061
64044
64035
64012
63998
63982
63975
63853
63847
63846
63818
63746
63743
63721
63666
63647
63639
63636
63635
63564
63561
63554
63515
63489
63486
63484
63425
63396
63394
63393
63362
63333
63210
63200
63170
63153
63111
63098
63073
63056
63035
63023
63011
62988
62973
62965
62963
62962
62951
62930
62929
62926
62905
62866
62863
62838
62802
62747
62695
62635
62633
62631
62600
62588
62571
62550
62527
62499
62485
62481
62480
62425
62404
62379
62367
62356
62354
62351
62342
62323
62265
62257
62244
62240
62232
62154
62139
62121
62068
62056
62033
62022
61957
61929
61922
61918
61876
61864
61850
61849
61816
61812
61807
61797
61753
61735
61730
61704
61687
61544
61515
61510
61501
61499
61486
61464
61439
61424
61405
61404
61362
61256
61255
61247
61163
61101
61070
61060
61047
61040
61008
60980
60973
60971
60961
60959
60951
60901
60873
60849
60834
60803
60663
60660
60654
60633
60555
60549
60529
60512
60457
60437
60430
60428
60421
60403
60378
60377
60268
60260
60256
60251
60203
60178
60164
60154
60149
60136
60098
60056
59999
59985
59979
59970
59959
59956
59949
59925
59903
59869
59822
59820
59803
59788
59769
59747
59736
59735
59685
59658
59621
59570
59554
59506
59486
59467
59345
59330
59320
59304
59282
59270
59268
59240
59230
59151
59077
59076
59056
59043
59004
59000
58991
58975
58965
58945
58916
58854
58852
58802
58790
58785
58777
58772
58752
58738
58703
58691
58597
58560
58513
58490
58477
58458
58438
58419
58391
58353
58351
58334
58316
58287
58283
58267
58266
58264
58261
58259
58248
58246
58226
58217
58207
58172
58156
58152
58143
58139
58121
58115
58042
58037
58030
58027
58012
58007
57994
57971
57941
57915
57900
57885
57882
57859
57854
57846
57828
57789
57747
57735
57721
57699
57687
57642
57599
57595
57569
57568
57553
57545
57530
57503
57500
57498
57440
57436
57427
57420
57401
57371
57362
57336
57318
57299
57289
57281
57256
57237
57196
57193
57187
57165
57151
57145
57143
57141
57105
57077
57050
57012
57004
56989
56983
56944
56929
56927
56918
56904
56897
56891
56880
56872
56849
56844
56828
56821
56819
56772
56765
56743
56738
56708
56688
56685
56660
56543
56503
56496
56480
56452
56451
56414
56379
56369
56350
56328
56323
56321
56309
56231
56157
56148
56037
56019
56004
55996
55985
55941
55937
55936
55927
55914
55854
55820
55796
55755
55722
55700
55679
55655
55630
55626
55621
55580
55572
55571
55563
55516
55514
55437
55429
55424
55415
55402
55385
55368
55356
55351
55297
55291
55270
55236
55204
55198
55194
55184
55176
55156
55116
55097
55083
55077
55053
55026
55013
55009
55000
54998
54992
54983
54965
54962
54936
54908
54869
54868
54844
54811
54790
54788
54762
54749
54738
54717
54688
54680
54673
54670
54650
54639
54628
54570
54560
54540
54498
54487
54481
54466
54436
54431
54429
54425
54410
54362
54332
54321
54320
54290
54281
54275
54250
54200
54195
54185
54178
54154
54130
54117
54070
54031
54015
53889
53838
53827
53819
53800
53766
53744
53734
53727
53712
53698
53695
53618
53600
53597
53566
53534
53530
53521
53504
53473
53435
53431
53422
53404
53395
53392
53358
53349
53340
53311
53295
53282
53281
53270
53241
53227
53226
53179
53176
53156
53140
53130
53125
53113
53104
53074
53069
53064
53061
53040
53011
52997
52988
52961
52957
52931
52900
52898
52887
52862
52837
52782
52773
52771
52768
52763
52758
52745
52740
52737
52733
52652
52645
52626
52582
52561
52559
52519
52466
52456
52452
52440
52438
52403
52391
52379
52374
52368
52366
52349
52294
52291
52283
52281
52278
52255
52252
52247
52201
52198
52181
52165
52144
52121
52108
52082
52049
52046
52029
51978
51957
51946
51937
51904
51900
51893
51881
51869
51867
51834
51818
51810
51799
51789
51778
51764
51750
51749
51740
51695
51683
51674
51670
51661
51659
51632
51594
51555
51533
51532
51492
51447
51435
51399
51389
51386
51372
51361
51309
51299
51298
51297
51284
51218
51181
51176
51166
51156
51136
51082
51064
51030
51014
51009
50957
50944
50936
50914
50886
50854
50845
50831
50802
50784
50781
50748
50729
50693
50692
50680
50673
50658
50649
50645
50585
50584
50569
50524
50505
50465
50461
50444
50429
50420
50419
50417
50362
50311
50298
50286
50231
50215
50176
50173
50158
50157
50152
50111
50092
50069
50056
50052
49963
49917
49912
49895
49880
49841
49840
49818
49781
49780
49717
49690
49685
49676
49646
49622
49601
49581
49563
49549
49535
49487
49476
49473
49470
49465
49462
49454
49450
49441
49398
49356
49316
49313
49312
49306
49296
49294
49287
49244
49231
49223
49205
49203
49194
49191
49179
49174
49170
49119
49038
49020
49011
48975
48966
48932
48908
48902
48892
48886
48882
48879
48874
48846
48840
48835
48820
48814
48804
48721
48712
48702
48686
48684
48654
48642
48599
48594
48571
48547
48540
48532
48522
48464
48454
48432
48400
48294
48288
48274
48231
48228
48221
48217
48216
48205
48197
48189
48172
48124
48102
48050
48043
47992
47959
47934
47912
47869
47846
47836
47828
47785
47784
47739
47738
47726
47718
47655
47650
47642
47641
47640
47606
47555
47554
47535
47511
47494
47472
47415
47411
47366
47322
47299
47260
47160
47124
47102
47094
47077
47058
47052
47049
47031
46976
46968
46954
46945
46942
46897
46881
46854
46797
46765
46708
46685
46651
46640
46635
46614
46608
46506
46497
46446
46354
46345
46334
46323
46310
46274
46263
46252
46232
46191
46190
46174
46167
46135
46125
46106
46086
46067
46063
46055
46045
46021
46020
46016
46012
45994
45986
45977
45880
45876
45863
45861
45843
45837
45834
45815
45812
45804
45791
45753
45742
45713
45706
45702
45672
45622
45597
45562
45558
45555
45545
45540
45535
45533
45506
45496
45465
45438
45436
45415
45395
45385
45378
45372
45335
45321
45312
45304
45266
45263
45227
45202
45169
45144
45143
45129
45121
45064
45058
45042
45041
45040
45025
45018
45007
44984
44962
44953
44927
44904
44859
44844
44842
44841
44831
44741
44680
44664
44657
44650
44628
44544
44524
44471
44468
44432
44350
44295
44292
44280
44265
44255
44248
44244
44156
44150
44132
44127
44123
44095
44022
44021
43950
43946
43932
43912
43909
43877
43864
43861
43850
43849
43845
43804
43800
43790
43775
43769
43766
43744
43708
43703
43668
43665
43663
43636
43627
43587
43576
43563
43550
43541
43497
43496
43494
43492
43480
43463
43458
43451
43446
43414
43399
43397
43369
43366
43349
43296
43292
43291
43255
43254
43216
43137
43051
43029
43003
42983
42971
42970
42942
42929
42912
42905
42904
42903
42889
42882
42873
42859
42841
42821
42809
42800
42792
42789
42751
42727
42621
42617
42577
42567
42523
42426
42409
42399
42376
42369
42285
42242
42169
42167
42160
42157
42152
42147
42143
42120
42109
42100
42078
42065
42047
42042
42033
42017
42003
42000
41989
41925
41922
41919
41914
41876
41868
41839
41837
41829
41805
41790
41789
41764
41729
41690
41686
41651
41620
41594
41572
41570
41562
41539
41538
41506
41500
41495
41494
41488
41468
41467
41461
41453
41443
41431
41413
41396
41345
41326
41247
41233
41199
41187
41149
41145
41144
41143
41136
41131
41117
41107
41079
41057
41004
40994
40957
40950
40918
40887
40850
40848
40822
40810
40778
40774
40767
40765
40740
40727
40717
40691
40690
40682
40676
40587
40576
40559
40554
40538
40505
40499
40495
40480
40479
40394
40386
40358
40344
40331
40306
40299
40269
40225
40214
40211
40166
40156
40134
40133
40110
40107
40065
40058
40038
39953
39952
39922
39921
39918
39886
39867
39834
39830
39772
39771
39750
39743
39741
39710
39708
39705
39645
39519
39497
39492
39483
39439
39437
39412
39370
39345
39314
39305
39234
39228
39180
39117
39116
39107
39094
39083
39058
39045
39032
39021
39012
39002
38985
38969
38954
38938
38934
38933
38919
38915
38904
38890
38865
38818
38797
38772
38766
38741
38723
38708
38692
38682
38657
38630
38613
38588
38534
38495
38483
38465
38450
38444
38438
38435
38429
38428
38419
38410
38402
38379
38378
38371
38359
38300
38271
38220
38168
38131
38123
38122
38063
38041
37990
37982
37976
37894
37869
37863
37852
37828
37825
37811
37806
37782
37763
37725
37701
37690
37672
37667
37664
37628
37617
37613
37582
37571
37568
37553
37545
37534
37530
37501
37453
37433
37428
37418
37417
37413
37384
37359
37348
37308
37274
37230
37227
37194
37121
37108
37085
37007
36976
36933
36928
36843
36838
36737
36729
36717
36698
36688
36657
36654
36623
36621
36618
36605
36602
36565
36561
36559
36520
36493
36474
36473
36437
36406
36373
36359
36323
36309
36274
36263
36237
36177
36176
36173
36139
36114
36102
36082
36022
36019
36018
35985
35979
35954
35952
35945
35942
35931
35927
35925
35906
35903
35836
35815
35779
35774
35769
35758
35757
35745
35740
35734
35700
35694
35675
35636
35604
35513
35505
35483
35460
35424
35408
35391
35302
35289
35262
35224
35220
35217
35198
35186
35160
35149
35148
35103
35072
35029
35020
35009
34990
34989
34885
34868
34858
34855
34848
34824
34811
34783
34776
34772
34758
34682
34602
34587
34555
34524
34489
34486
34474
34462
34447
34426
34423
34402
34291
34263
34258
34255
34245
34238
34235
34216
34200
34196
34195
34184
34181
34159
34124
34115
34111
34109
34082
34039
34026
34007
33994
33984
33949
33946
33942
33929
33917
33850
33836
33833
33776
33755
33734
33710
33706
33693
33686
33667
33646
33639
33598
33589
33565
33563
33487
33476
33459
33453
33429
33416
33414
33412
33411
33398
33388
33380
33365
33364
33330
33309
33280
33253
33204
33195
33191
33184
33151
33136
33122
33092
33064
32938
32893
32856
32810
32795
32783
32760
32745
32737
32641
32592
32578
32576
32574
32572
32546
32530
32519
32447
32401
32399
32378
32321
32297
32296
32263
32254
32161
32119
32103
32069
32049
32017
32014
32013
31991
31980
31973
31963
31947
31945
31941
31928
31906
31871
31869
31843
31833
31817
31790
31787
31776
31773
31766
31701
31686
31601
31600
31595
31573
31570
31497
31474
31454
31421
31416
31414
31403
31401
31372
31350
31323
31316
31298
31297
31280
31271
31254
31233
31176
31161
31133
31129
31109
31079
31033
30982
30979
30976
30963
30962
30919
30884
30883
30839
30832
30827
30818
30795
30736
30712
30708
30695
30636
30598
30532
30513
30504
30492
30488
30391
30386
30350
30327
30323
30313
30312
30265
30253
30244
30183
30178
30173
30157
30107
30097
30078
30066
30059
30058
30024
29981
29973
29971
29942
29934
29932
29914
29888
29886
29883
29864
29840
29809
29767
29765
29718
29643
29604
29577
29573
29571
29570
29566
29552
29551
29500
29480
29469
29460
29448
29442
29414
29407
29380
29378
29330
29326
29302
29299
29296
29266
29225
29195
29187
29158
29150
29146
29133
29126
29120
29098
29059
29020
28935
28915
28912
28905
28899
28895
28865
28864
28860
28845
28840
28794
28740
28735
28731
28715
28713
28709
28680
28676
28674
28658
28654
28638
28632
28611
28595
28537
28536
28532
28529
28523
28503
28496
28470
28458
28391
28384
28376
28363
28342
28340
28332
28319
28302
28291
28287
28264
28248
28232
28225
28221
28218
28212
28201
28199
28196
28180
28178
28174
28155
28147
28132
28131
28126
28123
28093
28086
28046
28045
27972
27964
27938
27935
27922
27916
27888
27869
27828
27827
27817
27779
27778
27770
27760
27747
27723
27708
27703
27677
27577
27575
27544
27519
27452
27414
27388
27383
27381
27378
27374
27348
27336
27320
27308
27302
27268
27242
27228
27203
27192
27187
27165
27157
27139
27138
27131
27127
27099
27092
27068
27067
26969
26963
26944
26928
26901
26891
26877
26871
26863
26833
26813
26789
26761
26759
26744
26731
26724
26689
26684
26670
26664
26607
26510
26498
26494
26457
26430
26383
26380
26342
26327
26309
26307
26303
26291
26261
26224
26210
26192
26170
26154
26144
26095
26036
26032
26003
25954
25933
25932
25923
25920
25891
25889
25883
25882
25879
25858
25842
25840
25793
25787
25786
25765
25757
25733
25708
25705
25696
25681
25679
25670
25659
25653
25650
25604
25589
25506
25493
25483
25458
25449
25396
25395
25378
25376
25342
25336
25315
25238
25231
25220
25195
25192
25186
25131
25098
25093
24990
24936
24915
24899
24861
24829
24792
24785
24778
24774
24758
24743
24736
24712
24702
24699
24687
24684
24678
24674
24673
24669
24667
24666
24658
24640
24625
24569
24551
24529
24508
24505
24500
24499
24478
24444
24418
24383
24370
24363
24362
24341
24312
24306
24294
24269
24249
24238
24225
24223
24222
24220
24207
24199
24193
24185
24181
24171
24146
24136
24135
24096
24080
24075
24057
24046
24036
24014
24002
23997
23978
23976
23946
23932
23916
23909
23891
23874
23862
23843
23799
23792
23788
23780
23748
23728
23725
23708
23706
23625
23609
23608
23570
23555
23547
23545
23537
23525
23523
23502
23482
23435
23419
23413
23411
23405
23356
23342
23321
23318
23304
23270
23242
23240
23230
23192
23189
23182
23177
23167
23165
23140
23131
23082
23066
23033
23017
23013
23006
22939
22934
22918
22875
22865
22835
22808
22806
22737
22718
22697
22693
22654
22650
22538
22537
22526
22507
22506
22484
22483
22460
22456
22451
22391
22382
22332
22307
22291
22290
22277
22246
22237
22206
22194
22184
22084
22049
21996
21971
21970
21965
21927
21922
21904
21900
21897
21891
21862
21847
21785
21770
21766
21743
21726
21718
21716
21714
21708
21659
21650
21646
21643
21618
21614
21601
21599
21577
21576
21559
21544
21530
21529
21518
21500
21490
21485
21471
21456
21454
21426
21421
21400
21360
21352
21277
21275
21231
21201
21198
21185
21144
21137
21117
21086
21080
21045
21026
21020
20961
20914
20887
20885
20857
20855
20839
20829
20814
20803
20769
20762
20759
20741
20735
20689
20688
20668
20645
20633
20597
20596
20577
20560
20557
20491
20466
20459
20375
20370
20369
20327
20290
20277
20249
20243
20236
20233
20225
20219
20170
20162
20131
20111
20098
20094
20063
20022
20015
19992
19977
19962
19948
19943
19907
19857
19824
19812
19801
19800
19779
19757
19751
19742
19734
19725
19698
19682
19676
19657
19649
19623
19611
19577
19531
19518
19415
19400
19385
19383
19376
19375
19372
19369
19363
19346
19322
19275
19246
19234
19160
19138
19102
19085
19084
19038
19028
19002
18987
18962
18954
18923
18887
18879
18872
18863
18849
18836
18822
18754
18744
18680
18657
18648
18629
18618
18602
18600
18599
18592
18550
18539
18532
18514
18449
18410
18321
18320
18319
18279
18277
18275
18255
18215
18196
18181
18173
18124
18099
18086
18026
18023
18007
18006
17991
17946
17941
17940
17933
17922
17919
17915
17914
17911
17904
17899
17886
17843
17836
17833
17830
17827
17815
17811
17772
17753
17751
17744
17726
17704
17663
17646
17640
17639
17624
17616
17543
17530
17527
17520
17455
17418
17417
17394
17391
17373
17280
17263
17260
17258
17234
17221
17218
17201
17176
17138
17133
17132
17122
17033
17004
16983
16980
16953
16952
16920
16913
16904
16893
16858
16845
16826
16807
16781
16743
16740
16722
16717
16715
16706
16655
16626
16610
16521
16509
16492
16489
16407
16397
16375
16359
16321
16317
16269
16243
16239
16236
16221
16165
16161
16126
16105
16093
16089
16079
16067
16058
16041
16006
16001
15992
15974
15972
15905
15894
15822
15818
15786
15757
15734
15692
15670
15653
15640
15637
15606
15576
15567
15550
15487
15476
15448
15434
15388
15344
15330
15322
15293
15274
15252
15246
15245
15227
15219
15190
15185
15149
15127
15126
15100
15080
15059
15054
15033
15013
14971
14917
14914
14906
14882
14875
14872
14861
14840
14832
14792
14770
14745
14743
14728
14710
14708
14694
14683
14642
14638
14623
14604
14602
14583
14580
14549
14545
14531
14510
14498
14490
14475
14474
14409
14310
14298
14275
14214
14208
14196
14191
14187
14140
14101
14082
14063
13988
13987
13982
13970
13958
13925
13910
13909
13871
13850
13818
13816
13815
13813
13788
13779
13765
13751
13729
13722
13711
13698
13687
13680
13678
13677
13655
13624
13599
13556
13555
13518
13517
13473
13462
13446
13431
13418
13412
13392
13368
13367
13366
13315
13305
13287
13278
13258
13254
13109
13098
13087
13080
13034
13007
12972
12905
12831
12805
12804
12777
12757
12703
12699
12692
12691
12680
12673
12665
12622
12551
12524
12504
12498
12487
12445
12406
12387
12386
12367
12349
12321
12294
12291
12265
12237
12160
12154
12120
12096
12087
12074
12068
12052
12013
11996
11981
11954
11898
11865
11862
11861
11851
11847
11844
11810
11805
11798
11753
11749
11668
11652
11593
11580
11535
11491
11487
11478
11443
11439
11425
11394
11386
11375
11351
11316
11303
11239
11235
11211
11165
11147
11138
11112
11109
11087
11080
11038
11022
11016
11014
10993
10990
10952
10916
10884
10848
10842
10840
10838
10816
10795
10756
10752
10750
10736
10733
10731
10724
10716
10714
10710
10699
10673
10600
10587
10555
10521
10491
10451
10443
10397
10393
10365
10358
10347
10321
10319
10304
10291
10278
10258
10256
10245
10233
10185
10146
10131
10074
10061
10039
10026
10023
9999
9998
9962
9959
9957
9948
9893
9846
9809
9772
9684
9675
9652
9625
9623
9556
9549
9509
9507
9485
9484
9443
9438
9432
9401
9398
9379
9378
9360
9289
9267
9132
9131
9111
9090
9046
9012
8969
8946
8917
8831
8799
8795
8794
8780
8773
8768
8761
8740
8736
8713
8679
8676
8675
8652
8649
8639
8617
8613
8568
8544
8540
8531
8526
8469
8425
8424
8401
8390
8372
8369
8362
8284
8235
8217
8197
8183
8161
8156
8143
8141
8128
8126
8087
8055
8044
8027
8021
8017
7929
7927
7891
7863
7843
7839
7826
7824
7812
7803
7785
7770
7753
7749
7740
7736
7687
7684
7643
7630
7609
7606
7604
7592
7553
7550
7526
7480
7448
7394
7380
7358
7311
7247
7226
7198
7187
7180
7173
7170
7166
7151
7100
7085
7067
7046
7041
7040
7001
6975
6912
6907
6818
6802
6782
6769
6764
6750
6698
6682
6636
6609
6586
6563
6522
6465
6457
6423
6410
6408
6382
6379
6373
6336
6327
6260
6250
6237
6225
6218
6201
6169
6160
6126
6120
6090
6073
6062
6036
6020
5991
5963
5933
5915
5898
5857
5842
5793
5781
5773
5769
5763
5756
5739
5713
5640
5633
5552
5545
5509
5466
5437
5433
5432
5426
5413
5411
5405
5391
5376
5348
5340
5334
5312
5281
5267
5265
5258
5243
5224
5207
5183
5096
5089
5048
4981
4965
4953
4902
4900
4899
4884
4877
4874
4842
4837
4820
4801
4751
4736
4723
4701
4700
4699
4687
4658
4657
4654
4629
4610
4602
4560
4552
4503
4483
4430
4429
4377
4355
4320
4289
4279
4215
4177
4151
4134
4125
4082
4074
4069
4048
4034
4029
4005
3985
3979
3941
3883
3796
3794
3761
3740
3711
3674
3663
3661
3639
3632
3626
3621
3581
3570
3513
3500
3459
3456
3432
3428
3404
3399
3378
3363
3355
3354
3347
3311
3289
3283
3280
3241
3235
3204
3186
3169
3161
3127
3117
3113
3101
3068
3066
3058
3055
3030
3029
3026
3024
3019
3002
2964
2949
2943
2939
2931
2919
2911
2890
2889
2871
2858
2837
2803
2798
2763
2742
2727
2717
2710
2708
2639
2638
2631
2625
2616
2608
2597
2595
2589
2585
2575
2563
2536
2514
2502
2496
2478
2454
2453
2446
2374
2367
2358
2335
2330
2322
2316
2306
2294
2286
2258
2242
2216
2213
2195
2169
2109
2086
2081
2080
2065
2051
2020
1999
1992
1987
1977
1968
1966
1919
1917
1884
1867
1864
1835
1781
1733
1715
1700
1678
1675
1659
1653
1648
1634
1615
1613
1597
1590
1589
1584
1563
1556
1550
1539
1514
1494
1490
1481
1459
1454
1446
1426
1391
1377
1363
1362
1357
1353
1290
1283
1276
1256
1226
1216
1214
1175
1173
1159
1149
1129
1078
1059
1021
994
948
912
884
836
825
813
792
756
704
692
680
674
653
639
618
588
547
510
501
485
481
459
457
431
417
412
396
311
283
278
269
234
217
194
141
110
89
59
50
49
17
14
13
k
