15
43
51
52
55
102
133
141
212
214
230
241
245
257
258
272
294
296
312
337
346
349
352
371
380
407
484
487
494
532
540
570
577
595
650
662
681
702
705
707
839
862
900
904
931
944
975
1000
1025
1035
1067
1094
1100
1108
1174
1186
1203
1208
1226
1250
1288
1322
1325
1335
1427
1484
1486
1493
1497
1526
1535
1548
1557
1560
1575
1602
1625
1628
1641
1644
1647
1648
1693
1705
1710
1715
1724
1761
1763
1766
1798
1811
1812
1814
1835
1887
1897
1922
1931
1942
1967
1969
1982
2065
2074
2128
2195
2198
2199
2202
2211
2215
2216
2225
2270
2331
2351
2363
2375
2399
2489
2590
2595
2618
2620
2627
2632
2635
2646
2686
2733
2784
2813
2825
2839
2871
2903
2908
2921
2930
2943
2959
2964
2971
3031
3040
3062
3098
3106
3117
3126
3147
3177
3220
3263
3295
3297
3302
3313
3316
3323
3333
3368
3389
3417
3453
3471
3493
3507
3540
3560
3563
3579
3580
3595
3621
3637
3671
3685
3715
3726
3747
3819
3823
3839
3852
3866
3871
3878
3903
3938
4017
4021
4030
4060
4110
4146
4189
4198
4207
4213
4245
4259
4266
4272
4294
4307
4318
4332
4341
4344
4355
4360
4368
4377
4388
4391
4410
4415
4417
4464
4543
4562
4585
4587
4604
4606
4607
4623
4661
4666
4687
4699
4718
4729
4839
4846
4997
5006
5024
5028
5034
5042
5045
5064
5073
5092
5096
5171
5191
5223
5264
5302
5315
5325
5367
5385
5478
5496
5507
5519
5528
5532
5585
5610
5632
5646
5649
5725
5729
5730
5757
5759
5786
5796
5815
5821
5837
5842
5844
5853
5868
5892
5905
5931
5941
5949
5967
5977
5992
5994
5995
5999
6003
6033
6064
6075
6118
6171
6176
6183
6220
6221
6229
6231
6241
6242
6256
6292
6308
6325
6331
6346
6355
6439
6449
6468
6523
6532
6535
6564
6634
6658
6671
6683
6717
6756
6784
6796
6803
6819
6821
6861
6863
6864
6872
6890
6899
6900
6911
6938
6957
6984
6988
6995
7001
7041
7087
7100
7136
7143
7154
7159
7170
7193
7194
7228
7242
7256
7288
7295
7299
7319
7366
7373
7390
7398
7401
7414
7415
7430
7441
7442
7445
7450
7454
7505
7543
7573
7598
7617
7620
7634
7695
7699
7725
7816
7855
7864
7878
7904
7930
7946
7952
7973
7998
8002
8003
8007
8079
8090
8130
8141
8174
8178
8191
8195
8197
8244
8261
8295
8322
8324
8338
8385
8406
8409
8419
8432
8447
8456
8521
8524
8528
8556
8601
8614
8616
8704
8727
8729
8763
8793
8794
8820
8848
8895
8913
8925
8950
8960
8968
8973
9018
9025
9106
9107
9110
9119
9178
9198
9204
9212
9218
9273
9278
9288
9290
9314
9320
9323
9348
9373
9390
9437
9447
9473
9480
9485
9505
9516
9517
9521
9542
9608
9628
9683
9703
9718
9743
9763
9773
9797
9808
9823
9848
9869
9876
9897
9952
9953
10010
10024
10033
10051
10058
10069
10084
10096
10117
10157
10161
10162
10208
10236
10242
10262
10306
10365
10380
10402
10420
10446
10453
10472
10498
10532
10567
10580
10585
10595
10599
10616
10620
10632
10638
10663
10707
10781
10782
10798
10814
10834
10844
10921
10976
10980
11012
11013
11079
11080
11123
11131
11141
11160
11170
11180
11186
11197
11207
11245
11270
11274
11296
11316
11323
11386
11423
11439
11479
11481
11482
11506
11543
11544
11559
11573
11585
11588
11626
11672
11674
11678
11686
11741
11756
11773
11783
11840
11849
11891
11955
11980
12042
12062
12067
12133
12134
12136
12158
12167
12168
12236
12271
12275
12298
12355
12383
12390
12397
12422
12426
12441
12524
12535
12539
12617
12624
12671
12679
12718
12728
12786
12790
12793
12816
12820
12848
12850
12892
12905
12910
12917
12944
12946
12947
13011
13024
13029
13043
13075
13081
13084
13085
13093
13105
13127
13144
13156
13192
13193
13210
13218
13236
13248
13259
13262
13263
13272
13289
13302
13319
13332
13342
13369
13377
13378
13405
13409
13422
13434
13438
13471
13484
13505
13548
13569
13605
13661
13677
13678
13720
13730
13733
13740
13755
13768
13808
13823
13825
13827
13844
13880
13885
13887
13888
13901
13904
13920
13935
13940
13944
13963
13974
13988
14023
14042
14050
14078
14093
14116
14144
14178
14204
14205
14208
14209
14224
14236
14259
14264
14294
14298
14350
14404
14421
14454
14507
14512
14515
14531
14536
14549
14581
14633
14635
14652
14684
14702
14726
14734
14755
14853
14859
14860
14863
14869
14885
14886
14923
14997
15005
15011
15055
15065
15076
15099
15121
15145
15159
15164
15169
15248
15256
15271
15299
15316
15320
15331
15332
15362
15364
15369
15381
15402
15415
15417
15418
15436
15444
15458
15492
15554
15558
15580
15592
15610
15645
15665
15715
15753
15782
15831
15842
15844
15866
15905
15925
15941
15956
15990
15994
16028
16072
16113
16204
16228
16258
16285
16297
16319
16354
16397
16439
16446
16452
16464
16474
16495
16505
16514
16545
16552
16556
16560
16563
16590
16626
16629
16645
16651
16665
16672
16690
16697
16710
16722
16753
16765
16767
16773
16785
16803
16862
16873
16876
16896
16900
16902
16925
16932
16942
16977
16986
16990
16992
17050
17059
17064
17068
17088
17115
17183
17202
17220
17237
17261
17326
17332
17339
17387
17428
17435
17438
17440
17469
17504
17527
17549
17567
17570
17582
17601
17618
17636
17669
17692
17720
17723
17744
17756
17758
17765
17773
17804
17847
17880
17889
17916
17973
17987
17994
18050
18052
18053
18087
18092
18121
18129
18171
18182
18250
18283
18296
18298
18320
18333
18335
18347
18353
18392
18395
18431
18487
18497
18510
18523
18549
18600
18604
18650
18657
18674
18691
18698
18730
18746
18769
18774
18783
18861
18869
18888
18920
18958
18969
18970
18977
19010
19031
19059
19079
19106
19109
19125
19128
19142
19157
19185
19196
19252
19292
19342
19350
19368
19413
19436
19498
19515
19558
19617
19682
19734
19741
19749
19786
19788
19802
19827
19877
19878
19921
19922
19944
19986
20020
20062
20064
20077
20182
20184
20191
20197
20209
20212
20235
20241
20248
20287
20297
20313
20319
20340
20361
20400
20429
20459
20464
20466
20565
20596
20604
20608
20637
20638
20698
20721
20739
20757
20767
20772
20777
20782
20804
20808
20810
20841
20842
20854
20871
20876
20889
20891
20896
20926
20940
20968
20986
20995
21066
21099
21143
21179
21212
21214
21231
21238
21242
21243
21247
21254
21288
21318
21327
21346
21387
21393
21395
21396
21419
21424
21450
21454
21471
21474
21514
21516
21518
21524
21649
21657
21780
21781
21787
21797
21813
21838
21854
21863
21866
21937
21938
21972
22087
22101
22105
22110
22117
22128
22131
22179
22186
22191
22208
22217
22221
22241
22245
22255
22268
22271
22297
22298
22336
22362
22387
22395
22404
22413
22432
22442
22447
22451
22475
22481
22512
22529
22538
22576
22608
22615
22617
22647
22702
22705
22733
22743
22777
22797
22803
22853
22870
22876
22927
22990
23000
23019
23053
23068
23105
23156
23187
23189
23242
23272
23277
23290
23307
23338
23361
23396
23409
23416
23422
23478
23479
23546
23547
23559
23597
23613
23620
23652
23663
23668
23683
23714
23745
23754
23768
23780
23804
23858
23866
23887
23903
23940
23963
23965
24017
24025
24026
24031
24035
24057
24072
24078
24150
24174
24176
24187
24267
24295
24303
24335
24367
24374
24391
24393
24398
24406
24419
24433
24445
24450
24485
24508
24532
24548
24555
24568
24574
24578
24601
24638
24667
24702
24726
24737
24738
24797
24801
24811
24816
24859
24865
24889
24929
24936
25051
25052
25056
25058
25063
25068
25071
25081
25118
25132
25141
25143
25154
25159
25170
25186
25205
25218
25221
25229
25238
25250
25255
25279
25289
25312
25366
25383
25390
25393
25434
25439
25488
25538
25556
25591
25605
25625
25627
25633
25645
25661
25672
25703
25707
25727
25763
25786
25791
25832
25833
25835
25841
25901
25918
25997
26012
26084
26086
26101
26116
26127
26129
26141
26143
26151
26152
26167
26189
26204
26232
26266
26297
26375
26392
26393
26410
26423
26428
26438
26451
26468
26485
26486
26516
26595
26598
26679
26727
26733
26741
26763
26778
26805
26810
26811
26839
26862
26882
26884
26893
26900
26901
26940
27023
27041
27051
27071
27084
27122
27123
27186
27204
27233
27243
27269
27323
27385
27413
27425
27466
27473
27495
27500
27504
27555
27594
27608
27614
27622
27633
27651
27679
27690
27712
27747
27748
27764
27780
27783
27788
27792
27798
27832
27834
27891
27895
27991
27997
28004
28007
28019
28067
28117
28136
28163
28176
28180
28186
28191
28220
28223
28235
28256
28271
28289
28321
28333
28352
28373
28384
28440
28447
28459
28491
28497
28510
28535
28559
28617
28625
28684
28695
28705
28730
28742
28791
28828
28831
28855
28859
28886
28887
28906
28917
28923
28928
28929
28945
28949
28954
28982
28983
29019
29047
29067
29102
29115
29127
29133
29164
29182
29183
29197
29219
29235
29247
29338
29339
29342
29362
29371
29377
29402
29417
29418
29430
29448
29480
29483
29500
29511
29548
29563
29576
29588
29590
29655
29735
29774
29807
29815
29830
29836
29838
29893
29894
29906
29919
29944
29971
29973
29994
30015
30061
30095
30159
30165
30172
30174
30181
30190
30191
30217
30230
30238
30245
30248
30278
30279
30284
30308
30331
30354
30395
30411
30514
30532
30536
30607
30610
30670
30681
30739
30740
30760
30769
30771
30805
30809
30811
30844
30861
30884
30907
30909
30980
31012
31024
31029
31032
31048
31055
31087
31089
31099
31100
31109
31113
31120
31130
31137
31144
31196
31198
31228
31288
31293
31294
31339
31403
31447
31450
31470
31504
31505
31506
31524
31533
31536
31538
31576
31577
31606
31657
31676
31698
31775
31777
31786
31787
31793
31798
31813
31823
31825
31829
31832
31918
31950
31966
31973
31984
31988
31993
31997
32008
32024
32029
32030
32068
32111
32126
32136
32159
32208
32219
32253
32277
32280
32293
32302
32318
32382
32398
32423
32478
32484
32497
32503
32521
32523
32555
32577
32579
32598
32604
32615
32655
32714
32811
32832
32874
32878
32904
32999
33004
33007
33011
33028
33030
33057
33099
33111
33205
33214
33217
33246
33253
33260
33266
33268
33272
33323
33374
33390
33393
33408
33409
33414
33415
33418
33439
33485
33488
33515
33535
33543
33546
33552
33560
33564
33590
33596
33620
33623
33629
33644
33660
33663
33727
33737
33753
33768
33777
33779
33783
33796
33866
33870
33880
33909
33911
33935
33936
33937
33949
34000
34029
34057
34077
34130
34149
34154
34157
34163
34204
34224
34239
34244
34249
34267
34270
34286
34288
34290
34297
34346
34358
34361
34367
34457
34462
34470
34479
34523
34547
34555
34588
34598
34617
34654
34688
34694
34700
34705
34773
34821
34825
34827
34837
34849
34860
34867
34880
34899
34900
34919
34951
34992
35032
35044
35054
35067
35097
35098
35122
35136
35143
35157
35162
35182
35231
35268
35298
35300
35306
35310
35340
35354
35371
35382
35386
35409
35427
35428
35434
35440
35486
35498
35515
35519
35603
35620
35652
35681
35699
35724
35739
35749
35770
35774
35810
35816
35854
35897
35902
35914
35927
35972
35978
35981
36006
36017
36027
36030
36055
36087
36089
36123
36134
36146
36186
36208
36225
36270
36282
36303
36306
36330
36341
36359
36367
36374
36403
36417
36423
36433
36455
36468
36492
36504
36534
36539
36579
36617
36621
36629
36630
36647
36652
36657
36674
36724
36758
36766
36792
36819
36830
36835
36836
36860
36867
36884
36893
36909
36928
36947
36975
36988
37015
37058
37117
37153
37156
37191
37213
37261
37309
37319
37321
37364
37378
37410
37522
37539
37546
37560
37567
37606
37612
37621
37657
37748
37757
37766
37768
37784
37811
37827
37842
37864
37948
37954
38007
38014
38025
38032
38046
38059
38069
38087
38094
38168
38198
38210
38224
38296
38300
38318
38362
38373
38391
38397
38407
38418
38446
38493
38501
38507
38514
38515
38536
38545
38583
38593
38596
38606
38625
38640
38659
38684
38707
38713
38714
38722
38728
38729
38731
38746
38763
38805
38839
38869
38876
38879
38883
38895
38932
38935
38983
38988
38993
39036
39039
39051
39056
39071
39102
39129
39181
39202
39210
39225
39239
39260
39309
39326
39340
39446
39462
39490
39496
39538
39544
39551
39567
39589
39590
39637
39682
39694
39725
39726
39728
39740
39804
39828
39846
39870
39911
39921
39925
39933
39944
39966
39978
39994
39998
40018
40025
40029
40032
40033
40041
40043
40049
40062
40067
40107
40136
40142
40157
40186
40201
40236
40251
40261
40281
40326
40348
40356
40368
40422
40447
40461
40514
40521
40553
40594
40609
40610
40615
40619
40634
40665
40683
40684
40700
40710
40724
40730
40742
40750
40751
40755
40770
40772
40778
40793
40799
40801
40816
40824
40839
40843
40852
40858
40884
40894
40923
40973
41020
41081
41123
41152
41184
41188
41215
41243
41258
41266
41279
41316
41328
41339
41372
41385
41394
41403
41417
41435
41507
41522
41554
41568
41574
41590
41591
41627
41652
41658
41687
41691
41702
41752
41756
41772
41774
41780
41788
41789
41802
41827
41838
41847
41856
41861
41950
41985
41998
42057
42062
42081
42095
42164
42167
42178
42229
42236
42263
42264
42267
42287
42299
42303
42309
42326
42329
42334
42339
42382
42389
42395
42401
42422
42447
42457
42489
42529
42547
42554
42563
42575
42593
42601
42613
42620
42633
42645
42670
42681
42693
42697
42721
42738
42752
42754
42836
42852
42855
42921
42950
42961
42965
43008
43018
43021
43030
43040
43061
43078
43086
43098
43107
43108
43123
43124
43140
43146
43152
43168
43176
43185
43187
43199
43215
43224
43234
43248
43266
43300
43302
43326
43353
43431
43437
43492
43503
43524
43532
43547
43568
43572
43595
43611
43651
43652
43677
43685
43710
43731
43734
43800
43817
43832
43834
43851
43876
43879
43901
43944
43989
44002
44039
44040
44062
44098
44102
44107
44116
44148
44157
44181
44195
44207
44208
44223
44226
44254
44270
44279
44344
44391
44414
44488
44515
44519
44521
44529
44554
44562
44597
44608
44614
44615
44655
44669
44683
44751
44762
44809
44816
44823
44825
44854
44875
44895
44907
44908
44912
45004
45027
45032
45033
45084
45092
45099
45108
45122
45128
45154
45172
45186
45279
45331
45374
45393
45416
45443
45462
45471
45473
45522
45528
45536
45543
45572
45573
45685
45703
45710
45732
45759
45784
45819
45820
45851
45895
45903
45925
45948
45975
46003
46005
46015
46024
46054
46069
46078
46106
46113
46139
46163
46176
46195
46208
46243
46244
46256
46261
46274
46278
46280
46333
46358
46360
46386
46446
46458
46463
46473
46489
46493
46496
46544
46548
46550
46571
46600
46612
46625
46627
46653
46659
46660
46667
46686
46690
46698
46712
46794
46798
46801
46831
46878
46937
46939
46954
47021
47045
47057
47067
47083
47088
47093
47131
47144
47156
47176
47187
47188
47194
47197
47219
47267
47295
47337
47345
47347
47349
47365
47374
47385
47388
47404
47421
47466
47525
47561
47584
47595
47642
47674
47704
47713
47757
47767
47769
47786
47823
47846
47862
47877
47881
47910
47927
47939
47989
48042
48046
48048
48057
48066
48098
48112
48113
48183
48184
48193
48223
48228
48229
48240
48259
48261
48335
48344
48349
48357
48384
48387
48400
48474
48476
48480
48532
48539
48566
48590
48591
48619
48624
48667
48669
48695
48704
48735
48745
48803
48851
48893
48896
48922
48947
48999
49012
49014
49018
49054
49059
49076
49141
49146
49220
49271
49284
49305
49328
49329
49339
49348
49379
49383
49408
49420
49436
49444
49454
49456
49460
49492
49498
49502
49532
49552
49571
49585
49610
49663
49697
49711
49717
49747
49750
49758
49769
49774
49801
49822
49832
49877
49881
49882
49890
49930
49959
50009
50012
50048
50057
50088
50109
50157
50216
50248
50307
50323
50380
50390
50414
50417
50449
50463
50493
50496
50497
50537
50538
50585
50596
50603
50617
50673
50683
50700
50720
50739
50771
50828
50832
50843
50855
50856
50857
50858
50882
50917
50952
50966
50967
51011
51027
51044
51048
51058
51096
51134
51180
51192
51249
51267
51276
51285
51310
51341
51342
51349
51372
51373
51378
51417
51495
51498
51514
51523
51550
51565
51604
51620
51635
51680
51732
51773
51780
51806
51821
51839
51860
51907
51916
51950
51960
51981
51983
52003
52008
52052
52086
52139
52212
52232
52233
52261
52279
52283
52300
52304
52318
52321
52326
52344
52347
52360
52370
52373
52390
52420
52432
52472
52479
52507
52540
52549
52573
52591
52622
52645
52647
52655
52667
52684
52696
52774
52812
52815
52826
52868
52911
52925
52928
52933
52941
52967
53024
53080
53110
53144
53145
53169
53188
53206
53228
53270
53300
53327
53345
53350
53392
53395
53403
53427
53432
53566
53602
53632
53647
53699
53716
53728
53729
53732
53742
53754
53755
53759
53770
53774
53826
53841
53928
53980
54047
54095
54111
54221
54241
54258
54277
54279
54287
54325
54336
54349
54350
54381
54386
54431
54468
54476
54483
54509
54552
54649
54668
54709
54710
54741
54786
54789
54799
54809
54857
54867
54888
54893
54934
54980
54983
55053
55063
55064
55115
55132
55138
55139
55169
55178
55203
55205
55260
55298
55332
55358
55368
55385
55485
55486
55489
55507
55530
55569
55585
55593
55599
55601
55617
55624
55633
55636
55662
55664
55684
55698
55700
55717
55748
55755
55823
55831
55836
55837
55841
55855
55874
55880
55918
55929
55983
56001
56036
56068
56077
56114
56154
56155
56166
56195
56206
56217
56224
56231
56248
56266
56269
56321
56344
56351
56364
56385
56447
56462
56473
56488
56507
56515
56518
56541
56545
56572
56597
56607
56616
56639
56709
56712
56719
56752
56754
56759
56768
56808
56814
56818
56820
56832
56943
56979
56998
57058
57073
57100
57116
57139
57153
57202
57221
57284
57312
57325
57334
57341
57357
57380
57399
57405
57415
57419
57424
57446
57456
57461
57463
57469
57500
57524
57552
57555
57568
57613
57619
57629
57655
57662
57675
57706
57722
57723
57726
57732
57751
57754
57783
57803
57865
57870
57873
57875
57916
57943
57966
57974
58013
58029
58054
58069
58071
58096
58106
58138
58140
58151
58153
58224
58242
58250
58253
58258
58288
58301
58308
58318
58353
58375
58379
58398
58411
58412
58414
58416
58432
58437
58444
58460
58468
58531
58550
58567
58572
58573
58575
58587
58594
58598
58606
58620
58639
58641
58642
58644
58659
58666
58681
58689
58716
58722
58754
58758
58761
58766
58782
58860
58878
58885
58900
58912
58934
58938
58955
58971
58984
58988
59023
59032
59044
59047
59056
59073
59102
59112
59176
59185
59266
59308
59339
59361
59390
59399
59459
59485
59507
59511
59559
59561
59591
59658
59660
59669
59679
59692
59701
59719
59733
59748
59763
59773
59781
59785
59839
59861
59898
59899
59904
59961
59967
59968
59976
59989
60062
60084
60085
60088
60091
60104
60114
60128
60150
60163
60186
60188
60189
60199
60214
60269
60285
60323
60339
60355
60370
60387
60402
60408
60422
60425
60433
60450
60460
60476
60482
60483
60518
60520
60536
60538
60552
60558
60559
60560
60573
60585
60588
60590
60601
60641
60648
60652
60669
60687
60697
60710
60711
60719
60786
60791
60795
60813
60833
60864
60872
60891
60911
60940
60941
60981
60987
60993
60998
61042
61044
61045
61052
61054
61073
61082
61131
61157
61191
61253
61268
61274
61298
61299
61313
61328
61333
61342
61437
61441
61447
61458
61466
61469
61478
61484
61495
61498
61509
61515
61529
61590
61637
61690
61712
61755
61801
61802
61804
61818
61846
61852
61858
61887
61917
61929
61977
61978
62015
62016
62027
62030
62065
62080
62104
62150
62165
62222
62284
62301
62303
62309
62361
62365
62377
62380
62387
62403
62411
62456
62471
62476
62510
62511
62518
62522
62527
62543
62597
62607
62625
62658
62666
62676
62745
62748
62830
62831
62891
62924
62931
62937
62939
62969
62988
62989
62991
62995
63001
63017
63050
63062
63085
63089
63110
63131
63144
63157
63188
63196
63198
63200
63246
63279
63321
63322
63360
63424
63436
63443
63454
63482
63499
63517
63542
63547
63548
63566
63568
63574
63587
63590
63600
63628
63630
63632
63638
63654
63701
63726
63780
63788
63814
63830
63864
63897
63906
63927
64028
64038
64056
64074
64082
64112
64124
64136
64163
64167
64171
64187
64197
64200
64236
64246
64275
64300
64317
64330
64335
64350
64352
64371
64383
64404
64409
64421
64424
64433
64438
64452
64470
64473
64486
64489
64496
64517
64537
64544
64555
64563
64596
64602
64612
64633
64638
64642
64660
64670
64674
64679
64689
64696
64712
64743
64802
64816
64830
64831
64843
64849
64852
64870
64879
64881
64885
64919
64930
64936
64939
64950
64966
64986
64994
65005
65010
65014
65037
65068
65087
65112
65136
65189
65269
65272
65283
65307
65310
65338
65417
65419
65423
65465
65486
65504
65522
65524
65537
65548
65590
65611
65661
65672
65685
65698
65701
65702
65706
65756
65762
65773
65795
65815
65840
65883
65913
65922
65939
65983
66025
66042
66055
66059
66076
66083
66087
66122
66134
66135
66171
66173
66182
66190
66194
66196
66199
66204
66253
66256
66276
66283
66298
66300
66323
66329
66355
66389
66393
66397
66432
66438
66466
66552
66566
66601
66613
66652
66688
66695
66714
66731
66777
66847
66865
66910
66918
66944
66949
66953
66966
66967
66968
67004
67020
67024
67027
67032
67033
67058
67083
67093
67106
67164
67201
67226
67250
67313
67322
67354
67362
67372
67395
67431
67445
67471
67483
67487
67489
67491
67508
67556
67560
67590
67601
67609
67614
67639
67664
67681
67709
67712
67769
67784
67785
67786
67791
67795
67809
67821
67835
67839
67883
67896
67905
67909
67914
67925
67936
67942
67959
67997
68014
68059
68064
68087
68089
68119
68139
68143
68159
68175
68187
68204
68220
68283
68287
68300
68311
68334
68342
68350
68366
68370
68392
68393
68426
68448
68449
68463
68464
68465
68474
68506
68522
68550
68553
68623
68624
68653
68666
68743
68754
68792
68795
68799
68824
68833
68847
68853
68888
68901
68914
68988
69020
69024
69041
69072
69087
69125
69143
69153
69199
69208
69246
69252
69269
69309
69332
69359
69373
69382
69383
69410
69458
69468
69471
69479
69567
69586
69588
69592
69599
69619
69622
69655
69671
69675
69690
69737
69807
69811
69821
69875
69887
69892
69897
69938
69945
69953
69966
69967
69968
69989
70018
70028
70114
70137
70143
70166
70234
70237
70249
70250
70256
70265
70275
70302
70309
70336
70367
70381
70424
70427
70442
70455
70489
70515
70531
70561
70563
70606
70611
70663
70712
70715
70730
70735
70763
70797
70805
70810
70812
70820
70843
70876
70940
70944
70951
70992
71007
71021
71028
71029
71034
71077
71092
71098
71110
71136
71154
71187
71215
71236
71239
71283
71287
71300
71310
71332
71333
71344
71353
71365
71378
71396
71398
71473
71509
71516
71524
71543
71552
71579
71597
71614
71622
71635
71637
71685
71695
71724
71725
71744
71793
71818
71822
71943
72067
72076
72084
72106
72112
72122
72135
72139
72147
72188
72222
72226
72241
72244
72295
72316
72322
72329
72345
72392
72428
72431
72451
72452
72485
72600
72644
72645
72675
72677
72681
72697
72723
72753
72787
72810
72815
72832
72853
72863
72866
72875
72895
72926
72934
72959
73000
73032
73034
73066
73090
73120
73132
73144
73155
73177
73205
73237
73244
73274
73285
73322
73325
73337
73350
73373
73386
73398
73410
73424
73433
73448
73458
73504
73533
73588
73612
73636
73664
73689
73709
73727
73735
73745
73811
73813
73858
73903
73905
73911
73915
73937
73961
73989
74014
74020
74050
74063
74069
74103
74108
74120
74121
74155
74194
74204
74215
74274
74279
74293
74295
74308
74396
74411
74419
74460
74486
74489
74491
74525
74606
74609
74612
74615
74623
74630
74643
74644
74667
74718
74733
74736
74738
74757
74774
74781
74798
74800
74810
74833
74848
74850
74858
74860
74899
74900
74926
74928
74940
74971
74973
74980
74987
75005
75016
75053
75105
75138
75198
75221
75233
75244
75251
75277
75292
75311
75328
75352
75367
75370
75376
75390
75438
75465
75472
75579
75616
75699
75704
75722
75724
75799
75811
75828
75833
75854
75888
75897
75908
75910
75914
75918
75932
75975
75979
75992
76004
76028
76030
76071
76136
76141
76152
76158
76168
76175
76183
76206
76217
76253
76263
76292
76311
76369
76375
76382
76386
76390
76395
76397
76444
76492
76497
76507
76512
76531
76546
76574
76603
76612
76631
76681
76695
76700
76702
76704
76809
76840
76849
76862
76920
76942
76974
76975
77009
77019
77062
77070
77106
77108
77113
77121
77138
77155
77162
77191
77201
77202
77269
77390
77414
77430
77438
77469
77471
77495
77532
77550
77570
77590
77606
77608
77609
77611
77663
77708
77710
77727
77731
77755
77757
77798
77806
77819
77908
77940
77954
77998
78010
78019
78029
78057
78103
78113
78145
78152
78163
78240
78249
78256
78289
78325
78337
78338
78348
78350
78360
78361
78392
78422
78466
78477
78542
78550
78564
78572
78582
78596
78636
78675
78701
78705
78709
78710
78711
78725
78747
78761
78808
78823
78824
78852
78856
78874
78928
78939
78944
78966
78974
78999
79045
79052
79137
79138
79154
79159
79160
79163
79172
79195
79252
79280
79303
79383
79421
79430
79448
79452
79476
79477
79494
79498
79525
79526
79543
79592
79635
79672
79693
79749
79764
79821
79875
79916
79921
79961
79970
79991
79977
79936
79932
79901
79889
79850
79831
79808
79803
79797
79722
79695
79654
79643
79629
79565
79549
79539
79537
79527
79480
79478
79421
79412
79390
79376
79349
79341
79301
79254
79208
79207
79205
79196
79195
79193
79167
79129
79126
79120
79093
79066
79010
78987
78983
78980
78975
78938
78920
78881
78879
78859
78843
78840
78825
78809
78767
78758
78701
78692
78690
78623
78622
78566
78548
78542
78538
78534
78510
78468
78459
78458
78418
78396
78384
78368
78354
78348
78335
78329
78322
78320
78316
78305
78237
78227
78166
78146
78129
78076
78052
78040
78034
78021
78019
77992
77962
77956
77949
77939
77929
77920
77901
77856
77830
77810
77797
77762
77754
77744
77741
77697
77681
77651
77641
77633
77609
77585
77580
77567
77551
77532
77402
77390
77382
77356
77351
77344
77337
77324
77309
77294
77289
77226
77204
77199
77183
77182
77164
77152
77146
77136
77134
77130
77097
77057
77015
77012
76987
76976
76968
76963
76946
76914
76912
76897
76895
76866
76806
76787
76745
76744
76720
76670
76649
76622
76613
76593
76590
76537
76517
76515
76510
76499
76487
76485
76470
76433
76379
76368
76335
76333
76316
76293
76285
76282
76279
76264
76261
76208
76161
76146
76095
76075
76058
76006
75978
75962
75936
75881
75862
75783
75777
75747
75678
75677
75663
75641
75626
75622
75609
75588
75565
75546
75472
75441
75432
75419
75417
75370
75318
75250
75245
75153
75125
74992
74945
74903
74894
74878
74876
74864
74835
74834
74822
74798
74782
74777
74770
74731
74696
74679
74671
74664
74600
74564
74528
74515
74508
74485
74443
74426
74420
74395
74364
74360
74322
74311
74263
74254
74239
74230
74167
74141
74135
74127
74113
74053
74037
74030
74026
74016
74013
73991
73984
73980
73973
73922
73889
73869
73845
73788
73783
73776
73774
73772
73688
73665
73640
73630
73614
73587
73545
73538
73529
73455
73438
73380
73379
73337
73321
73315
73310
73304
73281
73280
73278
73245
73214
73182
73154
73148
73135
73132
73130
73049
73043
73041
73000
72999
72977
72972
72968
72928
72917
72906
72905
72896
72889
72877
72864
72862
72861
72794
72787
72776
72770
72742
72728
72725
72715
72599
72575
72533
72515
72463
72413
72408
72374
72357
72294
72277
72241
72229
72218
72208
72204
72184
72120
72112
72088
72072
72066
72053
71988
71968
71958
71938
71937
71868
71854
71811
71774
71728
71724
71707
71695
71678
71656
71615
71609
71546
71529
71521
71502
71444
71419
71404
71355
71337
71200
71178
71175
71159
71138
71125
71120
71100
71084
71081
71043
71033
71026
71000
70997
70994
70979
70958
70936
70906
70875
70863
70795
70721
70718
70699
70661
70641
70639
70631
70623
70622
70620
70615
70610
70603
70590
70567
70552
70502
70481
70426
70404
70378
70361
70352
70324
70303
70212
70197
70195
70186
70172
70165
70156
70145
70143
70139
70132
70121
70114
70090
70086
70082
70051
70048
70023
70018
70016
70008
70002
69981
69957
69928
69919
69869
69865
69863
69849
69846
69841
69837
69814
69800
69732
69676
69660
69656
69641
69629
69624
69611
69601
69575
69573
69559
69552
69534
69533
69529
69526
69521
69474
69447
69440
69374
69372
69371
69336
69286
69206
69202
69190
69184
69039
69034
69027
69019
68990
68930
68924
68917
68912
68901
68862
68826
68818
68806
68793
68785
68755
68737
68703
68619
68560
68555
68501
68467
68433
68385
68372
68356
68337
68331
68329
68326
68282
68280
68274
68236
68209
68199
68145
68141
68138
68128
68116
68106
68093
68084
68081
68058
67995
67929
67920
67900
67892
67830
67776
67757
67756
67753
67731
67708
67706
67705
67617
67595
67576
67574
67560
67547
67544
67539
67476
67455
67449
67442
67422
67361
67355
67316
67299
67282
67230
67191
67151
67143
67100
67077
67063
67058
67030
66979
66974
66956
66954
66950
66931
66924
66908
66889
66883
66868
66828
66820
66814
66789
66779
66769
66702
66650
66649
66645
66576
66570
66534
66499
66484
66470
66443
66437
66431
66420
66410
66393
66390
66373
66372
66360
66358
66322
66310
66305
66289
66242
66185
66154
66145
66125
66118
66109
66066
66059
66034
66029
66023
66008
66000
65982
65968
65959
65943
65934
65878
65836
65833
65787
65783
65743
65735
65730
65655
65631
65622
65613
65602
65593
65545
65544
65531
65486
65456
65444
65440
65419
65413
65402
65340
65328
65324
65306
65221
65211
65205
65193
65185
65181
65137
65134
65118
65096
65059
65013
65001
64999
64975
64950
64929
64911
64908
64898
64868
64864
64794
64779
64762
64754
64741
64719
64712
64709
64692
64684
64652
64648
64636
64620
64591
64587
64581
64568
64520
64514
64490
64474
64470
64460
64422
64409
64371
64368
64345
64334
64288
64194
64185
64160
64098
64081
64063
64047
64029
64025
64016
63999
63988
63983
63967
63956
63951
63940
63933
63913
63854
63852
63848
63831
63812
63794
63767
63743
63711
63701
63677
63648
63634
63615
63613
63582
63553
63552
63525
63464
63459
63456
63442
63416
63354
63346
63344
63307
63301
63288
63286
63270
63268
63266
63259
63158
63139
63130
63101
63054
63044
63030
63004
62972
62960
62949
62945
62937
62911
62908
62900
62894
62885
62855
62854
62841
62830
62806
62798
62767
62765
62764
62745
62722
62715
62709
62692
62664
62646
62644
62633
62632
62604
62595
62588
62583
62577
62573
62544
62503
62489
62483
62466
62450
62438
62407
62402
62394
62386
62317
62316
62296
62274
62258
62245
62236
62219
62197
62195
62190
62139
62103
62094
62090
62064
62026
62001
61978
61934
61912
61907
61896
61894
61890
61887
61754
61735
61715
61686
61676
61662
61660
61654
61637
61622
61583
61536
61510
61492
61458
61449
61419
61380
61371
61352
61349
61330
61326
61299
61292
61196
61183
61159
61143
61111
61088
61077
61068
61006
60962
60960
60933
60927
60917
60911
60897
60889
60877
60872
60869
60855
60854
60833
60831
60820
60818
60753
60748
60745
60730
60727
60701
60675
60673
60643
60642
60612
60584
60554
60540
60530
60508
60471
60462
60433
60390
60371
60370
60349
60342
60278
60250
60247
60231
60219
60206
60196
60195
60131
60124
60111
60102
60100
60098
60087
60062
60032
59994
59975
59967
59948
59921
59913
59902
59886
59879
59863
59862
59859
59850
59843
59791
59785
59770
59762
59746
59703
59683
59673
59651
59594
59592
59583
59560
59543
59538
59537
59520
59506
59486
59476
59448
59425
59414
59411
59407
59379
59370
59369
59314
59311
59288
59285
59265
59252
59230
59186
59171
59133
59111
59107
59096
59092
59091
59088
59085
59054
59050
59012
58973
58938
58897
58893
58875
58862
58860
58821
58805
58804
58789
58784
58774
58766
58712
58661
58657
58548
58517
58503
58488
58485
58447
58436
58423
58397
58394
58360
58344
58335
58274
58273
58260
58255
58211
58207
58202
58162
58126
58110
58083
58038
58030
57932
57912
57862
57821
57807
57789
57785
57752
57743
57686
57644
57605
57574
57545
57522
57513
57512
57503
57463
57445
57411
57365
57337
57336
57333
57317
57272
57259
57240
57235
57230
57206
57171
57164
57143
57115
57088
57067
57055
57054
57053
56977
56942
56930
56895
56858
56856
56853
56820
56812
56805
56792
56790
56776
56760
56758
56749
56688
56684
56681
56643
56622
56611
56596
56582
56548
56547
56541
56509
56490
56485
56482
56428
56409
56364
56363
56313
56311
56307
56280
56246
56234
56233
56211
56187
56160
56157
56131
56111
56090
56074
56071
56064
56025
56014
56011
56008
56004
55992
55943
55941
55925
55852
55851
55841
55814
55788
55730
55692
55691
55684
55671
55623
55612
55583
55522
55518
55457
55455
55433
55390
55383
55365
55344
55340
55329
55320
55258
55233
55196
55144
55122
55073
55071
55054
55042
55003
54988
54969
54958
54943
54940
54935
54930
54921
54918
54895
54893
54867
54864
54817
54797
54758
54749
54738
54731
54730
54726
54713
54696
54672
54629
54602
54579
54578
54555
54528
54490
54448
54440
54397
54321
54314
54298
54292
54261
54260
54220
54209
54204
54146
54098
54094
54091
54088
54085
54070
54067
54066
54039
54026
54023
54012
53997
53994
53985
53956
53944
53942
53930
53928
53924
53918
53909
53878
53862
53836
53827
53823
53796
53788
53769
53762
53723
53706
53681
53671
53657
53652
53638
53628
53622
53617
53587
53570
53533
53504
53502
53468
53460
53445
53368
53362
53359
53350
53347
53322
53263
53260
53244
53237
53233
53178
53143
53133
53092
53088
53066
53048
52992
52962
52960
52953
52950
52937
52884
52868
52867
52837
52813
52776
52772
52768
52764
52749
52733
52715
52707
52664
52655
52627
52606
52599
52574
52569
52517
52514
52506
52502
52493
52464
52446
52410
52408
52397
52373
52347
52305
52292
52270
52250
52227
52223
52182
52179
52127
52122
52104
52070
52063
52048
52013
52011
51999
51980
51930
51924
51904
51897
51890
51886
51883
51879
51860
51859
51856
51855
51824
51817
51816
51761
51743
51733
51710
51707
51696
51682
51614
51607
51595
51593
51549
51537
51534
51519
51492
51481
51469
51467
51456
51446
51439
51399
51392
51377
51354
51349
51282
51269
51236
51217
51200
51199
51198
51196
51145
51101
51100
51095
51026
51018
51015
51008
50970
50968
50919
50912
50839
50817
50814
50782
50766
50747
50713
50709
50704
50699
50623
50579
50564
50536
50487
50475
50468
50466
50440
50428
50404
50378
50365
50308
50267
50259
50254
50220
50218
50189
50187
50151
50146
50100
50094
50089
50083
50074
50068
50032
49995
49972
49964
49958
49952
49940
49892
49877
49840
49835
49830
49826
49802
49786
49782
49773
49730
49704
49701
49691
49688
49684
49660
49610
49595
49572
49546
49535
49534
49491
49486
49441
49418
49377
49365
49324
49315
49286
49278
49268
49265
49257
49227
49224
49206
49139
49137
49126
49103
49076
49068
49043
49015
48987
48958
48954
48948
48937
48903
48873
48859
48782
48747
48741
48737
48639
48626
48604
48577
48542
48529
48518
48508
48495
48492
48476
48465
48457
48434
48399
48389
48363
48355
48351
48316
48310
48298
48270
48237
48162
48144
48133
48125
48098
48094
48091
48083
48075
48037
48017
48011
48003
47991
47982
47963
47940
47891
47808
47782
47779
47762
47750
47747
47730
47707
47693
47686
47679
47631
47621
47609
47593
47580
47565
47563
47555
47545
47538
47532
47516
47465
47441
47423
47371
47366
47323
47322
47304
47290
47234
47210
47155
47139
47130
47117
47102
47096
47081
47070
47066
47057
47055
47033
47010
46995
46982
46965
46919
46881
46880
46847
46839
46827
46788
46780
46760
46736
46724
46722
46721
46718
46702
46692
46657
46619
46608
46581
46574
46569
46567
46562
46551
46536
46526
46525
46524
46498
46462
46351
46349
46345
46339
46331
46322
46318
46317
46309
46288
46279
46229
46197
46176
46172
46110
46101
46075
46063
46010
45993
45979
45968
45964
45961
45956
45954
45929
45908
45885
45870
45837
45822
45793
45753
45751
45717
45685
45671
45622
45598
45582
45579
45561
45527
45513
45512
45460
45446
45411
45385
45364
45298
45278
45255
45232
45173
45126
45071
45066
45054
44992
44984
44920
44914
44889
44884
44854
44850
44822
44813
44804
44754
44751
44741
44729
44726
44709
44696
44693
44671
44643
44633
44608
44575
44554
44522
44474
44443
44440
44439
44424
44402
44398
44382
44361
44343
44342
44307
44285
44278
44259
44247
44217
44202
44200
44197
44184
44172
44162
44160
44156
44150
44141
44140
44107
44065
44063
44061
44044
44007
43981
43960
43903
43898
43893
43864
43838
43817
43796
43765
43749
43748
43740
43736
43730
43716
43703
43639
43583
43558
43530
43526
43520
43507
43504
43499
43496
43494
43488
43487
43468
43460
43431
43406
43378
43325
43289
43281
43274
43258
43252
43246
43215
43195
43172
43149
43129
43120
43115
43084
43064
43050
43035
43022
43021
43016
43009
42983
42976
42971
42969
42958
42937
42935
42915
42906
42865
42864
42847
42842
42784
42776
42768
42756
42662
42661
42605
42602
42597
42539
42534
42527
42522
42514
42487
42475
42456
42374
42369
42358
42319
42256
42241
42226
42216
42211
42178
42167
42157
42136
42102
42097
42087
42074
42038
42012
42003
41980
41963
41946
41916
41867
41865
41854
41847
41826
41793
41774
41766
41716
41708
41665
41663
41658
41637
41617
41593
41587
41568
41567
41518
41488
41483
41472
41463
41460
41414
41388
41344
41338
41313
41302
41301
41290
41264
41260
41256
41229
41189
41182
41176
41090
41033
41032
41016
41008
40997
40996
40980
40979
40953
40948
40925
40908
40849
40847
40818
40810
40802
40741
40709
40705
40703
40674
40584
40572
40571
40564
40552
40542
40526
40481
40471
40464
40455
40454
40443
40419
40418
40402
40401
40394
40376
40352
40341
40320
40316
40283
40282
40266
40248
40230
40224
40214
40196
40178
40165
40102
40080
40031
39983
39973
39964
39942
39940
39885
39883
39828
39802
39788
39774
39761
39757
39740
39717
39695
39690
39667
39645
39615
39597
39595
39570
39545
39541
39518
39497
39486
39481
39468
39445
39432
39410
39409
39392
39340
39330
39298
39280
39273
39266
39240
39234
39231
39216
39173
39172
39171
39070
39057
39055
39054
39028
39026
39014
39010
39004
38967
38964
38927
38916
38892
38859
38834
38812
38798
38794
38772
38750
38736
38735
38724
38716
38682
38671
38665
38624
38612
38603
38555
38535
38513
38498
38493
38449
38448
38353
38316
38292
38289
38280
38241
38240
38229
38183
38142
38138
38119
38113
38049
38035
38029
37971
37955
37932
37912
37864
37830
37824
37819
37808
37789
37786
37756
37752
37727
37724
37705
37668
37641
37624
37623
37612
37605
37597
37596
37578
37564
37550
37549
37547
37539
37536
37523
37519
37458
37434
37423
37413
37371
37345
37322
37319
37317
37312
37218
37197
37191
37181
37179
37178
37177
37126
37114
37088
37084
37024
36961
36954
36950
36932
36926
36910
36902
36836
36831
36821
36817
36806
36794
36781
36771
36767
36695
36685
36648
36631
36625
36609
36605
36585
36584
36563
36562
36523
36491
36490
36488
36420
36389
36280
36273
36272
36253
36243
36235
36223
36200
36153
36141
36118
36104
36079
36054
35975
35962
35929
35907
35892
35865
35839
35838
35824
35788
35787
35782
35774
35740
35618
35609
35605
35563
35537
35520
35519
35514
35510
35495
35465
35463
35448
35428
35421
35373
35361
35321
35291
35251
35232
35223
35181
35167
35158
35133
35103
35099
35088
35058
35028
35007
34974
34966
34888
34887
34875
34873
34872
34865
34843
34840
34836
34771
34751
34750
34667
34656
34634
34620
34539
34532
34531
34526
34525
34511
34503
34494
34479
34424
34409
34408
34407
34396
34368
34331
34318
34312
34301
34299
34286
34264
34263
34246
34238
34230
34229
34203
34188
34177
34151
34134
34100
34088
34069
34048
34034
33999
33991
33977
33919
33825
33813
33804
33794
33779
33758
33746
33719
33686
33636
33617
33609
33570
33566
33545
33508
33505
33466
33438
33421
33410
33408
33394
33364
33332
33326
33301
33298
33293
33277
33276
33189
33184
33168
33154
33137
33101
33099
33083
33077
33064
33052
33048
33041
32994
32988
32957
32947
32933
32909
32876
32862
32850
32849
32792
32756
32748
32735
32722
32552
32499
32494
32414
32410
32394
32384
32353
32350
32348
32339
32328
32308
32299
32293
32278
32255
32236
32226
32205
32186
32165
32128
32097
32085
32077
32069
32063
32041
32037
32034
31947
31937
31936
31899
31892
31887
31842
31835
31833
31795
31793
31779
31771
31726
31699
31685
31682
31677
31637
31634
31616
31613
31555
31461
31427
31422
31421
31384
31383
31382
31344
31253
31250
31245
31243
31224
31213
31174
31156
31144
31132
31113
31081
31075
31072
31057
30983
30980
30977
30951
30917
30861
30858
30776
30766
30758
30751
30745
30742
30721
30712
30696
30679
30676
30667
30664
30634
30568
30560
30544
30539
30535
30513
30493
30485
30469
30467
30466
30416
30406
30394
30337
30332
30302
30301
30291
30279
30272
30253
30228
30206
30196
30145
30128
30124
30055
30029
30016
29977
29973
29959
29946
29869
29833
29806
29776
29743
29738
29725
29720
29716
29687
29671
29668
29652
29641
29638
29615
29589
29578
29544
29524
29513
29477
29443
29428
29400
29397
29391
29385
29382
29373
29358
29354
29351
29346
29327
29321
29292
29280
29278
29226
29216
29210
29193
29184
29180
29178
29135
29114
29108
29083
29069
29062
29050
29043
29031
29025
28985
28979
28967
28954
28911
28898
28889
28888
28879
28877
28818
28817
28799
28784
28776
28765
28763
28742
28719
28682
28623
28603
28599
28594
28592
28561
28539
28517
28509
28505
28461
28444
28434
28405
28366
28346
28341
28324
28313
28275
28247
28230
28216
28214
28209
28199
28176
28096
28092
28078
28074
28021
28015
28012
28000
27999
27987
27983
27959
27957
27933
27931
27925
27917
27907
27879
27819
27799
27778
27775
27766
27762
27749
27744
27738
27737
27694
27690
27645
27619
27583
27577
27558
27554
27524
27509
27442
27409
27397
27369
27363
27362
27313
27296
27277
27275
27165
27152
27141
27105
27053
27050
26990
26971
26961
26952
26923
26922
26920
26914
26884
26859
26850
26812
26795
26794
26780
26751
26733
26732
26731
26723
26713
26703
26698
26691
26676
26670
26663
26643
26621
26619
26602
26590
26586
26585
26551
26541
26536
26522
26474
26473
26453
26449
26437
26421
26412
26382
26380
26367
26335
26333
26294
26292
26257
26247
26209
26203
26195
26177
26146
26144
26136
26132
26128
26103
26091
26090
26082
26074
26063
26048
26021
26012
26003
25992
25979
25966
25926
25880
25863
25817
25769
25768
25735
25728
25717
25712
25686
25674
25655
25639
25623
25607
25571
25520
25456
25455
25415
25414
25385
25372
25354
25281
25278
25266
25242
25239
25229
25227
25215
25214
25188
25177
25171
25170
25110
25051
25040
25037
25022
24954
24946
24883
24849
24835
24828
24789
24780
24764
24698
24693
24691
24688
24680
24638
24634
24633
24605
24589
24581
24570
24557
24538
24518
24510
24503
24461
24440
24412
24404
24388
24380
24311
24307
24285
24278
24265
24229
24217
24207
24166
24164
24152
24142
24108
24107
24078
24058
24057
24041
24024
24014
23962
23944
23909
23877
23872
23869
23814
23791
23760
23759
23757
23717
23705
23698
23696
23653
23637
23630
23610
23609
23578
23501
23469
23465
23462
23460
23457
23450
23449
23447
23434
23397
23379
23361
23331
23326
23313
23227
23220
23219
23199
23169
23140
23130
23125
23123
23095
23090
23085
23080
23020
22973
22948
22940
22915
22903
22873
22862
22853
22852
22818
22816
22815
22812
22787
22782
22773
22759
22750
22693
22687
22682
22664
22643
22642
22632
22577
22541
22538
22535
22503
22475
22380
22366
22362
22354
22334
22323
22310
22267
22246
22199
22178
22168
22163
22124
22120
22107
22033
22023
21942
21892
21890
21884
21854
21776
21769
21764
21762
21723
21676
21664
21622
21552
21517
21498
21467
21443
21430
21403
21393
21388
21377
21352
21343
21325
21291
21287
21255
21247
21224
21197
21193
21158
21152
21114
21063
21035
21025
20994
20977
20967
20941
20923
20896
20881
20877
20865
20856
20851
20841
20839
20823
20797
20780
20779
20731
20723
20720
20712
20702
20642
20627
20604
20564
20556
20509
20506
20483
20467
20434
20411
20382
20339
20337
20290
20192
20173
20139
20098
20079
20058
20047
20046
20024
19958
19944
19938
19901
19854
19844
19830
19802
19770
19728
19714
19676
19656
19651
19631
19571
19570
19541
19539
19515
19443
19440
19421
19408
19394
19389
19371
19369
19345
19314
19287
19252
19086
19049
19015
18992
18973
18956
18940
18928
18906
18837
18820
18804
18767
18764
18758
18729
18672
18639
18605
18584
18564
18551
18549
18547
18540
18533
18527
18526
18512
18471
18469
18422
18418
18409
18367
18352
18336
18267
18263
18261
18248
18215
18209
18206
18187
18180
18172
18171
18131
18108
18102
18101
18087
18081
18050
18043
18026
17989
17955
17914
17904
17871
17869
17837
17830
17826
17779
17757
17749
17729
17694
17690
17679
17655
17647
17640
17625
17623
17581
17521
17514
17483
17441
17433
17400
17396
17380
17359
17338
17324
17214
17190
17134
17071
17040
17021
17002
17001
16993
16989
16968
16958
16931
16926
16904
16840
16826
16808
16797
16760
16744
16713
16699
16684
16638
16636
16635
16606
16604
16550
16531
16528
16525
16501
16485
16403
16390
16364
16357
16298
16296
16284
16264
16263
16222
16215
16211
16191
16181
16169
16159
16152
16134
16126
16119
16098
16089
16084
16061
16060
16023
16022
16009
15999
15951
15935
15851
15848
15839
15835
15815
15760
15756
15742
15691
15674
15654
15635
15630
15574
15551
15535
15524
15518
15497
15495
15492
15487
15451
15387
15384
15374
15370
15361
15354
15327
15313
15310
15240
15170
15154
15148
15136
15117
15112
15103
15101
15085
15038
15036
14978
14972
14962
14953
14920
14911
14896
14864
14853
14804
14788
14784
14767
14736
14725
14724
14686
14669
14665
14654
14620
14587
14586
14553
14548
14545
14543
14542
14525
14522
14511
14504
14499
14496
14486
14466
14444
14434
14406
14399
14396
14358
14352
14336
14302
14298
14271
14256
14245
14244
14215
14203
14192
14178
14175
14168
14162
14158
14123
14106
14076
14074
14055
14037
14019
14013
14006
13971
13964
13929
13876
13874
13863
13835
13830
13776
13748
13736
13707
13697
13696
13646
13628
13624
13621
13606
13605
13551
13548
13538
13537
13498
13494
13474
13464
13390
13389
13377
13348
13318
13299
13280
13277
13218
13161
13147
13143
13135
13106
13085
13081
13080
13072
13065
13033
13004
12982
12974
12939
12920
12908
12899
12850
12848
12843
12833
12714
12685
12659
12655
12628
12625
12609
12599
12566
12555
12517
12441
12434
12422
12413
12408
12400
12363
12360
12346
12316
12289
12288
12287
12285
12227
12219
12209
12198
12180
12176
12145
12136
12128
12127
12091
12084
12051
12046
12019
12014
11982
11970
11944
11943
11936
11934
11929
11885
11881
11857
11848
11840
11812
11781
11760
11759
11753
11751
11738
11734
11723
11667
11657
11630
11611
11607
11597
11589
11587
11566
11544
11528
11517
11504
11490
11489
11457
11435
11432
11386
11361
11344
11343
11328
11327
11265
11256
11250
11229
11225
11221
11211
11201
11200
11188
11146
11061
11049
10994
10984
10953
10943
10939
10885
10870
10858
10851
10836
10820
10815
10804
10796
10786
10743
10733
10702
10655
10589
10582
10575
10567
10548
10542
10480
10448
10443
10434
10417
10415
10410
10383
10367
10366
10323
10305
10276
10268
10253
10245
10197
10162
10154
10129
10121
10105
10090
10087
10072
10052
10006
9971
9964
9953
9914
9906
9882
9863
9834
9805
9791
9788
9781
9770
9759
9733
9728
9726
9709
9672
9638
9623
9602
9581
9545
9524
9496
9478
9421
9420
9406
9307
9290
9287
9285
9280
9263
9259
9251
9246
9243
9212
9199
9182
9147
9140
9135
9119
9117
9088
9073
9040
9033
8978
8942
8930
8919
8872
8807
8799
8798
8797
8788
8768
8749
8730
8685
8676
8669
8620
8610
8586
8580
8544
8459
8440
8430
8427
8419
8413
8411
8405
8382
8370
8327
8326
8315
8295
8266
8257
8229
8183
8175
8166
8161
8155
8132
8128
8124
8110
8072
8026
8024
8022
8017
8006
8004
7955
7917
7841
7839
7792
7787
7770
7764
7763
7761
7735
7679
7663
7649
7636
7621
7563
7519
7452
7449
7444
7402
7362
7352
7350
7312
7307
7204
7193
7181
7174
7171
7170
7140
7116
7088
7077
7076
7075
7052
7018
7011
7002
6985
6942
6931
6929
6928
6907
6901
6886
6839
6817
6810
6783
6777
6776
6763
6743
6736
6716
6711
6629
6590
6547
6531
6519
6517
6476
6459
6456
6451
6432
6426
6416
6399
6387
6361
6320
6300
6273
6259
6246
6241
6239
6193
6190
6176
6164
6151
6139
6105
6069
6056
6021
5963
5928
5924
5893
5892
5829
5827
5815
5803
5789
5785
5781
5776
5762
5750
5735
5709
5700
5697
5671
5640
5638
5605
5552
5527
5521
5517
5508
5489
5476
5452
5422
5417
5350
5338
5330
5317
5298
5229
5217
5211
5160
5116
5114
5089
5088
5034
4972
4934
4920
4881
4869
4859
4844
4836
4802
4732
4728
4711
4696
4695
4676
4659
4647
4633
4630
4614
4579
4558
4543
4516
4494
4463
4394
4389
4360
4314
4282
4256
4255
4220
4198
4162
4159
4143
4132
4122
4096
4075
4059
4022
4013
4010
4004
3974
3969
3955
3913
3907
3894
3892
3882
3873
3804
3799
3793
3791
3775
3764
3758
3742
3687
3669
3656
3634
3633
3606
3510
3505
3497
3492
3481
3479
3477
3472
3467
3446
3438
3431
3399
3363
3341
3321
3316
3285
3276
3236
3217
3207
3206
3196
3192
3175
3139
3134
3132
3123
3107
3095
3050
3008
2986
2979
2972
2962
2938
2910
2859
2843
2811
2776
2737
2691
2677
2676
2673
2660
2647
2636
2630
2591
2571
2570
2569
2560
2525
2511
2414
2374
2339
2332
2301
2263
2216
2193
2177
2172
2156
2137
2112
2097
2071
2025
2004
1968
1953
1932
1923
1879
1878
1877
1844
1815
1811
1799
1781
1758
1726
1722
1720
1641
1629
1602
1536
1512
1507
1482
1472
1468
1452
1423
1404
1400
1382
1373
1339
1334
1312
1305
1262
1241
1239
1231
1210
1207
1173
1040
988
980
962
960
945
920
918
908
900
894
883
882
877
874
859
858
839
833
727
698
689
688
630
600
512
373
353
321
290
288
275
265
264
260
255
241
226
161
137
131
123
81
24
22
5
k
