22
34
38
51
54
70
80
82
84
98
99
114
117
119
125
137
150
155
156
159
178
186
217
226
227
231
244
269
276
283
288
295
298
305
306
334
347
348
354
359
360
384
388
395
422
425
430
446
475
482
488
519
521
527
543
553
573
593
595
596
605
627
637
642
649
652
658
669
686
696
706
717
722
748
758
771
791
814
815
827
840
853
860
861
864
866
868
869
892
895
908
914
932
933
936
984
997
999
1013
1046
1050
1052
1053
1059
1064
1070
1087
1091
1093
1094
1113
1120
1175
1176
1178
1180
1186
1202
1220
1224
1229
1237
1245
1246
1263
1286
1290
1291
1304
1359
1380
1383
1395
1399
1409
1418
1424
1428
1441
1454
1455
1466
1472
1473
1483
1487
1491
1495
1502
1507
1511
1523
1524
1532
1533
1562
1567
1572
1581
1605
1607
1615
1619
1623
1625
1630
1665
1667
1668
1674
1678
1679
1697
1713
1720
1730
1735
1739
1741
1746
1760
1778
1789
1800
1808
1813
1814
1831
1836
1847
1851
1855
1861
1868
1869
1872
1888
1894
1897
1916
1918
1924
1925
1933
1934
1963
1969
2014
2029
2033
2036
2048
2062
2066
2081
2096
2099
2130
2132
2146
2150
2153
2159
2200
2206
2210
2238
2239
2245
2250
2255
2256
2264
2266
2276
2277
2284
2285
2310
2311
2313
2318
2321
2345
2349
2355
2356
2368
2371
2374
2390
2397
2402
2405
2416
2421
2432
2435
2457
2460
2464
2468
2489
2497
2500
2502
2515
2546
2547
2549
2554
2558
2569
2574
2583
2610
2612
2613
2643
2659
2662
2671
2678
2692
2701
2708
2712
2739
2747
2751
2764
2768
2769
2771
2772
2773
2779
2793
2796
2804
2806
2808
2816
2818
2821
2825
2827
2835
2844
2871
2875
2885
2888
2893
2896
2923
2944
2961
2980
2982
2986
2987
2991
2993
2998
3012
3015
3018
3022
3027
3040
3060
3061
3066
3072
3076
3083
3094
3097
3118
3121
3124
3125
3130
3138
3147
3156
3165
3170
3171
3186
3209
3221
3224
3250
3252
3262
3270
3274
3276
3284
3294
3306
3335
3344
3353
3357
3374
3377
3383
3384
3387
3402
3415
3425
3426
3427
3440
3455
3472
3477
3485
3491
3501
3518
3523
3533
3534
3537
3543
3550
3575
3580
3582
3584
3608
3609
3613
3616
3617
3620
3634
3635
3642
3656
3671
3680
3706
3712
3724
3728
3731
3742
3743
3763
3785
3807
3809
3816
3820
3836
3840
3843
3855
3858
3872
3878
3883
3887
3890
3935
3949
3953
3962
3989
4031
4037
4039
4050
4052
4054
4062
4063
4064
4074
4096
4114
4128
4131
4135
4140
4142
4158
4162
4170
4188
4196
4211
4217
4225
4227
4233
4239
4242
4245
4273
4282
4289
4300
4311
4319
4343
4358
4360
4378
4384
4386
4401
4403
4406
4410
4411
4425
4430
4474
4477
4503
4504
4520
4522
4537
4561
4562
4591
4593
4602
4606
4644
4646
4648
4656
4671
4674
4682
4685
4702
4713
4715
4718
4721
4727
4742
4752
4765
4770
4795
4815
4817
4826
4834
4835
4840
4846
4849
4858
4861
4875
4886
4893
4900
4903
4909
4928
4934
4939
4942
4949
4962
4977
4986
5004
5021
5023
5070
5088
5097
5099
5102
5110
5114
5119
5121
5126
5129
5146
5157
5174
5183
5194
5212
5250
5267
5286
5301
5316
5344
5349
5351
5359
5369
5385
5392
5400
5448
5451
5453
5463
5464
5469
5471
5477
5478
5487
5499
5504
5507
5509
5510
5518
5526
5559
5560
5562
5586
5589
5616
5624
5630
5631
5645
5646
5683
5689
5691
5699
5722
5749
5764
5788
5806
5807
5811
5815
5819
5840
5842
5848
5850
5854
5870
5875
5891
5903
5904
5909
5929
5951
5954
5984
5992
6018
6019
6021
6022
6024
6026
6039
6048
6062
6068
6075
6090
6095
6102
6104
6120
6127
6133
6144
6151
6176
6177
6178
6185
6187
6201
6211
6213
6225
6236
6283
6294
6303
6308
6332
6336
6338
6344
6358
6364
6371
6389
6400
6401
6415
6421
6423
6484
6499
6515
6529
6543
6553
6578
6583
6592
6593
6601
6608
6609
6611
6620
6636
6659
6682
6693
6702
6703
6708
6712
6713
6715
6718
6745
6761
6782
6787
6789
6790
6805
6819
6835
6840
6850
6871
6880
6893
6894
6930
6942
6948
6951
6964
6971
6995
6998
7000
7009
7028
7029
7047
7064
7095
7096
7097
7098
7104
7110
7131
7136
7151
7184
7191
7215
7216
7227
7247
7249
7259
7263
7277
7290
7314
7325
7329
7346
7360
7361
7370
7374
7376
7390
7414
7418
7440
7441
7443
7450
7454
7469
7485
7496
7506
7507
7511
7513
7529
7530
7531
7533
7542
7558
7559
7568
7577
7578
7600
7619
7622
7625
7630
7641
7651
7666
7668
7685
7690
7691
7699
7706
7716
7733
7735
7741
7751
7784
7792
7813
7829
7832
7848
7853
7862
7867
7870
7872
7874
7890
7897
7900
7916
7923
7936
7960
7970
7975
7991
7994
8007
8010
8029
8031
8048
8082
8088
8090
8091
8096
8099
8107
8115
8119
8121
8135
8138
8142
8151
8158
8160
8167
8180
8181
8201
8207
8217
8258
8277
8278
8279
8284
8288
8294
8298
8303
8315
8320
8321
8327
8330
8348
8360
8363
8371
8384
8417
8430
8431
8443
8455
8456
8457
8461
8472
8477
8485
8492
8495
8498
8502
8524
8545
8573
8586
8603
8607
8616
8624
8635
8646
8691
8714
8715
8721
8722
8727
8747
8761
8763
8777
8783
8795
8800
8810
8811
8831
8841
8848
8858
8879
8882
8899
8910
8939
8953
8978
8985
8992
9019
9023
9026
9035
9048
9071
9087
9100
9104
9105
9114
9119
9122
9131
9133
9138
9149
9150
9174
9179
9186
9202
9209
9214
9216
9218
9227
9234
9241
9245
9261
9274
9275
9278
9299
9303
9304
9318
9319
9350
9363
9383
9394
9397
9438
9439
9445
9465
9477
9498
9510
9523
9533
9536
9539
9546
9548
9561
9567
9579
9592
9604
9605
9609
9626
9693
9704
9709
9714
9722
9726
9736
9738
9741
9744
9766
9778
9784
9797
9811
9812
9839
9845
9864
9869
9892
9902
9903
9911
9912
9915
9921
9922
9928
9944
9959
9964
9966
9968
9976
9995
10003
10004
10015
10022
10023
10028
10035
10042
10064
10066
10067
10093
10125
10137
10140
10141
10174
10179
10195
10203
10207
10211
10219
10220
10221
10242
10267
10270
10273
10278
10282
10285
10298
10304
10319
10361
10363
10407
10409
10424
10431
10442
10445
10457
10458
10485
10487
10492
10505
10517
10528
10556
10561
10569
10572
10574
10581
10597
10599
10629
10630
10633
10664
10667
10672
10677
10680
10690
10697
10700
10701
10706
10708
10736
10741
10742
10743
10745
10749
10754
10775
10777
10783
10788
10797
10805
10818
10853
10855
10877
10883
10900
10901
10910
10913
10919
10923
10931
10934
10942
10946
10959
10963
10975
10993
11008
11015
11018
11020
11022
11024
11034
11051
11059
11066
11081
11106
11107
11139
11145
11150
11156
11162
11175
11210
11215
11225
11239
11257
11258
11265
11273
11303
11330
11334
11351
11355
11360
11371
11375
11379
11380
11383
11389
11391
11418
11435
11437
11468
11486
11492
11506
11507
11516
11548
11551
11553
11570
11577
11590
11593
11604
11608
11614
11616
11636
11669
11685
11698
11702
11711
11724
11725
11727
11737
11739
11753
11756
11770
11771
11779
11783
11785
11800
11809
11814
11839
11875
11880
11881
11883
11890
11902
11919
11933
11937
11948
11988
12000
12004
12010
12019
12032
12035
12047
12089
12094
12101
12106
12108
12121
12124
12126
12127
12144
12164
12197
12201
12222
12236
12245
12256
12261
12285
12289
12304
12311
12324
12327
12332
12334
12361
12364
12377
12381
12388
12404
12431
12433
12462
12469
12474
12475
12481
12491
12502
12503
12507
12511
12517
12519
12528
12542
12555
12561
12566
12571
12578
12596
12603
12607
12615
12629
12631
12632
12635
12638
12647
12659
12660
12670
12698
12703
12710
12721
12723
12727
12739
12747
12756
12759
12765
12771
12772
12779
12791
12805
12808
12824
12825
12841
12845
12850
12865
12866
12867
12873
12879
12885
12889
12895
12899
12914
12920
12952
12958
12982
13001
13007
13009
13015
13016
13028
13062
13065
13067
13079
13087
13091
13109
13113
13114
13121
13135
13150
13156
13160
13164
13167
13194
13212
13221
13232
13234
13247
13249
13283
13289
13306
13317
13323
13328
13334
13343
13368
13372
13378
13386
13410
13412
13419
13423
13430
13471
13474
13479
13487
13501
13522
13528
13529
13540
13546
13553
13554
13560
13561
13565
13571
13572
13588
13589
13591
13613
13614
13615
13643
13647
13660
13666
13671
13679
13696
13722
13726
13741
13753
13777
13785
13804
13830
13844
13846
13853
13854
13885
13886
13890
13903
13925
13942
13948
13957
13978
13991
14004
14019
14022
14023
14027
14032
14039
14049
14056
14060
14080
14081
14098
14102
14133
14141
14168
14172
14175
14192
14215
14219
14222
14228
14246
14252
14254
14266
14267
14270
14272
14274
14290
14296
14298
14305
14323
14325
14337
14352
14361
14363
14373
14384
14399
14401
14436
14492
14499
14502
14507
14509
14511
14513
14535
14538
14543
14552
14568
14582
14609
14612
14614
14620
14631
14632
14642
14650
14663
14674
14695
14696
14726
14737
14738
14780
14793
14818
14823
14828
14833
14843
14859
14871
14872
14884
14887
14921
14922
14930
14935
14944
14957
14962
14966
14976
14977
14980
14986
14988
14993
15009
15027
15044
15052
15058
15062
15092
15096
15129
15142
15146
15166
15184
15186
15191
15215
15225
15230
15254
15284
15285
15317
15324
15356
15358
15363
15377
15391
15396
15404
15406
15408
15429
15450
15499
15501
15529
15541
15549
15551
15554
15562
15564
15571
15572
15576
15604
15608
15625
15626
15637
15644
15664
15696
15697
15700
15727
15734
15738
15761
15770
15791
15792
15797
15813
15817
15828
15833
15844
15850
15879
15892
15893
15898
15930
15939
15944
15946
15951
15956
15960
15968
15970
15972
15977
15988
16012
16021
16024
16051
16059
16066
16071
16073
16084
16089
16097
16116
16117
16119
16128
16133
16141
16186
16188
16191
16194
16197
16206
16212
16248
16262
16275
16280
16281
16286
16291
16298
16300
16310
16332
16353
16369
16384
16437
16447
16458
16461
16462
16474
16475
16491
16524
16536
16542
16547
16558
16577
16603
16607
16612
16613
16637
16645
16650
16657
16659
16691
16698
16704
16724
16730
16733
16736
16740
16756
16779
16786
16787
16806
16824
16826
16833
16838
16851
16852
16865
16891
16893
16899
16900
16913
16915
16921
16940
16947
16953
16958
16966
16975
16984
17000
17002
17015
17020
17060
17061
17063
17076
17079
17082
17083
17092
17094
17095
17103
17106
17117
17125
17141
17143
17164
17237
17238
17239
17242
17249
17258
17259
17261
17266
17281
17285
17311
17321
17326
17330
17333
17337
17344
17347
17349
17380
17383
17413
17420
17422
17433
17451
17456
17458
17478
17518
17527
17531
17542
17548
17557
17598
17599
17600
17616
17632
17660
17668
17674
17710
17711
17715
17719
17723
17725
17726
17727
17731
17766
17769
17773
17784
17791
17811
17812
17818
17846
17863
17874
17897
17913
17928
17935
17955
17957
17974
17987
18012
18020
18024
18026
18027
18034
18039
18048
18052
18069
18072
18073
18084
18085
18094
18097
18114
18117
18124
18129
18134
18153
18155
18158
18160
18176
18180
18204
18228
18249
18254
18256
18261
18264
18274
18281
18282
18290
18294
18304
18324
18336
18347
18351
18367
18380
18404
18413
18449
18451
18492
18515
18533
18542
18548
18552
18562
18589
18601
18605
18615
18625
18629
18635
18642
18645
18653
18701
18778
18779
18797
18804
18806
18818
18829
18835
18857
18858
18865
18867
18876
18881
18902
18915
18918
18926
18931
18937
18939
18941
18976
18978
18994
18995
19001
19002
19009
19011
19015
19017
19028
19030
19034
19059
19095
19124
19125
19132
19150
19155
19156
19164
19172
19174
19179
19181
19203
19205
19216
19233
19258
19269
19276
19283
19290
19294
19311
19312
19322
19340
19341
19343
19348
19363
19374
19388
19391
19405
19407
19410
19424
19427
19429
19433
19437
19459
19462
19474
19490
19491
19494
19499
19501
19509
19517
19521
19523
19534
19540
19563
19568
19569
19572
19581
19596
19616
19625
19650
19666
19702
19704
19715
19726
19735
19753
19760
19763
19777
19778
19782
19799
19824
19852
19856
19858
19860
19862
19867
19869
19887
19891
19897
19906
19908
19919
19923
19935
19946
19948
19949
19964
19967
19981
19984
19999
20001
20009
20011
20014
20068
20074
20075
20079
20085
20129
20131
20164
20169
20174
20175
20177
20205
20207
20214
20215
20216
20242
20262
20264
20280
20282
20303
20311
20330
20333
20364
20367
20376
20378
20393
20436
20451
20471
20476
20498
20512
20521
20523
20531
20549
20562
20565
20566
20580
20581
20598
20604
20605
20628
20629
20652
20655
20675
20677
20678
20679
20682
20691
20694
20706
20709
20727
20731
20737
20763
20772
20774
20777
20790
20808
20815
20824
20848
20851
20864
20873
20899
20927
20940
20941
20948
20949
20959
20977
20986
20987
21005
21018
21026
21051
21057
21072
21076
21096
21101
21107
21112
21114
21123
21127
21135
21158
21162
21164
21176
21194
21198
21202
21208
21215
21216
21243
21247
21251
21277
21290
21300
21309
21325
21337
21338
21344
21346
21351
21362
21366
21382
21388
21413
21427
21432
21444
21450
21451
21452
21459
21461
21479
21487
21488
21504
21514
21518
21534
21546
21558
21578
21585
21603
21616
21637
21643
21649
21651
21653
21667
21676
21677
21680
21692
21705
21738
21742
21752
21764
21768
21787
21796
21804
21814
21823
21826
21855
21859
21877
21878
21904
21908
21918
21959
21961
21978
21980
21981
21988
21994
21996
22041
22043
22048
22070
22081
22083
22093
22106
22112
22134
22143
22158
22159
22168
22173
22174
22178
22189
22192
22196
22207
22244
22245
22250
22259
22263
22264
22288
22291
22294
22315
22318
22323
22327
22328
22329
22340
22341
22344
22377
22383
22384
22387
22394
22413
22422
22426
22428
22469
22476
22483
22504
22507
22520
22521
22530
22531
22556
22568
22572
22588
22606
22662
22668
22671
22698
22727
22753
22764
22778
22786
22812
22827
22835
22842
22846
22850
22861
22869
22880
22903
22929
22934
22936
22938
22940
22954
22956
22965
22990
23013
23014
23015
23032
23044
23056
23072
23074
23092
23132
23141
23145
23175
23177
23197
23201
23218
23232
23235
23240
23257
23265
23307
23341
23347
23360
23363
23378
23384
23387
23393
23394
23413
23414
23436
23439
23446
23456
23473
23483
23490
23534
23539
23541
23546
23549
23565
23568
23581
23593
23599
23615
23632
23654
23687
23705
23707
23709
23725
23727
23736
23751
23774
23787
23793
23798
23807
23814
23818
23822
23825
23826
23843
23849
23850
23852
23857
23885
23892
23896
23918
23924
23929
23937
23939
23948
23951
23962
23963
23982
23989
24007
24016
24022
24046
24047
24050
24070
24083
24097
24101
24103
24109
24112
24129
24133
24134
24144
24145
24190
24202
24215
24219
24232
24240
24241
24246
24248
24260
24262
24270
24272
24291
24309
24318
24321
24329
24330
24334
24360
24367
24377
24399
24401
24408
24419
24424
24438
24444
24460
24469
24470
24482
24491
24497
24517
24525
24540
24543
24561
24563
24571
24582
24586
24615
24617
24631
24638
24649
24658
24676
24690
24717
24719
24720
24728
24729
24744
24750
24766
24768
24783
24797
24806
24817
24822
24827
24831
24833
24840
24841
24843
24867
24868
24877
24879
24880
24881
24886
24893
24896
24905
24920
24926
24927
24937
24957
24961
24983
24995
24997
25001
25002
25006
25008
25009
25010
25018
25021
25035
25039
25051
25054
25062
25063
25090
25097
25103
25121
25128
25132
25137
25142
25144
25159
25160
25167
25173
25178
25182
25184
25189
25190
25197
25232
25236
25258
25274
25279
25288
25290
25302
25304
25311
25315
25327
25332
25335
25336
25341
25342
25369
25386
25400
25401
25415
25427
25432
25445
25449
25452
25480
25488
25497
25498
25513
25520
25522
25524
25528
25530
25544
25570
25608
25615
25622
25638
25639
25643
25651
25663
25673
25674
25680
25731
25735
25745
25748
25754
25755
25760
25765
25766
25768
25782
25784
25789
25795
25796
25802
25829
25866
25871
25876
25884
25887
25903
25908
25912
25913
25920
25925
25942
25945
25954
25971
25982
25985
26007
26015
26022
26031
26033
26045
26053
26054
26057
26058
26070
26117
26157
26163
26180
26197
26200
26203
26214
26229
26238
26247
26249
26261
26282
26283
26301
26303
26310
26313
26316
26326
26333
26340
26349
26379
26383
26389
26396
26413
26430
26431
26446
26450
26452
26457
26478
26489
26496
26506
26508
26516
26517
26538
26545
26548
26558
26565
26571
26573
26575
26581
26587
26601
26621
26623
26625
26632
26644
26647
26650
26653
26657
26673
26679
26690
26695
26700
26708
26712
26713
26716
26733
26743
26758
26763
26773
26781
26785
26794
26810
26838
26850
26869
26875
26890
26893
26894
26900
26901
26903
26906
26908
26915
26919
26925
26932
26951
26956
26966
26971
26975
26976
26981
26989
26995
26996
26997
27015
27023
27030
27038
27046
27051
27107
27109
27113
27115
27129
27139
27161
27181
27195
27197
27226
27241
27244
27245
27276
27291
27296
27304
27308
27322
27352
27357
27364
27368
27377
27404
27427
27431
27443
27449
27464
27469
27483
27484
27491
27492
27493
27517
27519
27522
27537
27545
27554
27557
27577
27580
27586
27610
27612
27618
27621
27623
27660
27667
27670
27684
27694
27697
27705
27707
27711
27715
27721
27724
27729
27732
27743
27745
27825
27827
27829
27843
27844
27845
27847
27870
27909
27917
27918
27931
27939
27947
27997
28018
28019
28033
28036
28046
28060
28065
28069
28080
28083
28086
28097
28100
28101
28123
28131
28136
28137
28139
28146
28154
28155
28157
28188
28195
28206
28207
28218
28236
28241
28263
28280
28287
28296
28304
28306
28311
28313
28318
28325
28345
28348
28357
28376
28378
28384
28385
28391
28397
28406
28409
28415
28421
28442
28475
28482
28487
28489
28499
28503
28504
28516
28523
28543
28554
28558
28567
28569
28576
28577
28590
28592
28595
28604
28612
28621
28628
28636
28640
28673
28677
28678
28698
28699
28707
28738
28748
28758
28760
28761
28766
28767
28786
28793
28803
28808
28811
28819
28829
28837
28845
28847
28852
28863
28872
28878
28896
28905
28907
28922
28956
29050
29052
29054
29058
29059
29089
29115
29124
29133
29136
29148
29155
29156
29164
29179
29184
29194
29203
29209
29216
29239
29247
29251
29302
29304
29338
29341
29348
29350
29361
29395
29404
29420
29427
29455
29460
29480
29492
29516
29521
29523
29528
29531
29551
29556
29562
29568
29582
29589
29597
29608
29614
29638
29649
29679
29684
29688
29691
29718
29719
29737
29748
29758
29765
29767
29776
29778
29779
29796
29817
29837
29849
29882
29900
29902
29903
29907
29925
29931
29941
29963
29972
29981
29984
30025
30034
30042
30046
30049
30050
30060
30067
30085
30094
30097
30102
30105
30121
30129
30133
30143
30150
30155
30158
30159
30179
30191
30204
30216
30232
30239
30253
30256
30257
30258
30279
30280
30290
30333
30377
30390
30412
30417
30436
30445
30450
30451
30456
30465
30481
30489
30502
30503
30506
30509
30514
30532
30561
30562
30566
30580
30581
30595
30614
30621
30636
30661
30662
30682
30690
30694
30698
30714
30717
30721
30729
30751
30775
30778
30783
30792
30833
30837
30842
30867
30873
30874
30876
30899
30903
30919
30928
30935
30941
30945
30946
30955
30961
30965
30968
30976
30981
30989
30990
30991
30993
31014
31019
31023
31042
31046
31059
31060
31067
31114
31119
31135
31141
31145
31155
31156
31174
31184
31199
31201
31210
31215
31220
31225
31246
31253
31259
31282
31301
31305
31316
31322
31358
31372
31382
31418
31421
31445
31460
31466
31467
31484
31500
31530
31532
31534
31540
31541
31543
31549
31555
31559
31581
31593
31670
31679
31682
31697
31701
31709
31718
31719
31724
31732
31736
31741
31742
31754
31771
31772
31775
31802
31814
31817
31819
31823
31825
31827
31828
31847
31851
31863
31886
31896
31915
31921
31942
31957
31961
31969
31971
31978
32007
32009
32013
32017
32033
32039
32062
32074
32106
32122
32124
32132
32141
32155
32177
32225
32257
32267
32270
32299
32317
32334
32341
32342
32348
32362
32371
32373
32375
32380
32391
32411
32415
32431
32450
32451
32452
32459
32470
32473
32483
32498
32520
32524
32525
32533
32534
32549
32550
32551
32565
32568
32574
32581
32613
32626
32660
32662
32664
32666
32708
32711
32744
32753
32758
32775
32776
32781
32783
32791
32792
32801
32811
32820
32834
32837
32845
32854
32861
32892
32901
32930
32931
32932
32938
32939
32943
32944
32958
32959
32989
33010
33019
33027
33032
33049
33058
33067
33071
33086
33087
33091
33092
33137
33151
33157
33160
33170
33197
33202
33207
33209
33221
33241
33242
33248
33260
33262
33273
33275
33288
33350
33360
33361
33364
33375
33379
33394
33401
33415
33431
33449
33451
33457
33458
33461
33462
33463
33469
33493
33503
33509
33527
33564
33568
33582
33590
33597
33599
33606
33607
33612
33614
33615
33617
33620
33630
33672
33677
33721
33723
33733
33743
33754
33774
33778
33784
33798
33800
33814
33832
33845
33852
33886
33888
33890
33892
33893
33899
33901
33908
33909
33922
33925
33927
33932
33945
33969
33979
33992
33996
34028
34030
34033
34036
34093
34101
34107
34112
34118
34128
34181
34187
34216
34223
34245
34252
34286
34287
34300
34302
34305
34306
34309
34311
34328
34338
34380
34392
34403
34419
34433
34435
34443
34446
34449
34468
34481
34485
34542
34570
34577
34579
34634
34642
34645
34662
34664
34678
34681
34687
34688
34695
34697
34715
34718
34735
34741
34745
34748
34767
34796
34801
34811
34812
34825
34828
34834
34843
34871
34879
34905
34909
34930
34966
34967
34973
34976
34981
34982
34994
35021
35028
35031
35035
35044
35050
35052
35058
35062
35063
35067
35069
35070
35081
35115
35130
35139
35151
35178
35190
35196
35201
35214
35234
35251
35260
35319
35322
35323
35324
35325
35330
35332
35348
35354
35356
35363
35371
35374
35381
35398
35421
35435
35466
35485
35487
35507
35532
35533
35536
35538
35539
35548
35555
35565
35567
35603
35604
35606
35626
35630
35651
35665
35673
35675
35678
35679
35691
35696
35700
35703
35730
35732
35764
35777
35781
35785
35793
35801
35804
35827
35833
35837
35841
35849
35865
35869
35876
35893
35904
35911
35921
35932
35934
35946
35962
35964
35972
35979
36005
36011
36030
36033
36063
36135
36146
36153
36154
36161
36170
36172
36187
36196
36208
36215
36224
36252
36254
36259
36262
36271
36272
36279
36286
36294
36301
36302
36306
36313
36326
36331
36340
36349
36370
36371
36384
36389
36391
36402
36405
36409
36433
36434
36435
36436
36445
36447
36462
36468
36469
36475
36514
36516
36525
36536
36542
36544
36545
36547
36553
36558
36567
36583
36594
36597
36682
36689
36717
36718
36721
36722
36728
36731
36734
36745
36751
36759
36771
36796
36820
36844
36865
36873
36880
36882
36885
36892
36903
36938
36943
36956
37004
37010
37011
37024
37031
37035
37038
37039
37046
37075
37077
37089
37110
37137
37165
37167
37174
37200
37238
37251
37254
37267
37285
37294
37313
37314
37317
37331
37351
37375
37383
37402
37404
37405
37409
37427
37437
37456
37465
37495
37503
37506
37507
37508
37522
37535
37539
37544
37561
37583
37588
37590
37594
37600
37602
37662
37675
37679
37680
37690
37709
37724
37726
37743
37762
37772
37781
37787
37788
37789
37805
37807
37813
37819
37820
37821
37826
37828
37830
37835
37861
37864
37878
37921
37933
37964
37972
37979
37997
38000
38003
38008
38026
38030
38054
38064
38071
38073
38089
38104
38111
38115
38120
38136
38142
38148
38156
38166
38182
38183
38190
38199
38200
38203
38206
38223
38236
38241
38242
38264
38277
38278
38286
38288
38294
38313
38315
38318
38321
38325
38327
38328
38336
38376
38391
38392
38396
38401
38405
38439
38449
38451
38452
38454
38458
38463
38466
38491
38501
38503
38515
38520
38525
38535
38537
38551
38570
38592
38600
38601
38606
38614
38619
38638
38645
38654
38671
38704
38721
38735
38739
38758
38780
38791
38813
38816
38819
38831
38838
38850
38871
38884
38909
38935
38937
38945
38954
38957
38963
38981
38997
39002
39006
39025
39036
39042
39043
39046
39047
39087
39100
39109
39112
39120
39122
39125
39132
39133
39147
39165
39168
39171
39193
39194
39206
39209
39216
39250
39275
39281
39282
39286
39292
39311
39329
39335
39350
39353
39366
39367
39368
39380
39391
39400
39409
39427
39434
39446
39452
39465
39486
39493
39521
39525
39536
39538
39543
39547
39550
39552
39557
39560
39562
39568
39576
39587
39601
39607
39624
39626
39645
39652
39674
39690
39703
39711
39722
39727
39728
39745
39773
39779
39799
39800
39811
39822
39826
39842
39854
39859
39870
39876
39894
39905
39911
39920
39928
39929
39934
39947
39951
39969
39983
39988
39996
39999
40004
40007
40022
40025
40027
40034
40046
40048
40054
40055
40077
40079
40107
40124
40126
40144
40147
40151
40158
40159
40168
40229
40239
40244
40262
40272
40288
40290
40297
40301
40302
40303
40306
40307
40315
40319
40341
40343
40350
40355
40365
40371
40382
40394
40407
40412
40426
40429
40447
40464
40472
40479
40495
40505
40507
40510
40517
40519
40526
40528
40529
40530
40533
40541
40544
40553
40555
40556
40560
40567
40569
40579
40585
40593
40611
40616
40620
40626
40630
40645
40650
40653
40654
40658
40662
40673
40677
40685
40692
40694
40697
40698
40721
40725
40738
40743
40745
40747
40750
40764
40802
40818
40856
40869
40881
40888
40890
40915
40918
40919
40929
40931
40933
40947
40949
40964
40967
40988
41029
41030
41031
41035
41044
41050
41056
41059
41069
41075
41083
41085
41089
41094
41107
41121
41126
41164
41177
41178
41179
41186
41197
41202
41205
41229
41232
41233
41271
41273
41288
41303
41317
41320
41342
41347
41368
41392
41404
41411
41419
41440
41459
41467
41476
41488
41497
41517
41526
41534
41546
41572
41577
41579
41589
41592
41596
41603
41620
41622
41623
41641
41644
41646
41660
41662
41671
41688
41698
41700
41744
41753
41756
41764
41765
41773
41784
41791
41809
41810
41848
41855
41865
41867
41869
41870
41872
41879
41887
41889
41892
41900
41904
41929
41938
41966
41974
41980
41983
41988
42002
42011
42014
42036
42039
42041
42047
42052
42054
42066
42076
42086
42087
42096
42099
42111
42115
42129
42134
42138
42181
42183
42184
42192
42231
42232
42238
42241
42253
42262
42273
42276
42280
42289
42295
42297
42303
42313
42336
42346
42347
42350
42355
42359
42416
42457
42458
42471
42486
42489
42501
42506
42512
42517
42524
42527
42529
42534
42543
42546
42548
42551
42561
42577
42579
42597
42602
42614
42631
42636
42643
42668
42676
42681
42694
42704
42707
42717
42721
42724
42741
42758
42799
42807
42808
42809
42815
42850
42866
42886
42912
42914
42918
42919
42947
42976
42988
42999
43007
43017
43034
43036
43042
43052
43058
43069
43074
43075
43084
43095
43098
43101
43103
43111
43128
43135
43158
43163
43164
43173
43176
43188
43189
43195
43222
43250
43266
43275
43284
43295
43298
43301
43318
43320
43325
43326
43328
43336
43339
43347
43360
43364
43370
43382
43391
43396
43408
43409
43413
43421
43440
43468
43474
43503
43534
43538
43553
43555
43576
43610
43624
43634
43638
43672
43683
43684
43689
43698
43748
43752
43768
43776
43784
43788
43790
43797
43810
43821
43823
43829
43839
43848
43855
43861
43870
43883
43885
43889
43896
43902
43921
43926
43936
43953
43968
43978
44003
44033
44051
44066
44076
44090
44094
44096
44099
44116
44123
44127
44143
44186
44187
44193
44205
44213
44214
44215
44217
44230
44235
44241
44245
44246
44267
44270
44285
44287
44302
44322
44343
44360
44368
44388
44389
44402
44416
44427
44437
44445
44447
44476
44480
44495
44528
44537
44545
44547
44548
44549
44555
44556
44557
44571
44573
44579
44603
44612
44628
44650
44652
44677
44683
44690
44715
44751
44758
44760
44766
44769
44784
44790
44792
44798
44804
44824
44843
44849
44856
44858
44882
44906
44914
44931
44935
44950
44955
44964
44975
44986
44993
44996
44998
45004
45006
45010
45030
45032
45046
45047
45048
45052
45064
45067
45073
45084
45093
45096
45142
45145
45149
45159
45162
45170
45171
45183
45185
45214
45215
45264
45266
45284
45292
45293
45300
45302
45332
45340
45349
45356
45369
45372
45373
45375
45384
45385
45392
45413
45431
45434
45435
45438
45440
45446
45460
45474
45475
45483
45490
45491
45494
45505
45516
45523
45525
45527
45542
45546
45547
45554
45584
45587
45597
45601
45603
45615
45617
45623
45650
45652
45661
45664
45691
45695
45700
45706
45711
45713
45726
45729
45739
45759
45769
45781
45794
45798
45805
45806
45811
45816
45823
45842
45843
45853
45864
45867
45871
45899
45904
45912
45924
45944
45946
45947
45952
45961
45964
45968
45978
45983
45987
45989
46006
46016
46019
46020
46029
46031
46054
46072
46077
46100
46106
46112
46122
46146
46161
46162
46163
46187
46199
46208
46227
46243
46250
46252
46253
46269
46289
46300
46304
46307
46323
46339
46347
46354
46364
46371
46376
46393
46401
46410
46417
46429
46441
46465
46478
46534
46538
46544
46554
46558
46576
46583
46586
46587
46596
46600
46612
46619
46627
46630
46634
46648
46653
46671
46678
46682
46698
46731
46740
46757
46764
46772
46788
46827
46841
46846
46856
46864
46878
46892
46893
46901
46902
46905
46913
46918
46923
46938
46941
46942
46944
46948
46950
46952
46953
46970
46973
46982
46988
46997
47009
47011
47016
47018
47044
47050
47058
47093
47100
47101
47105
47107
47128
47133
47136
47138
47146
47171
47189
47221
47229
47236
47237
47247
47249
47264
47270
47273
47289
47292
47299
47308
47321
47325
47337
47363
47366
47372
47401
47406
47409
47414
47419
47442
47466
47500
47506
47508
47512
47514
47519
47536
47560
47582
47583
47584
47595
47603
47606
47632
47635
47637
47640
47648
47660
47661
47662
47674
47675
47677
47679
47697
47704
47707
47710
47718
47730
47733
47746
47775
47788
47806
47808
47811
47818
47823
47824
47825
47836
47850
47864
47865
47873
47910
47912
47918
47922
47938
47947
47956
47958
47959
47968
47972
47976
47977
47988
48000
48003
48004
48026
48028
48035
48049
48051
48055
48064
48081
48086
48117
48119
48122
48127
48134
48163
48166
48181
48212
48214
48218
48234
48237
48239
48242
48253
48262
48263
48274
48279
48280
48289
48319
48328
48336
48338
48340
48347
48357
48373
48380
48388
48391
48411
48415
48421
48424
48437
48441
48449
48477
48485
48490
48535
48547
48564
48573
48576
48590
48591
48606
48616
48618
48619
48622
48638
48659
48665
48668
48678
48699
48702
48706
48720
48725
48760
48769
48779
48785
48813
48822
48823
48836
48864
48885
48892
48897
48901
48908
48918
48933
48936
48944
48945
48957
48995
49004
49015
49035
49037
49064
49066
49070
49090
49098
49100
49104
49125
49137
49152
49184
49188
49200
49206
49219
49229
49243
49249
49258
49272
49273
49279
49294
49295
49298
49306
49330
49364
49371
49376
49379
49401
49432
49436
49441
49449
49457
49461
49473
49477
49482
49501
49506
49515
49543
49560
49569
49574
49584
49589
49593
49595
49604
49607
49608
49624
49632
49638
49644
49656
49662
49685
49708
49712
49718
49726
49738
49750
49755
49759
49767
49776
49811
49814
49819
49827
49828
49831
49832
49839
49881
49884
49896
49903
49920
49926
49929
49945
49974
49978
49994
50006
50014
50034
50039
50048
50065
50068
50085
50090
50114
50130
50143
50164
50172
50173
50175
50190
50217
50240
50262
50268
50274
50281
50302
50315
50333
50336
50349
50352
50359
50389
50405
50408
50438
50442
50444
50458
50466
50469
50484
50495
50500
50506
50516
50529
50530
50531
50539
50540
50559
50567
50573
50588
50620
50628
50629
50632
50655
50657
50658
50678
50714
50720
50725
50727
50731
50735
50756
50784
50790
50803
50810
50820
50827
50836
50845
50859
50860
50867
50871
50880
50881
50893
50895
50903
50921
50932
50934
50946
50974
50977
50979
51010
51013
51029
51043
51045
51050
51064
51067
51073
51104
51106
51108
51111
51134
51136
51141
51149
51153
51155
51172
51173
51174
51189
51213
51221
51230
51235
51240
51263
51284
51295
51300
51318
51323
51343
51350
51352
51353
51404
51406
51411
51413
51416
51419
51420
51422
51435
51458
51461
51468
51471
51483
51485
51487
51494
51496
51519
51521
51527
51542
51567
51568
51577
51605
51611
51642
51643
51644
51663
51667
51672
51690
51692
51717
51741
51742
51744
51758
51772
51805
51820
51832
51836
51840
51844
51853
51854
51857
51866
51876
51897
51904
51917
51923
51935
51967
51985
52003
52017
52023
52028
52069
52073
52088
52120
52127
52134
52162
52171
52202
52210
52222
52232
52235
52240
52246
52252
52262
52272
52295
52306
52312
52321
52329
52334
52376
52388
52389
52396
52403
52415
52427
52434
52435
52436
52439
52449
52452
52463
52464
52488
52504
52512
52518
52529
52535
52542
52566
52573
52576
52582
52592
52610
52634
52637
52646
52649
52651
52654
52667
52690
52697
52702
52709
52721
52722
52724
52730
52743
52771
52785
52800
52804
52806
52823
52824
52829
52830
52839
52847
52859
52863
52870
52872
52875
52882
52889
52893
52906
52911
52913
52920
52925
52942
52951
52959
52962
52968
52974
52986
52997
53035
53038
53043
53069
53091
53101
53116
53117
53183
53191
53215
53220
53232
53233
53295
53297
53309
53317
53327
53351
53352
53358
53363
53367
53379
53382
53386
53401
53404
53428
53440
53444
53447
53448
53459
53460
53462
53541
53542
53551
53552
53580
53586
53595
53601
53602
53624
53631
53633
53643
53644
53647
53656
53680
53682
53691
53710
53711
53717
53724
53729
53731
53746
53749
53757
53761
53765
53769
53771
53781
53790
53796
53816
53826
53853
53854
53865
53884
53888
53893
53901
53912
53914
53917
53924
53944
53952
53953
53961
54003
54018
54027
54028
54034
54041
54043
54049
54057
54094
54124
54126
54130
54133
54150
54182
54187
54194
54210
54214
54219
54230
54234
54259
54260
54267
54274
54278
54281
54286
54318
54337
54343
54345
54349
54381
54398
54399
54422
54437
54441
54455
54463
54468
54485
54514
54533
54542
54543
54547
54560
54589
54600
54601
54613
54650
54660
54676
54679
54681
54692
54697
54700
54719
54722
54731
54737
54748
54749
54767
54781
54787
54793
54796
54808
54820
54827
54842
54850
54851
54852
54868
54879
54895
54899
54914
54935
54941
54965
54970
54988
54998
55020
55023
55026
55036
55056
55071
55074
55089
55101
55113
55115
55126
55130
55151
55156
55166
55173
55175
55205
55214
55218
55221
55224
55230
55239
55252
55258
55271
55293
55298
55305
55314
55336
55337
55353
55365
55383
55388
55397
55403
55406
55416
55421
55434
55457
55460
55467
55486
55499
55524
55531
55536
55552
55553
55557
55581
55582
55593
55594
55605
55607
55630
55660
55677
55696
55716
55752
55761
55768
55781
55788
55791
55794
55851
55856
55859
55864
55868
55876
55888
55893
55896
55901
55912
55931
55971
55976
55990
56023
56043
56047
56052
56068
56086
56100
56101
56105
56109
56123
56136
56138
56167
56200
56212
56215
56216
56233
56242
56245
56247
56254
56258
56269
56270
56271
56272
56280
56297
56309
56310
56325
56335
56343
56348
56356
56366
56383
56388
56402
56407
56414
56429
56434
56435
56446
56453
56460
56472
56477
56494
56501
56503
56504
56510
56516
56521
56522
56551
56565
56572
56574
56593
56606
56608
56627
56628
56676
56678
56679
56688
56693
56705
56706
56718
56731
56733
56749
56768
56772
56773
56780
56787
56790
56792
56796
56836
56840
56846
56851
56855
56867
56888
56890
56896
56898
56908
56924
56936
56938
56942
56957
56966
56973
56975
56979
56983
56986
56993
57012
57021
57026
57029
57033
57044
57046
57047
57050
57053
57055
57109
57111
57117
57120
57122
57125
57145
57175
57177
57179
57182
57208
57216
57228
57234
57245
57253
57260
57262
57268
57276
57298
57299
57316
57320
57327
57336
57345
57350
57360
57368
57391
57401
57402
57413
57420
57424
57426
57432
57436
57445
57447
57460
57461
57462
57465
57468
57476
57497
57502
57509
57518
57520
57526
57527
57531
57541
57553
57555
57565
57574
57587
57599
57611
57620
57627
57630
57635
57639
57657
57683
57688
57691
57698
57702
57706
57711
57717
57719
57722
57738
57750
57752
57775
57776
57783
57816
57848
57912
57913
57918
57934
57954
57956
57963
57987
57988
57998
58005
58012
58021
58030
58046
58048
58058
58069
58075
58076
58109
58115
58136
58138
58140
58143
58156
58160
58194
58221
58252
58265
58267
58269
58281
58289
58296
58316
58318
58323
58326
58330
58335
58340
58344
58345
58348
58350
58354
58379
58387
58431
58445
58450
58463
58478
58487
58488
58505
58522
58526
58527
58538
58548
58555
58580
58581
58591
58593
58619
58631
58634
58643
58661
58664
58681
58682
58684
58697
58715
58722
58735
58744
58747
58752
58760
58761
58780
58785
58790
58793
58815
58833
58852
58854
58860
58865
58886
58893
58894
58933
58938
58954
58969
58976
58984
58989
59013
59016
59024
59035
59039
59046
59050
59099
59118
59130
59143
59150
59160
59162
59166
59169
59175
59199
59212
59214
59223
59230
59239
59246
59264
59266
59276
59279
59285
59294
59302
59303
59310
59320
59323
59329
59343
59348
59349
59358
59365
59368
59374
59376
59379
59390
59418
59422
59431
59432
59447
59474
59478
59482
59503
59510
59544
59554
59577
59586
59614
59616
59619
59622
59627
59640
59644
59646
59650
59653
59658
59667
59695
59696
59698
59712
59717
59751
59782
59786
59789
59793
59802
59804
59809
59818
59847
59853
59857
59870
59871
59889
59909
59912
59915
59917
59929
59939
59954
59968
59987
59993
59994
59998
60007
60010
60035
60044
60052
60055
60059
60061
60068
60072
60079
60095
60098
60105
60123
60125
60127
60144
60183
60187
60191
60201
60208
60244
60249
60265
60272
60294
60312
60316
60328
60329
60330
60338
60341
60342
60348
60350
60365
60369
60370
60383
60384
60385
60386
60389
60390
60402
60403
60425
60429
60450
60453
60457
60462
60488
60509
60511
60513
60523
60539
60569
60583
60603
60606
60611
60619
60631
60639
60644
60657
60661
60667
60668
60680
60683
60692
60693
60700
60707
60710
60714
60731
60739
60747
60756
60794
60798
60803
60810
60826
60834
60838
60848
60853
60861
60870
60879
60889
60899
60907
60918
60922
60930
60935
60942
60948
60962
60973
60974
60990
60999
61012
61014
61044
61047
61048
61058
61060
61061
61062
61065
61071
61072
61074
61080
61085
61102
61111
61114
61116
61121
61136
61144
61148
61149
61158
61190
61201
61203
61206
61211
61235
61240
61248
61274
61293
61301
61305
61306
61307
61315
61319
61320
61321
61331
61351
61352
61359
61367
61371
61373
61390
61400
61406
61436
61438
61440
61448
61456
61480
61486
61497
61499
61507
61532
61540
61546
61550
61557
61561
61565
61592
61605
61618
61638
61640
61646
61648
61652
61673
61678
61703
61704
61708
61725
61730
61736
61752
61769
61808
61816
61826
61842
61867
61891
61903
61907
61919
61927
61933
61937
61941
61959
61963
61975
61978
61980
62013
62029
62035
62047
62050
62072
62076
62088
62116
62126
62140
62167
62170
62182
62186
62190
62203
62212
62223
62228
62237
62249
62254
62255
62277
62286
62291
62295
62296
62303
62312
62328
62332
62340
62346
62358
62391
62396
62399
62404
62405
62424
62425
62427
62428
62430
62441
62445
62455
62488
62502
62517
62549
62567
62568
62576
62588
62589
62605
62607
62611
62617
62627
62643
62648
62654
62676
62693
62707
62709
62728
62752
62756
62771
62782
62812
62815
62829
62833
62843
62854
62874
62887
62892
62895
62915
62932
62943
62957
62967
62969
62974
62979
62986
63015
63027
63052
63056
63066
63077
63079
63082
63083
63119
63147
63151
63153
63154
63162
63172
63195
63204
63212
63237
63241
63242
63268
63276
63285
63299
63309
63328
63341
63360
63368
63373
63375
63401
63406
63408
63420
63422
63436
63440
63443
63444
63445
63448
63471
63479
63480
63485
63487
63488
63498
63516
63542
63554
63555
63558
63564
63590
63598
63613
63617
63619
63620
63646
63681
63693
63697
63703
63705
63707
63713
63726
63738
63742
63756
63757
63770
63778
63805
63808
63820
63825
63836
63847
63850
63858
63863
63867
63870
63876
63881
63882
63894
63897
63903
63905
63917
63938
63951
63956
63963
63978
63983
63995
64012
64015
64016
64026
64027
64045
64055
64056
64063
64071
64074
64076
64077
64081
64084
64090
64103
64107
64113
64118
64149
64159
64177
64188
64213
64218
64219
64234
64238
64256
64257
64277
64282
64283
64285
64305
64311
64316
64330
64355
64357
64375
64383
64385
64389
64391
64417
64433
64444
64447
64454
64471
64477
64488
64489
64493
64501
64502
64515
64542
64558
64568
64569
64574
64579
64593
64603
64637
64638
64639
64646
64648
64652
64665
64672
64701
64723
64724
64740
64746
64773
64780
64792
64793
64801
64804
64809
64810
64822
64831
64836
64848
64857
64858
64873
64894
64897
64903
64909
64911
64915
64921
64923
64945
64956
64958
64966
64970
64978
64983
64992
65004
65006
65012
65016
65024
65029
65049
65051
65055
65075
65080
65090
65096
65097
65105
65114
65128
65131
65133
65134
65139
65140
65144
65159
65197
65202
65211
65218
65233
65242
65286
65287
65293
65302
65311
65325
65342
65353
65357
65363
65365
65384
65406
65427
65437
65458
65465
65468
65473
65488
65496
65502
65505
65506
65513
65515
65527
65535
65536
65541
65545
65552
65553
65555
65566
65569
65573
65578
65581
65597
65602
65611
65620
65631
65632
65639
65650
65651
65654
65676
65686
65698
65706
65741
65758
65765
65771
65778
65781
65792
65802
65820
65829
65833
65838
65844
65848
65861
65870
65875
65881
65883
65888
65891
65892
65893
65895
65901
65909
65939
65942
65944
65951
65952
65955
65962
65988
65992
65996
65997
66000
66001
66003
66032
66054
66074
66091
66109
66124
66144
66151
66159
66175
66182
66194
66195
66244
66260
66265
66275
66289
66290
66291
66295
66298
66331
66333
66357
66375
66403
66425
66436
66441
66444
66448
66454
66464
66480
66483
66522
66554
66561
66588
66595
66610
66620
66641
66645
66658
66666
66684
66685
66687
66705
66706
66709
66744
66745
66762
66772
66773
66789
66792
66806
66832
66846
66849
66850
66851
66852
66855
66858
66878
66887
66888
66897
66912
66917
66925
66929
66936
66947
66950
66975
66976
66978
67001
67013
67018
67019
67020
67026
67035
67039
67042
67043
67044
67054
67074
67081
67090
67100
67107
67108
67111
67112
67116
67117
67122
67132
67142
67146
67149
67151
67163
67165
67193
67226
67243
67248
67251
67274
67278
67282
67285
67287
67300
67303
67320
67323
67332
67333
67335
67350
67360
67371
67386
67388
67419
67421
67426
67429
67447
67451
67464
67468
67479
67493
67494
67501
67518
67521
67526
67534
67548
67551
67553
67556
67575
67578
67579
67583
67589
67603
67613
67619
67633
67635
67638
67640
67642
67645
67648
67670
67673
67675
67677
67681
67688
67703
67704
67711
67720
67728
67740
67748
67769
67770
67775
67805
67808
67820
67828
67837
67845
67865
67872
67881
67926
67933
67940
67955
67959
67994
68000
68009
68036
68060
68076
68100
68117
68120
68124
68129
68137
68145
68147
68150
68153
68176
68177
68201
68206
68210
68221
68231
68232
68235
68265
68301
68315
68317
68346
68372
68377
68385
68394
68397
68451
68460
68463
68466
68469
68470
68474
68487
68519
68522
68538
68561
68567
68584
68587
68591
68597
68613
68635
68650
68667
68681
68683
68690
68715
68724
68729
68733
68736
68747
68786
68789
68798
68802
68824
68833
68834
68843
68854
68855
68857
68862
68876
68888
68900
68903
68907
68927
68960
68964
68965
68972
68973
68988
68997
69007
69025
69029
69033
69049
69055
69095
69106
69108
69117
69118
69119
69135
69151
69164
69177
69188
69196
69198
69203
69206
69222
69223
69235
69241
69243
69244
69250
69264
69283
69287
69294
69298
69299
69321
69380
69381
69393
69394
69419
69427
69461
69463
69475
69478
69515
69522
69524
69525
69533
69541
69559
69570
69577
69585
69586
69592
69605
69614
69615
69623
69628
69631
69637
69639
69643
69651
69673
69677
69688
69704
69709
69710
69713
69718
69738
69744
69747
69750
69770
69783
69797
69800
69815
69818
69829
69834
69836
69839
69840
69856
69857
69860
69903
69913
69930
69931
69937
69940
69951
69960
69982
69997
69999
70010
70011
70047
70055
70057
70058
70083
70086
70089
70100
70121
70133
70136
70143
70176
70184
70201
70207
70244
70271
70280
70294
70298
70309
70313
70319
70338
70359
70371
70383
70384
70399
70401
70406
70409
70414
70418
70428
70441
70448
70454
70467
70470
70472
70478
70499
70505
70515
70531
70535
70539
70569
70571
70595
70634
70639
70652
70653
70659
70661
70662
70695
70700
70707
70710
70740
70748
70776
70782
70796
70810
70817
70821
70828
70834
70838
70846
70847
70861
70886
70896
70907
70921
70923
70930
70932
70933
70934
70944
70949
70990
71006
71014
71016
71020
71024
71032
71037
71067
71071
71076
71087
71088
71098
71115
71146
71156
71181
71182
71184
71192
71215
71216
71220
71222
71225
71235
71236
71249
71250
71269
71287
71288
71291
71309
71318
71352
71372
71374
71377
71384
71387
71405
71431
71437
71441
71447
71457
71461
71477
71481
71510
71517
71542
71553
71566
71575
71576
71578
71588
71594
71608
71636
71640
71644
71646
71648
71656
71657
71668
71677
71683
71700
71707
71711
71712
71732
71737
71738
71751
71756
71761
71786
71790
71801
71810
71818
71829
71842
71850
71864
71878
71879
71882
71887
71891
71898
71900
71902
71913
71919
71927
71937
71943
71950
71963
71965
71993
71996
72020
72029
72047
72083
72086
72088
72105
72121
72124
72127
72129
72135
72146
72172
72217
72225
72227
72229
72230
72238
72267
72281
72291
72292
72297
72300
72317
72330
72346
72348
72360
72372
72402
72416
72426
72436
72443
72450
72464
72472
72479
72485
72497
72505
72513
72514
72518
72525
72535
72541
72548
72570
72573
72574
72585
72615
72624
72632
72650
72654
72660
72680
72695
72701
72707
72717
72725
72745
72746
72747
72751
72759
72763
72781
72787
72788
72803
72825
72829
72835
72837
72843
72878
72898
72912
72919
72928
72938
72940
72955
72958
72960
72978
73010
73026
73037
73038
73043
73067
73069
73075
73078
73079
73088
73093
73096
73108
73131
73139
73155
73160
73165
73168
73175
73180
73186
73188
73198
73216
73223
73233
73263
73298
73300
73301
73307
73314
73318
73351
73363
73387
73393
73394
73420
73444
73456
73461
73476
73482
73485
73497
73499
73511
73524
73538
73542
73549
73554
73581
73585
73587
73590
73600
73602
73607
73648
73660
73687
73689
73703
73704
73710
73716
73718
73736
73743
73754
73759
73760
73771
73788
73793
73794
73795
73812
73820
73823
73828
73837
73838
73861
73868
73877
73885
73888
73894
73898
73904
73917
73934
73935
73938
73956
73963
73972
73976
73992
74002
74005
74011
74018
74023
74025
74031
74054
74057
74058
74064
74079
74097
74107
74113
74119
74138
74163
74166
74169
74177
74208
74223
74254
74255
74256
74266
74272
74282
74286
74288
74298
74301
74303
74311
74319
74332
74334
74339
74343
74366
74368
74429
74465
74489
74496
74498
74503
74507
74509
74530
74534
74543
74544
74561
74576
74579
74581
74582
74587
74588
74606
74612
74624
74627
74633
74648
74671
74673
74674
74677
74680
74686
74691
74709
74719
74736
74749
74751
74772
74778
74788
74798
74812
74815
74833
74847
74850
74852
74854
74857
74888
74906
74909
74932
74944
74960
74962
74977
74978
74983
74994
74997
75007
75024
75028
75032
75045
75067
75078
75082
75084
75085
75090
75093
75101
75102
75120
75129
75150
75194
75230
75243
75244
75273
75289
75296
75299
75306
75316
75321
75333
75369
75373
75376
75382
75388
75392
75394
75411
75413
75438
75442
75450
75456
75461
75472
75496
75519
75522
75526
75598
75601
75606
75624
75633
75635
75656
75667
75671
75672
75673
75686
75688
75716
75719
75726
75757
75760
75762
75765
75768
75778
75783
75787
75794
75810
75821
75877
75893
75897
75912
75913
75922
75946
75949
75964
75977
75979
75980
75981
75982
75986
75992
75997
76000
76009
76011
76012
76017
76024
76029
76030
76053
76061
76070
76089
76093
76094
76105
76107
76112
76146
76157
76160
76163
76167
76181
76182
76221
76228
76236
76240
76247
76248
76254
76274
76291
76302
76304
76311
76329
76332
76352
76353
76359
76363
76373
76377
76405
76406
76435
76436
76443
76473
76480
76484
76491
76507
76510
76524
76525
76540
76551
76566
76575
76576
76594
76595
76604
76649
76653
76660
76681
76682
76688
76694
76708
76716
76725
76729
76731
76733
76737
76750
76773
76788
76794
76805
76806
76812
76831
76891
76943
76957
76974
76981
76989
77002
77007
77053
77086
77104
77105
77113
77120
77127
77131
77137
77163
77174
77197
77198
77200
77209
77213
77215
77225
77229
77241
77242
77268
77270
77287
77303
77317
77337
77340
77359
77383
77390
77392
77394
77399
77406
77438
77460
77464
77486
77499
77512
77517
77519
77557
77567
77576
77581
77586
77599
77601
77604
77616
77620
77635
77642
77646
77663
77667
77672
77679
77696
77706
77711
77722
77731
77735
77736
77743
77744
77771
77795
77804
77806
77823
77827
77828
77829
77848
77875
77883
77897
77904
77940
77952
77961
77971
77972
77981
77995
78009
78019
78025
78039
78041
78049
78050
78065
78071
78076
78082
78084
78087
78109
78113
78114
78118
78183
78189
78199
78200
78201
78237
78248
78259
78270
78277
78282
78289
78295
78298
78352
78368
78369
78380
78409
78411
78431
78438
78449
78453
78463
78469
78491
78505
78516
78555
78558
78560
78563
78589
78591
78594
78599
78607
78641
78646
78655
78659
78671
78675
78685
78690
78691
78694
78697
78700
78705
78727
78729
78746
78763
78773
78787
78809
78813
78824
78828
78837
78848
78854
78870
78878
78881
78885
78889
78899
78910
78913
78918
78930
78931
78943
78948
78959
78987
79019
79032
79035
79036
79037
79042
79046
79077
79081
79096
79116
79137
79146
79147
79158
79182
79185
79187
79196
79207
79218
79226
79240
79241
79245
79249
79254
79257
79263
79264
79273
79277
79282
79287
79288
79289
79291
79294
79300
79314
79315
79317
79321
79325
79327
79329
79335
79344
79345
79346
79356
79357
79362
79382
79389
79396
79399
79414
79454
79458
79502
79509
79511
79521
79522
79525
79536
79554
79556
79581
79584
79591
79594
79596
79610
79617
79619
79621
79623
79645
79649
79673
79674
79694
79710
79714
79724
79730
79731
79732
79738
79756
79767
79770
79797
79822
79824
79855
79866
79869
79876
79921
79928
79936
79946
79949
79960
79961
79966
k
