1
10
16
19
20
28
33
45
55
85
86
93
96
97
106
110
137
138
141
151
167
169
172
173
178
180
188
209
225
229
231
239
241
244
295
297
307
310
316
338
341
342
377
399
406
431
432
436
445
448
455
465
467
474
476
483
507
540
557
564
569
575
576
580
618
625
627
634
635
637
653
655
658
667
671
700
702
710
735
740
744
749
798
807
816
819
826
829
883
899
918
945
957
980
1002
1010
1011
1023
1042
1054
1058
1066
1081
1089
1093
1099
1104
1113
1121
1143
1155
1156
1159
1168
1185
1195
1202
1212
1226
1228
1234
1239
1244
1273
1284
1286
1300
1307
1311
1321
1326
1328
1367
1378
1419
1430
1443
1444
1450
1468
1478
1486
1497
1507
1523
1527
1531
1532
1533
1540
1558
1560
1562
1567
1586
1594
1615
1617
1630
1655
1657
1670
1676
1687
1701
1714
1715
1719
1727
1731
1735
1738
1740
1753
1763
1766
1772
1775
1794
1802
1805
1830
1840
1843
1844
1845
1881
1887
1888
1889
1896
1897
1898
1902
1905
1909
1910
1920
1925
1942
1945
1949
1953
1998
1999
2036
2039
2051
2059
2069
2072
2079
2105
2114
2122
2152
2165
2182
2198
2212
2215
2219
2222
2237
2240
2246
2255
2259
2282
2284
2289
2300
2302
2318
2322
2323
2329
2333
2338
2346
2356
2380
2395
2401
2407
2430
2431
2437
2455
2460
2466
2483
2492
2494
2532
2560
2595
2598
2637
2648
2654
2655
2667
2694
2710
2714
2740
2741
2744
2749
2761
2780
2792
2793
2803
2804
2805
2806
2811
2819
2825
2830
2831
2840
2852
2863
2870
2872
2879
2882
2894
2899
2904
2906
2908
2929
2933
2951
2952
2966
2978
2987
2996
2998
3034
3035
3045
3047
3052
3056
3070
3074
3093
3122
3125
3132
3165
3211
3215
3225
3227
3244
3252
3275
3283
3290
3310
3320
3326
3327
3350
3374
3401
3413
3418
3487
3494
3499
3504
3505
3507
3529
3547
3564
3586
3591
3599
3607
3608
3613
3619
3621
3623
3632
3635
3647
3649
3661
3663
3690
3700
3701
3703
3705
3713
3717
3726
3731
3732
3737
3748
3764
3782
3787
3795
3798
3804
3810
3813
3818
3831
3834
3835
3836
3866
3869
3872
3882
3892
3896
3898
3931
3936
3944
3946
3950
3962
3978
3980
3984
3987
3989
4001
4019
4021
4022
4038
4062
4071
4072
4087
4088
4106
4127
4142
4143
4159
4175
4192
4205
4243
4253
4281
4300
4302
4312
4317
4337
4339
4353
4366
4381
4400
4413
4416
4433
4435
4436
4438
4441
4445
4449
4459
4461
4469
4470
4474
4476
4480
4495
4501
4523
4536
4539
4543
4544
4554
4556
4558
4562
4566
4568
4580
4583
4584
4612
4620
4634
4644
4645
4662
4669
4671
4677
4683
4690
4699
4721
4722
4727
4745
4755
4772
4785
4798
4806
4807
4814
4833
4839
4843
4848
4850
4853
4857
4865
4872
4883
4900
4901
4913
4915
4919
4923
4928
4950
4959
4969
4981
4988
4995
4996
4998
5019
5035
5044
5048
5060
5068
5088
5090
5103
5109
5120
5123
5131
5141
5185
5187
5190
5191
5209
5245
5246
5251
5252
5258
5260
5265
5280
5286
5302
5319
5320
5321
5324
5329
5337
5339
5340
5358
5366
5382
5393
5397
5402
5408
5413
5420
5437
5446
5475
5499
5510
5515
5521
5531
5548
5549
5551
5557
5558
5569
5587
5598
5648
5666
5667
5669
5673
5704
5707
5718
5722
5794
5809
5814
5818
5821
5825
5831
5835
5836
5842
5847
5868
5882
5900
5911
5927
5928
5930
5933
5935
5946
5962
5966
5972
5973
5992
6009
6028
6034
6045
6056
6061
6064
6067
6068
6073
6082
6085
6095
6115
6116
6125
6135
6137
6140
6144
6166
6211
6224
6229
6258
6285
6294
6300
6304
6421
6434
6438
6441
6448
6452
6456
6458
6459
6472
6475
6493
6507
6508
6516
6546
6555
6579
6605
6606
6617
6619
6622
6626
6665
6693
6697
6700
6723
6731
6732
6735
6741
6779
6799
6801
6804
6808
6809
6811
6812
6817
6834
6836
6848
6854
6857
6867
6879
6885
6903
6918
6924
6926
6933
6967
6975
7008
7012
7013
7020
7024
7025
7035
7036
7054
7058
7071
7091
7094
7097
7099
7115
7120
7124
7125
7147
7149
7151
7219
7235
7239
7259
7261
7286
7290
7292
7304
7323
7330
7334
7345
7346
7353
7354
7386
7392
7402
7407
7408
7417
7421
7425
7427
7433
7442
7462
7475
7503
7510
7519
7521
7534
7542
7547
7555
7569
7578
7594
7604
7611
7620
7623
7640
7645
7664
7666
7669
7671
7686
7688
7708
7716
7720
7723
7740
7794
7808
7809
7810
7821
7830
7841
7843
7848
7857
7860
7863
7882
7886
7894
7897
7918
7922
7942
7954
7967
7969
7982
7986
7995
k
