1
3
11
13
26
39
47
48
50
102
121
123
129
147
155
160
170
172
177
190
191
198
214
224
225
235
248
253
265
276
281
290
292
302
303
307
317
331
348
358
371
379
386
387
400
422
437
441
458
468
492
498
509
511
512
515
522
526
529
530
536
545
551
552
555
561
580
583
588
598
609
635
641
643
657
668
680
686
690
699
731
736
765
773
793
803
809
810
825
842
844
858
878
895
906
920
928
930
962
1023
1030
1040
1091
1107
1125
1128
1131
1132
1145
1155
1165
1204
1205
1217
1234
1237
1248
1264
1272
1281
1312
1327
1336
1341
1343
1345
1354
1358
1362
1383
1395
1407
1408
1423
1425
1430
1431
1453
1460
1498
1500
1501
1513
1555
1576
1596
1601
1610
1611
1612
1617
1625
1635
1642
1657
1658
1659
1662
1666
1668
1686
1688
1689
1690
1691
1694
1695
1699
1700
1712
1720
1736
1747
1752
1754
1766
1767
1791
1802
1812
1823
1828
1835
1858
1861
1886
1893
1921
1922
1927
1957
1958
1961
1974
1984
1988
2002
2012
2016
2035
2036
2039
2043
2050
2052
2068
2074
2083
2086
2094
2114
2122
2146
2148
2150
2155
2169
2178
2184
2204
2226
2233
2239
2250
2258
2265
2286
2287
2310
2313
2319
2329
2330
2343
2347
2353
2361
2366
2371
2393
2396
2403
2407
2408
2417
2425
2428
2447
2454
2461
2472
2484
2494
2527
2532
2533
2542
2564
2577
2580
2595
2603
2604
2611
2612
2633
2638
2648
2651
2658
2659
2663
2672
2675
2676
2701
2728
2737
2743
2750
2780
2793
2798
2810
2824
2827
2836
2843
2844
2857
2860
2871
2877
2878
2888
2892
2917
2919
2963
2974
2996
3006
3008
3017
3029
3038
3057
3067
3072
3092
3105
3111
3119
3121
3135
3139
3141
3147
3164
3209
3223
3227
3246
3274
3286
3291
3305
3308
3315
3327
3328
3347
3359
3368
3379
3388
3394
3406
3423
3439
3445
3446
3457
3472
3473
3480
3496
3501
3502
3524
3580
3629
3639
3640
3670
3679
3690
3694
3695
3702
3712
3722
3723
3735
3739
3741
3743
3792
3799
3833
3848
3851
3852
3861
3867
3869
3883
3915
3921
3922
3926
3931
3941
3957
3965
4015
4019
4023
4049
4051
4052
4056
4061
4068
4084
4091
4125
4135
4136
4144
4158
4186
4200
4211
4216
4241
4246
4257
4285
4294
4306
4320
4337
4345
4352
4355
4364
4366
4373
4375
4378
4385
4391
4416
4424
4426
4434
4448
4451
4472
4487
4488
4489
4490
4491
4492
4502
4512
4521
4526
4533
4534
4559
4579
4585
4602
4611
4615
4626
4627
4634
4641
4653
4659
4665
4675
4692
4703
4705
4707
4721
4723
4729
4744
4765
4781
4822
4841
4842
4844
4850
4851
4865
4868
4870
4875
4885
4896
4904
4907
4918
4919
4934
4939
4951
4980
4985
4990
4995
5015
5022
5027
5047
5054
5065
5067
5071
5073
5080
5092
5100
5109
5110
5121
5122
5132
5155
5160
5197
5199
5201
5207
5215
5249
5261
5267
5269
5273
5274
5310
5313
5318
5320
5327
5344
5354
5356
5360
5361
5368
5377
5385
5389
5401
5427
5429
5436
5441
5452
5455
5464
5470
5492
5497
5500
5502
5511
5546
5582
5585
5588
5592
5606
5613
5629
5636
5647
5662
5677
5678
5700
5715
5722
5731
5763
5765
5784
5790
5791
5798
5814
5816
5818
5839
5848
5854
5875
5883
5889
5890
5911
5946
5949
5981
5989
5990
6002
6010
6016
6029
6034
6064
6068
6072
6078
6080
6084
6088
6093
6105
6109
6114
6120
6129
6179
6186
6203
6205
6217
6236
6250
6273
6276
6280
6284
6288
6291
6297
6302
6343
6344
6352
6355
6360
6362
6363
6373
6375
6377
6379
6381
6383
6393
6407
6409
6427
6431
6433
6437
6439
6444
6475
6480
6487
6492
6504
6506
6517
6520
6531
6537
6575
6582
6601
6608
6641
6642
6654
6660
6668
6677
6683
6685
6686
6697
6709
6712
6723
6725
6733
6761
6774
6780
6785
6789
6790
6793
6797
6823
6824
6838
6840
6847
6881
6885
6899
6907
6922
6925
6926
6929
6944
6957
6965
6969
6971
6984
7008
7009
7011
7014
7022
7023
7025
7026
7039
7049
7051
7065
7069
7073
7095
7099
7101
7114
7116
7132
7133
7135
7138
7146
7151
7185
7187
7194
7195
7208
7215
7227
7232
7237
7245
7254
7260
7263
7281
7284
7296
7309
7318
7325
7340
7342
7346
7360
7364
7366
7394
7397
7404
7424
7438
7447
7453
7466
7469
7472
7477
7486
7493
7504
7508
7512
7520
7534
7535
7540
7563
7566
7575
7578
7584
7594
7600
7606
7609
7611
7617
7619
7623
7624
7630
7632
7639
7645
7649
7660
7665
7678
7688
7697
7704
7713
7714
7726
7736
7738
7742
7745
7748
7768
7774
7789
7795
7807
7849
7857
7860
7864
7868
7877
7885
7892
7914
7916
7917
7927
7928
7940
7954
7964
7967
7986
8001
8007
8024
8025
8028
8031
8068
8076
8097
8107
8110
8117
8138
8157
8170
8172
8175
8189
8200
8222
8228
8240
8256
8257
8264
8268
8293
8303
8324
8334
8351
8358
8362
8363
8365
8370
8372
8375
8384
8388
8392
8394
8401
8406
8408
8434
8436
8439
8444
8446
8461
8477
8487
8511
8520
8528
8549
8562
8564
8588
8595
8604
8614
8617
8619
8622
8626
8641
8650
8653
8654
8656
8659
8665
8674
8679
8683
8684
8692
8717
8722
8725
8733
8735
8750
8754
8763
8764
8765
8767
8773
8780
8795
8799
8812
8815
8841
8844
8849
8856
8864
8868
8869
8872
8881
8894
8912
8913
8952
8956
8960
8968
8976
9009
9013
9028
9035
9045
9051
9058
9059
9068
9083
9103
9122
9124
9130
9131
9136
9146
9149
9154
9159
9168
9184
9194
9195
9203
9206
9222
9229
9245
9246
9252
9263
9265
9266
9281
9282
9291
9306
9307
9321
9332
9340
9344
9347
9351
9352
9366
9382
9393
9415
9422
9432
9435
9445
9446
9448
9471
9472
9496
9498
9517
9525
9531
9534
9536
9569
9604
9610
9613
9651
9658
9659
9665
9670
9676
9687
9694
9696
9702
9707
9711
9712
9715
9734
9753
9757
9764
9765
9777
9779
9793
9814
9831
9832
9853
9855
9873
9900
9904
9919
9948
9951
9954
9957
9958
9974
9981
9990
9991
9992
9995
10002
10009
10034
10043
10055
10065
10072
10099
10112
10113
10119
10123
10130
10131
10155
10179
10181
10186
10189
10190
10194
10200
10202
10210
10240
10259
10261
10269
10279
10286
10290
10293
10328
10339
10342
10344
10360
10361
10375
10390
10393
10400
10403
10408
10409
10414
10419
10422
10441
10448
10454
10488
10499
10505
10512
10517
10525
10532
10542
10583
10591
10612
10615
10623
10627
10637
10638
10639
10659
10668
10680
10686
10692
10693
10704
10707
10708
10718
10723
10726
10761
10776
10789
10798
10816
10829
10842
10864
10867
10874
10895
10903
10906
10916
10923
10978
10979
10980
10982
10988
11011
11044
11065
11069
11070
11077
11090
11097
11102
11129
11144
11163
11164
11165
11170
11181
11187
11219
11231
11244
11249
11258
11262
11267
11280
11285
11287
11292
11306
11317
11325
11339
11340
11342
11355
11356
11360
11377
11382
11409
11413
11443
11456
11458
11466
11473
11478
11488
11493
11495
11500
11525
11541
11559
11571
11576
11588
11597
11629
11630
11643
11656
11670
11680
11685
11706
11707
11722
11753
11756
11759
11767
11776
11784
11787
11798
11821
11851
11859
11884
11885
11900
11901
11908
11912
11918
11934
11948
11960
11962
11991
11997
12006
12018
12038
12042
12046
12049
12055
12062
12087
12097
12117
12134
12144
12145
12167
12195
12196
12207
12210
12232
12235
12245
12254
12255
12257
12262
12275
12276
12294
12299
12329
12341
12342
12359
12368
12374
12382
12405
12421
12425
12432
12440
12441
12446
12466
12469
12471
12479
12488
12489
12491
12519
12527
12529
12540
12548
12555
12564
12565
12570
12576
12581
12583
12607
12615
12618
12619
12624
12634
12635
12640
12641
12642
12643
12649
12665
12674
12697
12714
12720
12775
12790
12813
12826
12869
12881
12884
12890
12896
12917
12922
12926
12928
12932
12943
12951
12955
12959
12974
12995
13030
13045
13083
13088
13091
13092
13100
13114
13130
13131
13139
13146
13166
13167
13171
13173
13183
13204
13263
13264
13269
13292
13293
13303
13311
13335
13340
13362
13374
13398
13405
13409
13415
13450
13468
13471
13481
13485
13487
13497
13506
13514
13525
13547
13549
13560
13569
13577
13578
13625
13626
13637
13656
13664
13667
13675
13678
13680
13683
13694
13699
13701
13705
13715
13717
13721
13723
13736
13737
13741
13766
13773
13777
13778
13795
13802
13803
13811
13819
13820
13827
13829
13856
13908
13911
13915
13928
13939
13940
13942
13949
13953
13956
13959
13961
13964
13974
13975
13977
13984
13985
14004
14012
14030
14037
14063
14072
14076
14083
14095
14109
14115
14134
14145
14157
14169
14178
14183
14192
14209
14210
14211
14212
14219
14230
14249
14261
14274
14289
14300
14307
14310
14343
14348
14375
14379
14383
14406
14424
14433
14437
14447
14459
14485
14493
14498
14501
14518
14523
14546
14551
14561
14574
14575
14576
14589
14606
14614
14631
14657
14661
14670
14673
14680
14685
14691
14694
14731
14736
14749
14752
14759
14763
14784
14786
14787
14790
14796
14829
14860
14861
14872
14878
14883
14895
14910
14915
14930
14939
14948
14951
14952
14964
14968
14981
14990
14998
15003
15015
15018
15048
15069
15093
15094
15099
15115
15120
15122
15140
15141
15144
15148
15165
15187
15212
15219
15222
15234
15241
15253
15258
15274
15288
15289
15294
15297
15307
15319
15321
15323
15327
15341
15343
15355
15360
15361
15363
15366
15368
15399
15409
15415
15426
15439
15442
15445
15470
15472
15473
15477
15493
15495
15496
15500
15509
15520
15533
15535
15568
15571
15573
15581
15583
15588
15607
15615
15620
15632
15689
15690
15705
15712
15714
15737
15761
15774
15784
15795
15804
15806
15814
15820
15828
15836
15850
15875
15876
15890
15934
15944
15948
15973
15977
15979
15980
15981
15994
15996
15999
16001
16005
16011
16020
16025
16028
16031
16032
16038
16059
16070
16074
16083
16097
16116
16123
16125
16153
16160
16163
16195
16203
16206
16219
16232
16249
16254
16268
16270
16281
16305
16316
16328
16329
16337
16342
16350
16384
16388
16394
16401
16447
16452
16461
16484
16492
16506
16519
16526
16573
16618
16657
16673
16681
16686
16733
16739
16746
16747
16757
16762
16768
16769
16779
16791
16815
16832
16837
16852
16864
16867
16888
16891
16892
16915
16947
16949
16959
16964
16982
16983
16996
17001
17014
17018
17030
17041
17046
17054
17055
17071
17076
17087
17103
17107
17112
17115
17130
17135
17138
17144
17149
17151
17159
17220
17250
17270
17278
17279
17307
17311
17312
17315
17341
17344
17357
17358
17381
17397
17398
17411
17414
17430
17431
17439
17442
17448
17449
17454
17456
17462
17501
17504
17517
17540
17543
17587
17588
17595
17658
17694
17700
17708
17713
17736
17747
17762
17768
17779
17780
17787
17795
17798
17827
17846
17863
17868
17914
17924
17928
17932
17933
17936
17939
17941
17942
17947
17958
17970
17972
17974
17976
17980
17995
18016
18025
18034
18035
18044
18052
18058
18067
18071
18073
18120
18131
18149
18158
18163
18181
18220
18221
18227
18242
18275
18278
18299
18302
18340
18360
18369
18381
18384
18390
18400
18411
18422
18430
18435
18440
18441
18443
18444
18447
18483
18503
18516
18526
18530
18535
18538
18541
18546
18553
18562
18568
18578
18604
18605
18606
18615
18623
18632
18637
18653
18663
18668
18671
18682
18691
18699
18704
18711
18717
18736
18744
18751
18756
18769
18776
18789
18792
18802
18810
18825
18828
18883
18884
18889
18906
18920
18939
18949
18955
18958
18965
18970
18978
18979
19000
19010
19015
19020
19073
19076
19084
19092
19121
19123
19129
19137
19139
19145
19147
19149
19150
19173
19181
19191
19211
19235
19236
19242
19260
19271
19288
19293
19300
19323
19352
19353
19355
19358
19363
19366
19389
19395
19404
19410
19413
19417
19423
19430
19464
19465
19471
19473
19487
19488
19491
19495
19499
19522
19529
19530
19550
19560
19567
19571
19584
19585
19586
19589
19616
19622
19630
19633
19635
19642
19643
19658
19666
19684
19689
19712
19738
19762
19767
19788
19792
19808
19809
19813
19830
19832
19856
19873
19877
19882
19886
19894
19906
19916
19923
19926
19934
19938
19940
19961
19976
19977
19985
19995
20001
20008
20013
20040
20043
20049
20050
20065
20070
20071
20080
20083
20103
20114
20117
20129
20140
20174
20187
20215
20221
20234
20237
20239
20278
20282
20293
20302
20312
20320
20326
20333
20336
20341
20352
20361
20365
20366
20369
20382
20384
20405
20442
20455
20459
20462
20465
20466
20467
20471
20505
20522
20523
20528
20534
20582
20584
20587
20601
20609
20635
20639
20643
20678
20680
20688
20695
20710
20737
20739
20745
20746
20749
20760
20773
20790
20792
20793
20824
20841
20872
20881
20882
20886
20889
20892
20894
20896
20898
20904
20906
20920
20929
20932
20941
20966
20971
20983
21000
21001
21015
21019
21026
21030
21058
21059
21060
21066
21087
21093
21120
21130
21156
21176
21184
21202
21209
21233
21235
21246
21250
21254
21265
21278
21282
21288
21296
21310
21319
21337
21347
21358
21411
21413
21423
21449
21462
21471
21472
21478
21511
21530
21556
21574
21591
21596
21600
21613
21620
21621
21642
21659
21683
21688
21689
21699
21700
21709
21723
21730
21735
21745
21747
21748
21757
21759
21769
21785
21793
21799
21808
21832
21846
21860
21880
21903
21918
21921
21922
21951
21983
21993
21999
22002
22018
22026
22029
22039
22057
22072
22074
22085
22094
22107
22108
22109
22136
22146
22147
22154
22173
22193
22203
22211
22249
22270
22279
22288
22291
22294
22299
22308
22343
22346
22353
22371
22374
22399
22400
22402
22410
22412
22416
22419
22424
22432
22441
22447
22451
22467
22479
22487
22488
22495
22503
22526
22528
22529
22541
22557
22563
22601
22606
22617
22621
22629
22639
22645
22655
22674
22684
22692
22701
22702
22715
22720
22732
22751
22752
22754
22757
22759
22765
22776
22777
22780
22790
22803
22807
22825
22836
22843
22849
22851
22883
22887
22888
22907
22911
22932
22971
22982
23001
23019
23020
23025
23032
23040
23051
23056
23060
23065
23070
23079
23082
23093
23111
23116
23125
23128
23137
23143
23149
23173
23178
23185
23198
23226
23229
23238
23254
23256
23263
23268
23270
23278
23298
23308
23311
23327
23330
23338
23390
23391
23394
23406
23420
23422
23428
23438
23477
23478
23484
23495
23498
23502
23568
23573
23575
23576
23584
23597
23609
23616
23626
23632
23633
23635
23664
23671
23678
23683
23724
23730
23736
23752
23788
23807
23813
23827
23844
23866
23869
23872
23884
23888
23889
23897
23899
23902
23916
23921
23927
23955
23961
23966
23970
23973
23976
23981
23984
23990
24005
24006
24008
24011
24022
24023
24026
24043
24048
24050
24053
24064
24066
24068
24078
24093
24100
24120
24134
24141
24146
24150
24154
24177
24200
24212
24223
24250
24253
24258
24267
24269
24270
24305
24320
24321
24329
24339
24342
24354
24362
24363
24364
24366
24368
24372
24392
24416
24417
24421
24440
24442
24458
24475
24481
24491
24492
24529
24530
24604
24627
24648
24649
24673
24678
24680
24687
24703
24726
24732
24733
24740
24741
24742
24782
24785
24795
24797
24817
24819
24833
24854
24866
24882
24890
24895
24935
24952
24964
24967
24974
24975
24999
25015
25018
25029
25034
25047
25051
25059
25065
25073
25109
25115
25116
25123
25130
25131
25135
25150
25171
25177
25180
25183
25188
25200
25207
25212
25247
25256
25264
25268
25274
25291
25295
25310
25314
25326
25328
25337
25396
25419
25455
25469
25489
25492
25495
25503
25513
25522
25523
25546
25562
25598
25607
25615
25644
25646
25652
25665
25679
25690
25732
25748
25753
25762
25767
25770
25771
25773
25780
25789
25796
25806
25817
25827
25828
25830
25833
25835
25839
25846
25849
25859
25875
25878
25884
25887
25891
25903
25908
25917
25919
25942
25943
25965
25968
25970
25975
25983
25984
25997
26033
26034
26055
26065
26068
26070
26072
26081
26092
26100
26111
26124
26138
26140
26146
26150
26151
26166
26167
26172
26177
26187
26195
26197
26198
26200
26211
26221
26238
26246
26255
26265
26309
26318
26322
26324
26326
26328
26336
26347
26357
26379
26389
26394
26397
26404
26409
26428
26461
26465
26467
26476
26477
26523
26525
26539
26545
26549
26553
26556
26567
26569
26581
26594
26613
26616
26617
26625
26635
26682
26693
26710
26714
26722
26723
26800
26802
26807
26841
26843
26858
26892
26926
26945
26963
26986
26995
27041
27042
27043
27045
27049
27050
27052
27057
27088
27115
27119
27135
27155
27163
27183
27196
27202
27216
27253
27257
27276
27316
27326
27341
27351
27356
27380
27396
27399
27408
27424
27436
27456
27465
27466
27488
27495
27497
27498
27501
27502
27509
27529
27536
27540
27541
27551
27571
27572
27583
27588
27589
27598
27600
27625
27642
27649
27650
27678
27681
27690
27697
27713
27717
27727
27729
27765
27766
27776
27800
27808
27817
27846
27857
27858
27872
27893
27913
27920
27931
27937
27942
27956
27981
27997
28003
28014
28026
28030
28032
28041
28053
28076
28078
28116
28118
28125
28133
28155
28191
28211
28213
28225
28228
28230
28231
28237
28245
28251
28257
28265
28280
28297
28311
28315
28327
28330
28334
28349
28394
28402
28406
28420
28426
28435
28444
28461
28473
28474
28475
28480
28486
28493
28519
28534
28536
28553
28557
28569
28576
28600
28605
28616
28621
28633
28674
28683
28697
28698
28702
28711
28721
28750
28751
28764
28809
28811
28812
28816
28818
28824
28826
28829
28834
28837
28841
28844
28846
28874
28898
28918
28936
28943
28970
28992
29012
29034
29046
29049
29073
29083
29089
29128
29137
29140
29144
29156
29157
29190
29200
29220
29222
29234
29237
29239
29251
29256
29261
29263
29271
29272
29275
29295
29300
29320
29322
29338
29349
29367
29368
29372
29377
29386
29392
29402
29410
29413
29414
29416
29445
29467
29470
29482
29490
29492
29517
29520
29542
29545
29569
29575
29597
29623
29628
29673
29677
29679
29684
29685
29716
29726
29727
29733
29739
29743
29754
29768
29771
29776
29781
29798
29802
29809
29813
29820
29835
29838
29853
29876
29880
29881
29893
29917
29940
29952
29957
29963
29971
29995
29997
30008
30010
30035
30044
30047
30078
30083
30090
30091
30103
30107
30113
30117
30137
30139
30147
30153
30166
30174
30177
30179
30184
30192
30193
30196
30198
30203
30218
30233
30239
30240
30246
30248
30256
30265
30277
30281
30296
30301
30309
30312
30314
30324
30335
30336
30353
30355
30360
30371
30385
30388
30390
30391
30404
30407
30410
30423
30439
30447
30452
30470
30481
30482
30492
30497
30502
30524
30526
30544
30551
30553
30558
30562
30563
30568
30579
30580
30598
30600
30601
30608
30623
30626
30639
30672
30683
30734
30739
30744
30748
30749
30754
30755
30764
30787
30791
30792
30811
30812
30822
30827
30829
30850
30874
30878
30890
30902
30904
30938
30950
30951
30953
30956
30962
30969
30970
30991
30999
31001
31022
31023
31028
31047
31060
31061
31067
31098
31134
31145
31179
31199
31203
31205
31213
31229
31230
31231
31235
31236
31243
31247
31273
31285
31308
31314
31332
31334
31344
31360
31372
31374
31379
31384
31385
31411
31419
31420
31422
31429
31434
31451
31456
31463
31467
31469
31474
31491
31494
31526
31529
31542
31585
31586
31589
31612
31633
31644
31648
31662
31679
31688
31692
31710
31715
31733
31735
31736
31738
31752
31753
31768
31779
31780
31784
31796
31799
31805
31820
31834
31840
31849
31860
31868
31875
31877
31881
31885
31890
31894
31895
31902
31907
31920
31988
31991
32029
32085
32098
32113
32126
32143
32150
32153
32164
32180
32187
32189
32190
32193
32206
32227
32238
32271
32280
32282
32293
32296
32305
32315
32326
32358
32365
32383
32387
32388
32394
32395
32410
32419
32440
32448
32496
32499
32500
32522
32531
32549
32562
32563
32564
32570
32575
32586
32592
32594
32607
32632
32643
32651
32653
32660
32682
32688
32690
32698
32705
32718
32732
32735
32756
32757
32758
32767
32779
32796
32802
32824
32830
32835
32839
32840
32843
32844
32854
32868
32876
32878
32879
32890
32891
32902
32910
32914
32918
32919
32927
32956
32978
32981
32985
32989
32992
32995
33000
33003
33022
33027
33040
33063
33068
33072
33077
33079
33089
33094
33106
33116
33118
33119
33122
33123
33128
33143
33159
33162
33180
33181
33182
33215
33233
33234
33244
33254
33266
33268
33276
33283
33286
33288
33289
33291
33294
33334
33335
33368
33380
33381
33383
33386
33402
33452
33482
33492
33498
33504
33508
33510
33528
33536
33538
33544
33564
33583
33585
33599
33604
33611
33649
33653
33655
33683
33693
33709
33731
33736
33756
33777
33780
33783
33786
33803
33807
33809
33812
33835
33840
33844
33845
33851
33861
33879
33912
33923
33948
33951
33973
33985
34025
34028
34033
34055
34061
34070
34072
34098
34117
34145
34148
34164
34165
34169
34179
34205
34207
34220
34222
34229
34267
34269
34286
34291
34296
34299
34309
34310
34311
34319
34322
34324
34327
34329
34330
34333
34335
34347
34348
34353
34362
34374
34376
34377
34379
34386
34390
34402
34429
34430
34450
34456
34458
34482
34488
34497
34511
34519
34526
34547
34548
34562
34577
34611
34631
34641
34644
34647
34649
34659
34674
34675
34679
34687
34695
34701
34716
34720
34733
34750
34756
34758
34768
34771
34772
34773
34778
34807
34840
34846
34856
34881
34910
34913
34919
34925
34928
34934
34940
34959
34962
34972
34985
35015
35021
35026
35029
35035
35041
35056
35063
35069
35073
35078
35083
35097
35105
35120
35131
35139
35140
35145
35146
35181
35184
35203
35204
35222
35242
35250
35257
35278
35288
35291
35296
35305
35310
35312
35332
35335
35341
35358
35364
35368
35387
35403
35410
35418
35419
35420
35435
35450
35452
35462
35472
35484
35524
35549
35556
35560
35588
35599
35601
35605
35611
35614
35624
35655
35668
35671
35675
35697
35727
35729
35735
35736
35741
35742
35743
35745
35755
35757
35780
35781
35783
35786
35799
35812
35840
35857
35860
35864
35866
35890
35891
35892
35901
35925
35926
35933
35935
35939
35940
35944
35949
35969
35992
35999
36000
36004
36010
36018
36044
36118
36133
36143
36149
36155
36159
36175
36202
36205
36209
36215
36234
36258
36286
36293
36335
36346
36354
36359
36399
36403
36418
36460
36470
36476
36478
36482
36486
36511
36530
36544
36547
36554
36583
36594
36600
36602
36604
36612
36620
36633
36649
36660
36665
36704
36708
36712
36720
36724
36730
36753
36766
36769
36774
36796
36828
36833
36878
36886
36890
36896
36901
36907
36910
36916
36930
36935
36941
36945
36964
36969
36973
36974
36975
36976
36980
36992
37000
37012
37023
37035
37041
37042
37068
37081
37108
37115
37121
37126
37129
37137
37148
37157
37160
37161
37167
37174
37180
37187
37191
37223
37224
37246
37269
37276
37313
37328
37334
37348
37357
37361
37365
37369
37378
37385
37389
37390
37400
37401
37425
37433
37434
37442
37466
37467
37478
37484
37491
37494
37526
37558
37572
37576
37578
37579
37588
37589
37592
37609
37614
37622
37628
37639
37652
37661
37669
37671
37693
37697
37713
37714
37719
37741
37744
37752
37755
37777
37779
37782
37790
37795
37807
37822
37834
37844
37852
37853
37857
37858
37874
37888
37898
37933
37934
37943
37986
38002
38003
38006
38049
38055
38083
38118
38123
38136
38154
38164
38166
38173
38182
38190
38192
38203
38216
38217
38218
38220
38233
38246
38252
38263
38266
38272
38306
38312
38314
38324
38326
38330
38338
38349
38350
38353
38361
38366
38374
38376
38377
38386
38397
38402
38415
38416
38423
38426
38467
38478
38489
38492
38501
38515
38519
38527
38532
38546
38548
38563
38581
38596
38627
38633
38634
38643
38644
38645
38658
38660
38662
38666
38667
38675
38689
38692
38706
38717
38747
38756
38771
38778
38792
38864
38878
38945
38948
38949
38969
38988
38989
38995
39019
39032
39034
39041
39045
39051
39060
39067
39084
39089
39097
39128
39130
39145
39149
39158
39174
39183
39197
39214
39231
39263
39267
39269
39273
39274
39287
39291
39305
39316
39354
39356
39388
39390
39400
39422
39423
39429
39455
39458
39462
39473
39500
39502
39507
39540
39551
39591
39604
39608
39621
39622
39625
39635
39641
39653
39680
39682
39688
39714
39719
39733
39735
39741
39746
39748
39771
39774
39786
39788
39804
39818
39859
39862
39876
39877
39882
39917
39918
39921
39923
39930
39931
39960
39981
39982
39989
39998
40025
40027
40029
40035
40056
40086
40092
40095
40102
40111
40131
40141
40155
40156
40162
40165
40167
40168
40180
40183
40192
40202
40204
40220
40230
40232
40256
40262
40263
40278
40286
40292
40313
40318
40324
40349
40367
40368
40385
40421
40436
40454
40458
40469
40482
40488
40493
40496
40510
40517
40533
40558
40575
40583
40594
40598
40601
40604
40605
40612
40627
40637
40639
40646
40660
40664
40682
40695
40709
40738
40752
40754
40763
40803
40806
40810
40835
40837
40839
40843
40852
40856
40857
40861
40863
40872
40878
40880
40882
40888
40905
40906
40938
40952
40953
40956
40959
40963
40966
40978
40981
41025
41031
41033
41049
41051
41067
41073
41076
41096
41129
41131
41137
41156
41169
41176
41178
41189
41194
41203
41216
41225
41243
41244
41248
41249
41257
41265
41268
41278
41283
41301
41305
41306
41356
41377
41404
41408
41466
41473
41474
41478
41480
41481
41492
41512
41523
41529
41531
41534
41537
41544
41552
41553
41563
41579
41587
41590
41597
41625
41643
41647
41649
41650
41654
41659
41670
41685
41711
41731
41732
41743
41755
41769
41780
41787
41797
41820
41830
41841
41846
41859
41869
41879
41897
41913
41918
41923
41924
41938
41958
41960
41988
41996
42005
42014
42028
42035
42040
42045
42050
42055
42072
42084
42123
42125
42137
42145
42164
42182
42191
42210
42216
42218
42221
42224
42227
42233
42237
42261
42264
42265
42290
42302
42307
42308
42338
42372
42386
42394
42395
42398
42419
42433
42438
42449
42455
42462
42468
42483
42491
42500
42511
42532
42554
42559
42563
42568
42589
42602
42612
42622
42628
42660
42664
42673
42682
42688
42697
42702
42703
42709
42711
42720
42728
42730
42741
42747
42762
42767
42768
42776
42782
42785
42793
42795
42798
42809
42824
42849
42857
42864
42884
42885
42895
42903
42904
42905
42910
42918
42928
42932
42933
42935
42950
42961
42963
42970
42972
42985
42995
42997
43001
43026
43030
43031
43044
43046
43055
43066
43071
43098
43109
43115
43119
43142
43148
43153
43161
43186
43191
43205
43224
43236
43239
43256
43259
43265
43278
43296
43306
43310
43319
43323
43325
43334
43348
43363
43374
43388
43395
43397
43401
43409
43422
43424
43435
43449
43454
43456
43465
43483
43496
43527
43530
43531
43533
43550
43566
43570
43572
43586
43590
43592
43597
43598
43601
43603
43608
43612
43628
43636
43647
43650
43655
43670
43680
43737
43741
43745
43751
43753
43760
43763
43765
43766
43773
43780
43802
43822
43826
43830
43837
43838
43841
43846
43865
43871
43883
43884
43885
43910
43912
43914
43944
43961
43982
43991
44006
44035
44036
44048
44058
44077
44087
44093
44103
44157
44176
44192
44193
44202
44208
44214
44220
44226
44234
44237
44239
44241
44249
44252
44257
44258
44260
44270
44272
44278
44281
44289
44295
44308
44309
44310
44325
44340
44348
44351
44352
44353
44359
44376
44384
44388
44435
44446
44448
44469
44473
44489
44492
44497
44510
44518
44547
44579
44587
44588
44595
44605
44607
44608
44620
44621
44637
44645
44688
44697
44699
44710
44712
44742
44757
44761
44762
44785
44801
44803
44806
44819
44828
44834
44846
44853
44868
44888
44894
44906
44911
44931
44934
44940
44947
44952
44959
44960
44962
44977
44979
44988
44990
44993
45004
45005
45032
45044
45047
45082
45088
45097
45117
45119
45130
45132
45155
45158
45160
45175
45176
45178
45187
45190
45200
45208
45224
45227
45234
45247
45255
45267
45281
45289
45293
45295
45300
45312
45329
45332
45337
45348
45351
45354
45357
45362
45365
45375
45385
45389
45402
45405
45412
45417
45423
45428
45444
45453
45483
45485
45506
45523
45527
45536
45538
45542
45556
45563
45580
45583
45586
45602
45606
45625
45628
45629
45639
45657
45660
45665
45667
45675
45678
45692
45695
45705
45706
45712
45714
45716
45727
45731
45735
45736
45749
45771
45774
45787
45791
45808
45813
45823
45841
45874
45890
45898
45902
45907
45924
45925
45935
45937
45943
45948
45949
45957
45958
45959
45974
45976
45977
45979
45980
45984
45991
45995
46003
46016
46018
46026
46030
46048
46071
46074
46079
46081
46092
46114
46116
46118
46128
46139
46149
46171
46172
46213
46214
46216
46230
46246
46247
46250
46257
46271
46286
46291
46331
46332
46348
46359
46364
46367
46393
46395
46400
46409
46415
46419
46429
46431
46444
46445
46453
46468
46470
46472
46516
46528
46539
46549
46555
46559
46572
46585
46588
46611
46630
46631
46636
46637
46642
46677
46694
46708
46719
46720
46726
46736
46739
46743
46744
46754
46755
46759
46771
46798
46801
46804
46812
46814
46817
46822
46834
46841
46846
46850
46854
46860
46878
46879
46883
46889
46955
46956
46964
46994
47011
47018
47026
47039
47040
47043
47044
47054
47059
47060
47090
47100
47105
47116
47121
47137
47139
47148
47163
47178
47188
47205
47208
47211
47248
47249
47265
47278
47300
47314
47342
47352
47367
47369
47373
47375
47379
47383
47393
47418
47420
47450
47452
47454
47457
47476
47510
47511
47566
47569
47577
47601
47609
47639
47652
47664
47676
47688
47697
47700
47736
47750
47819
47825
47830
47838
47851
47852
47900
47902
47908
47944
47950
47953
47955
47964
47972
48019
48024
48030
48031
48060
48061
48065
48068
48070
48082
48101
48108
48126
48146
48157
48161
48164
48165
48166
48184
48194
48199
48206
48213
48243
48257
48273
48277
48285
48289
48328
48338
48347
48350
48367
48370
48371
48379
48389
48423
48424
48432
48475
48479
48489
48496
48499
48502
48508
48512
48515
48519
48522
48523
48524
48542
48544
48549
48567
48572
48578
48589
48593
48636
48637
48643
48645
48676
48694
48706
48722
48769
48770
48781
48784
48800
48801
48818
48820
48844
48876
48879
48885
48900
48907
48913
48929
48937
48938
48941
48949
48959
48963
48970
48983
48990
48997
49005
49025
49033
49044
49056
49068
49078
49085
49088
49104
49115
49116
49161
49176
49182
49203
49220
49234
49274
49287
49307
49329
49337
49339
49342
49366
49375
49387
49412
49417
49443
49457
49473
49479
49484
49494
49495
49497
49510
49547
49560
49570
49595
49600
49619
49625
49647
49658
49659
49662
49677
49685
49702
49716
49719
49725
49733
49740
49777
49779
49780
49816
49819
49839
49842
49849
49867
49868
49877
49878
49900
49907
49917
49927
49935
49957
49961
49981
49991
50007
50010
50011
50028
50030
50035
50062
50068
50076
50082
50097
50111
50112
50119
50120
50127
50135
50148
50168
50177
50179
50184
50192
50206
50212
50223
50235
50249
50262
50269
50279
50281
50308
50337
50344
50350
50364
50365
50368
50374
50375
50405
50420
50425
50441
50464
50469
50473
50476
50493
50501
50504
50509
50511
50514
50518
50543
50580
50617
50642
50662
50665
50671
50677
50683
50688
50701
50736
50740
50747
50758
50769
50776
50781
50797
50805
50809
50825
50838
50841
50847
50849
50854
50874
50875
50901
50906
50909
50921
50922
50930
50940
50946
50970
50971
50978
51002
51003
51005
51018
51024
51029
51052
51059
51092
51115
51124
51125
51143
51144
51148
51151
51171
51172
51175
51203
51205
51208
51219
51238
51248
51263
51269
51271
51274
51280
51281
51288
51293
51294
51297
51309
51328
51332
51339
51349
51356
51362
51365
51373
51381
51401
51420
51424
51450
51455
51462
51466
51469
51478
51490
51493
51497
51499
51503
51508
51509
51515
51524
51525
51531
51553
51572
51573
51577
51584
51590
51621
51625
51629
51649
51653
51662
51664
51675
51677
51679
51686
51687
51722
51728
51730
51744
51753
51757
51771
51782
51785
51788
51794
51799
51814
51817
51823
51831
51833
51867
51873
51888
51895
51910
51914
51920
51926
51947
51959
51962
51967
51971
51975
51980
51984
51989
51993
51996
52012
52022
52024
52031
52036
52041
52053
52056
52060
52088
52094
52128
52135
52160
52175
52177
52191
52204
52205
52211
52240
52241
52250
52258
52265
52270
52281
52283
52295
52304
52308
52310
52323
52347
52372
52378
52386
52389
52400
52401
52420
52423
52445
52455
52461
52479
52499
52502
52504
52519
52521
52531
52546
52562
52569
52584
52593
52610
52624
52656
52661
52668
52669
52684
52692
52703
52709
52721
52725
52733
52738
52750
52766
52789
52790
52800
52824
52845
52846
52853
52869
52873
52877
52878
52879
52882
52888
52897
52909
52914
52915
52928
52929
52940
52941
52951
52952
52967
52972
52973
52974
52979
52999
53013
53022
53024
53033
53036
53050
53056
53061
53090
53094
53100
53103
53106
53113
53125
53145
53171
53176
53187
53189
53207
53215
53220
53229
53231
53232
53243
53246
53249
53255
53271
53272
53285
53297
53302
53305
53308
53322
53349
53350
53355
53376
53395
53396
53397
53414
53422
53440
53448
53450
53455
53458
53474
53478
53487
53496
53511
53526
53556
53572
53608
53609
53633
53639
53648
53660
53673
53683
53693
53706
53723
53728
53733
53743
53746
53766
53772
53781
53801
53803
53807
53814
53816
53823
53824
53830
53848
53863
53877
53886
53889
53899
53900
53928
53930
53937
53947
53951
53952
53958
53971
54009
54015
54030
54045
54051
54055
54065
54088
54108
54120
54127
54159
54170
54171
54177
54179
54192
54194
54200
54202
54208
54210
54213
54220
54221
54224
54230
54239
54242
54244
54246
54253
54257
54264
54268
54276
54280
54286
54287
54295
54297
54308
54316
54327
54344
54350
54351
54353
54358
54361
54382
54386
54395
54419
54422
54430
54431
54447
54451
54457
54460
54462
54503
54532
54552
54555
54557
54559
54563
54579
54587
54591
54605
54611
54617
54618
54632
54642
54643
54645
54650
54669
54670
54675
54682
54691
54698
54703
54716
54726
54728
54741
54763
54769
54774
54855
54870
54874
54885
54892
54910
54911
54941
54943
54947
54962
54977
54992
54997
55001
55015
55019
55026
55029
55031
55041
55062
55081
55083
55086
55092
55097
55102
55111
55113
55114
55124
55125
55129
55130
55137
55149
55150
55159
55176
55188
55200
55206
55207
55226
55235
55246
55250
55253
55264
55265
55270
55274
55276
55277
55278
55279
55294
55310
55322
55337
55339
55348
55358
55367
55377
55386
55391
55395
55405
55430
55433
55440
55449
55456
55472
55484
55485
55509
55526
55527
55537
55560
55567
55572
55587
55612
55618
55627
55633
55638
55656
55674
55677
55680
55682
55689
55697
55701
55712
55722
55730
55731
55755
55758
55770
55785
55794
55811
55812
55817
55818
55823
55826
55831
55839
55853
55855
55870
55889
55895
55897
55905
55915
55928
55936
55945
55954
55957
55963
55964
55984
55999
56047
56056
56057
56062
56079
56086
56100
56104
56112
56113
56158
56163
56168
56180
56189
56195
56203
56215
56224
56236
56237
56245
56250
56264
56295
56299
56305
56330
56342
56354
56365
56387
56412
56419
56420
56435
56442
56451
56469
56481
56483
56485
56491
56493
56501
56512
56520
56526
56532
56533
56538
56542
56556
56574
56581
56587
56595
56601
56604
56607
56608
56624
56625
56629
56631
56644
56694
56704
56711
56713
56717
56760
56761
56772
56775
56776
56784
56814
56817
56819
56823
56844
56860
56869
56872
56893
56919
56982
56992
57028
57033
57071
57075
57080
57085
57087
57107
57111
57112
57118
57125
57126
57127
57144
57151
57161
57169
57176
57186
57208
57224
57228
57230
57266
57267
57268
57271
57272
57276
57277
57281
57291
57294
57335
57342
57362
57372
57376
57377
57413
57415
57435
57444
57447
57469
57483
57487
57505
57535
57543
57548
57559
57614
57626
57640
57643
57671
57673
57682
57685
57691
57692
57700
57701
57705
57726
57735
57740
57748
57756
57757
57762
57784
57791
57792
57793
57806
57809
57816
57817
57847
57852
57868
57888
57895
57908
57911
57924
57927
57944
57947
57962
57979
57984
58013
58018
58029
58030
58036
58051
58064
58066
58074
58077
58082
58095
58097
58109
58158
58164
58171
58172
58173
58184
58206
58207
58210
58212
58213
58216
58250
58289
58322
58323
58334
58350
58352
58359
58364
58399
58434
58439
58458
58466
58470
58483
58485
58515
58528
58546
58563
58591
58596
58598
58601
58604
58618
58630
58643
58651
58652
58662
58667
58708
58711
58719
58723
58734
58747
58759
58770
58774
58781
58790
58797
58811
58821
58846
58856
58864
58867
58877
58888
58897
58923
58927
58939
58944
58958
58966
58969
58977
58981
59005
59027
59029
59066
59086
59096
59098
59124
59139
59151
59152
59158
59164
59174
59177
59184
59188
59190
59202
59206
59210
59218
59225
59228
59243
59264
59265
59267
59277
59287
59292
59306
59313
59335
59352
59376
59385
59393
59433
59444
59450
59453
59464
59483
59494
59519
59522
59527
59533
59546
59552
59557
59558
59562
59564
59567
59571
59572
59574
59577
59581
59591
59614
59624
59629
59643
59679
59681
59687
59691
59707
59718
59726
59737
59740
59756
59767
59775
59779
59805
59810
59811
59817
59828
59831
59834
59869
59880
59882
59895
59904
59916
59936
59948
59957
59976
59977
59983
59985
60033
60043
60044
60062
60128
60137
60147
60175
60177
60188
60192
60200
60206
60208
60215
60226
60231
60234
60238
60245
60246
60255
60259
60269
60291
60301
60308
60323
60325
60335
60386
60388
60415
60430
60432
60435
60440
60455
60459
60461
60462
60470
60483
60484
60496
60506
60507
60517
60540
60559
60560
60572
60579
60580
60586
60599
60609
60611
60622
60634
60639
60641
60650
60651
60675
60678
60697
60698
60727
60741
60745
60748
60753
60767
60774
60789
60795
60811
60812
60815
60827
60832
60846
60863
60864
60866
60870
60874
60877
60879
60897
60917
60925
60927
60949
60952
60957
60966
60975
61008
61017
61043
61044
61053
61058
61071
61072
61080
61086
61111
61115
61131
61132
61138
61142
61143
61153
61181
61189
61200
61206
61210
61219
61228
61244
61245
61247
61253
61257
61290
61296
61301
61311
61375
61382
61394
61400
61403
61409
61410
61422
61433
61440
61452
61471
61482
61491
61495
61502
61504
61535
61543
61544
61551
61553
61559
61564
61565
61594
61598
61636
61647
61655
61656
61664
61668
61670
61675
61678
61690
61704
61710
61726
61738
61743
61744
61751
61752
61767
61769
61796
61798
61801
61805
61812
61813
61818
61834
61841
61845
61856
61868
61877
61887
61904
61908
61931
61942
61965
61997
62000
62002
62012
62014
62021
62025
62034
62042
62076
62107
62111
62170
62172
62177
62197
62202
62212
62221
62228
62252
62253
62261
62264
62265
62268
62279
62328
62344
62351
62394
62395
62401
62414
62424
62431
62444
62453
62459
62462
62463
62464
62496
62503
62509
62513
62533
62535
62536
62556
62558
62561
62576
62579
62584
62596
62601
62605
62621
62644
62645
62658
62662
62664
62666
62669
62680
62686
62698
62699
62705
62707
62709
62717
62729
62738
62740
62753
62758
62759
62766
62768
62769
62774
62793
62802
62836
62865
62868
62873
62877
62881
62882
62883
62884
62890
62892
62894
62902
62916
62917
62919
62931
62933
62934
62943
62948
62949
62951
62953
62955
62988
62992
63004
63011
63033
63040
63048
63067
63074
63076
63086
63091
63122
63137
63140
63143
63149
63168
63185
63193
63203
63212
63217
63224
63241
63256
63257
63260
63261
63268
63273
63290
63298
63299
63355
63361
63392
63397
63404
63412
63420
63433
63449
63450
63459
63461
63467
63475
63495
63498
63508
63510
63529
63536
63550
63553
63554
63579
63589
63607
63622
63636
63641
63658
63660
63664
63687
63693
63694
63696
63704
63713
63746
63751
63766
63771
63781
63786
63788
63807
63814
63821
63825
63843
63844
63849
63902
63909
63924
63932
63938
63948
63966
63971
63974
63981
63984
63994
63995
64020
64030
64034
64041
64043
64059
64069
64088
64102
64110
64112
64117
64132
64161
64165
64166
64179
64210
64212
64234
64242
64259
64291
64295
64299
64307
64326
64328
64330
64348
64350
64352
64359
64360
64373
64385
64399
64402
64437
64440
64441
64447
64458
64469
64482
64491
64496
64498
64500
64524
64540
64569
64575
64588
64593
64610
64621
64680
64693
64722
64744
64746
64761
64763
64769
64770
64776
64816
64829
64838
64840
64851
64863
64864
64867
64872
64873
64895
64905
64906
64907
64912
64921
64924
64926
64928
64934
64935
64938
64939
64945
64948
64956
64960
64966
64968
64979
64985
64995
64999
65007
65012
65014
65062
65075
65096
65105
65127
65135
65166
65172
65181
65195
65200
65209
65220
65226
65247
65253
65256
65280
65286
65306
65307
65308
65310
65325
65332
65339
65358
65362
65368
65392
65393
65406
65408
65413
65428
65436
65437
65450
65469
65482
65494
65495
65496
65500
65501
65512
65518
65561
65562
65567
65572
65581
65590
65610
65618
65624
65633
65670
65684
65694
65710
65713
65719
65729
65751
65773
65785
65786
65798
65800
65803
65805
65809
65812
65813
65833
65846
65850
65851
65862
65864
65882
65883
65886
65897
65901
65907
65911
65932
65941
65951
65952
65954
65962
65963
65964
65969
66017
66021
66051
66057
66080
66096
66107
66119
66140
66175
66176
66212
66214
66218
66220
66241
66256
66263
66269
66306
66308
66320
66321
66322
66338
66340
66344
66347
66351
66358
66377
66383
66409
66411
66419
66423
66435
66452
66460
66462
66466
66467
66468
66473
66476
66478
66486
66498
66515
66531
66534
66554
66555
66557
66558
66604
66605
66625
66637
66638
66649
66653
66661
66664
66675
66685
66703
66706
66735
66736
66737
66741
66748
66754
66777
66784
66791
66798
66809
66811
66818
66824
66828
66837
66838
66843
66844
66849
66876
66912
66916
66918
66931
66935
66987
67008
67023
67043
67052
67081
67093
67100
67107
67108
67132
67146
67150
67158
67165
67172
67178
67200
67201
67209
67226
67231
67235
67242
67264
67271
67276
67283
67287
67297
67300
67302
67331
67333
67336
67338
67342
67359
67361
67367
67393
67403
67421
67427
67442
67475
67482
67485
67487
67498
67501
67503
67507
67551
67591
67613
67620
67637
67641
67648
67652
67674
67686
67698
67723
67726
67732
67735
67751
67756
67780
67785
67798
67801
67840
67850
67853
67860
67861
67876
67878
67879
67901
67924
67941
67947
67949
67954
67959
67963
67981
67995
68005
68016
68025
68041
68063
68068
68075
68079
68083
68102
68108
68111
68114
68132
68181
68191
68200
68208
68232
68248
68250
68279
68302
68306
68325
68332
68337
68349
68354
68362
68365
68380
68381
68385
68400
68403
68405
68413
68423
68424
68435
68436
68437
68445
68460
68476
68482
68483
68500
68501
68504
68510
68520
68531
68538
68545
68549
68552
68561
68562
68569
68583
68584
68586
68587
68590
68594
68609
68614
68616
68621
68623
68627
68644
68650
68663
68665
68670
68688
68709
68727
68741
68742
68743
68755
68760
68776
68784
68785
68791
68810
68821
68827
68831
68861
68879
68880
68898
68909
68921
68929
68930
68935
68951
68959
68966
68969
68976
68977
68996
69016
69023
69032
69036
69046
69059
69063
69064
69077
69091
69100
69113
69136
69141
69144
69150
69163
69166
69173
69187
69197
69235
69246
69258
69264
69271
69280
69282
69286
69292
69299
69334
69341
69349
69350
69351
69356
69373
69379
69411
69449
69452
69474
69487
69494
69506
69513
69541
69579
69590
69591
69598
69602
69604
69606
69613
69631
69658
69664
69670
69672
69705
69719
69733
69734
69775
69799
69821
69882
69883
69885
69889
69891
69897
69915
69919
69926
69927
69929
69930
69947
69951
69971
69979
70000
70008
70030
70031
70032
70033
70043
70069
70105
70107
70131
70142
70147
70148
70150
70168
70181
70184
70193
70218
70222
70258
70259
70266
70275
70276
70296
70315
70318
70333
70340
70351
70357
70388
70391
70404
70414
70424
70428
70434
70436
70462
70476
70528
70533
70542
70550
70561
70593
70594
70630
70634
70644
70645
70681
70698
70700
70725
70734
70738
70759
70761
70764
70778
70802
70806
70813
70816
70821
70828
70851
70860
70870
70877
70886
70897
70905
70914
70921
70922
70923
70932
70942
70944
70946
70953
70955
70970
70987
70992
71002
71009
71014
71029
71032
71047
71063
71065
71070
71079
71098
71100
71103
71129
71131
71138
71140
71143
71148
71149
71155
71158
71160
71166
71170
71190
71201
71205
71207
71217
71218
71233
71239
71244
71247
71254
71255
71269
71276
71288
71290
71301
71329
71339
71342
71348
71354
71361
71365
71375
71384
71386
71392
71412
71423
71424
71429
71432
71453
71456
71479
71484
71488
71491
71518
71521
71522
71523
71536
71548
71579
71581
71602
71613
71621
71634
71648
71657
71664
71676
71704
71711
71713
71721
71751
71756
71763
71767
71770
71791
71793
71823
71825
71839
71858
71860
71887
71898
71900
71901
71938
71951
71961
71998
72010
72012
72018
72035
72045
72058
72062
72074
72081
72144
72157
72160
72164
72166
72171
72182
72185
72192
72200
72202
72226
72228
72230
72237
72239
72246
72261
72274
72286
72288
72304
72305
72320
72324
72381
72390
72391
72401
72415
72431
72435
72437
72445
72454
72456
72473
72477
72498
72528
72536
72558
72564
72577
72587
72595
72619
72652
72655
72662
72692
72694
72719
72729
72733
72739
72742
72749
72764
72778
72781
72789
72795
72815
72818
72821
72826
72830
72839
72848
72872
72873
72891
72927
72938
72940
72956
72962
72974
72999
73001
73008
73020
73028
73035
73036
73049
73067
73082
73091
73096
73097
73105
73113
73128
73129
73144
73149
73153
73155
73164
73176
73187
73192
73194
73204
73234
73237
73253
73264
73283
73284
73286
73290
73293
73301
73304
73305
73310
73313
73320
73324
73332
73346
73350
73351
73353
73381
73384
73389
73399
73400
73403
73412
73416
73427
73431
73438
73443
73452
73463
73475
73485
73491
73498
73506
73521
73535
73538
73545
73549
73576
73587
73596
73602
73605
73613
73622
73632
73645
73662
73693
73700
73701
73715
73722
73723
73731
73734
73746
73757
73762
73764
73791
73809
73813
73822
73829
73833
73841
73844
73869
73894
73901
73927
73934
73936
73940
73942
73956
73958
73983
73991
73997
73999
74013
74016
74017
74025
74039
74044
74045
74050
74056
74073
74075
74108
74130
74153
74155
74158
74163
74168
74169
74172
74174
74187
74191
74228
74237
74238
74243
74252
74262
74263
74285
74287
74301
74304
74316
74317
74331
74334
74344
74345
74348
74350
74351
74382
74383
74393
74394
74404
74422
74436
74455
74462
74497
74510
74520
74553
74557
74558
74568
74580
74591
74594
74608
74609
74610
74631
74636
74646
74654
74661
74666
74670
74688
74702
74721
74723
74726
74732
74734
74743
74746
74751
74773
74776
74778
74794
74803
74804
74819
74826
74832
74834
74846
74854
74865
74876
74883
74902
74905
74919
74951
74959
74966
74972
74990
74997
75017
75061
75079
75086
75092
75162
75164
75168
75206
75212
75258
75270
75281
75282
75283
75301
75304
75318
75332
75340
75349
75350
75353
75370
75384
75397
75402
75403
75408
75421
75429
75437
75441
75442
75449
75451
75472
75477
75489
75493
75494
75495
75523
75554
75564
75574
75593
75595
75607
75625
75639
75641
75649
75657
75664
75670
75695
75703
75717
75722
75725
75755
75756
75764
75769
75771
75775
75786
75787
75789
75798
75799
75805
75810
75837
75844
75848
75870
75894
75907
75909
75914
75916
75918
75934
75938
75947
75958
75981
75983
75992
76003
76006
76015
76023
76027
76038
76040
76060
76065
76066
76080
76081
76090
76094
76109
76115
76116
76117
76130
76134
76162
76165
76170
76212
76230
76231
76248
76262
76295
76306
76311
76312
76334
76359
76363
76370
76378
76384
76386
76397
76422
76436
76471
76477
76478
76485
76523
76529
76541
76542
76554
76560
76570
76574
76587
76617
76642
76657
76681
76699
76704
76711
76726
76731
76733
76735
76736
76738
76744
76771
76774
76776
76787
76791
76800
76821
76822
76827
76840
76841
76844
76848
76853
76862
76866
76873
76877
76880
76888
76890
76907
76918
76925
76932
76949
76954
76978
76983
76985
76987
76991
76994
77016
77023
77035
77059
77068
77074
77078
77079
77086
77112
77133
77138
77140
77147
77154
77160
77162
77178
77179
77181
77183
77189
77190
77196
77214
77229
77230
77246
77253
77271
77283
77285
77291
77301
77307
77319
77347
77373
77386
77418
77421
77423
77427
77435
77438
77447
77465
77470
77473
77474
77482
77483
77490
77494
77520
77529
77533
77542
77546
77549
77550
77563
77573
77583
77609
77610
77611
77616
77625
77636
77637
77640
77649
77659
77664
77669
77673
77681
77685
77697
77701
77708
77710
77722
77725
77726
77728
77776
77792
77818
77825
77827
77832
77837
77847
77859
77860
77874
77884
77888
77902
77904
77906
77909
77917
77925
77933
77934
77940
77944
77952
77968
77984
78034
78054
78079
78090
78116
78120
78129
78135
78152
78213
78224
78226
78228
78230
78235
78236
78266
78280
78320
78331
78334
78352
78380
78393
78396
78402
78403
78413
78419
78422
78428
78432
78442
78452
78458
78479
78480
78488
78496
78511
78512
78544
78555
78565
78596
78599
78617
78619
78621
78627
78628
78630
78636
78640
78641
78644
78648
78654
78662
78683
78692
78709
78714
78719
78728
78747
78759
78765
78785
78800
78810
78815
78828
78847
78850
78851
78862
78869
78870
78882
78890
78918
78923
78935
78954
78958
78979
78997
79021
79033
79034
79041
79043
79044
79045
79049
79053
79060
79062
79068
79075
79105
79113
79136
79158
79167
79168
79188
79214
79215
79228
79233
79241
79252
79258
79274
79277
79286
79296
79305
79324
79331
79341
79353
79355
79374
79380
79387
79412
79421
79424
79426
79434
79440
79449
79450
79452
79457
79459
79463
79477
79480
79525
79534
79537
79556
79565
79567
79578
79582
79586
79596
79607
79608
79647
79648
79651
79655
79661
79666
79679
79687
79692
79725
79736
79737
79740
79742
79756
79765
79773
79784
79800
79806
79811
79823
79830
79839
79843
79857
79869
79892
79896
79900
79902
79907
79908
79912
79924
79925
79987
79999
80008
80023
80041
80056
80057
80070
80071
80074
80089
80093
80100
80121
80123
80129
80136
80151
80157
80171
80184
80205
80210
80224
80230
80238
80257
80271
80274
80275
80282
80283
80306
80310
80314
80319
80323
80340
80344
80363
80386
80398
80401
80445
80456
80464
80468
80470
80474
80475
80482
80485
80486
80489
80505
80511
80513
80516
80518
80521
80537
80547
80555
80573
80588
80600
80628
80639
80641
80656
80662
80664
80734
80739
80746
80759
80767
80777
80787
80789
80802
80813
80826
80844
80852
80854
80860
80880
80893
80905
80912
80915
80929
80939
80952
80955
80965
80982
80997
80999
81013
81017
81033
81036
81038
81048
81051
81053
81064
81067
81072
81100
81105
81144
81168
81169
81172
81174
81183
81187
81192
81198
81207
81212
81222
81230
81239
81240
81245
81247
81248
81280
81287
81288
81291
81302
81335
81340
81366
81377
81396
81397
81409
81433
81439
81460
81464
81466
81473
81478
81483
81503
81509
81521
81524
81530
81540
81543
81547
81564
81572
81582
81585
81590
81592
81596
81639
81647
81654
81660
81663
81665
81686
81695
81700
81710
81721
81722
81725
81744
81758
81764
81771
81784
81832
81847
81852
81871
81891
81897
81911
81931
81940
81944
81960
81987
81996
82020
82021
82031
82039
82046
82052
82054
82059
82078
82080
82089
82096
82105
82114
82125
82136
82139
82168
82169
82175
82201
82210
82216
82233
82234
82259
82266
82267
82271
82291
82297
82308
82311
82330
82337
82338
82351
82354
82369
82372
82419
82426
82434
82435
82438
82443
82449
82451
82457
82458
82468
82474
82476
82483
82505
82517
82521
82522
82523
82534
82542
82544
82557
82575
82617
82618
82636
82654
82661
82665
82667
82676
82684
82690
82697
82722
82765
82766
82767
82778
82779
82783
82788
82814
82816
82833
82853
82854
82858
82863
82879
82898
82905
82907
82912
82930
82938
82954
82958
82959
82963
82989
82994
83003
83011
83029
83035
83051
83060
83069
83096
83110
83150
83169
83177
83182
83190
83195
83212
83216
83222
83234
83245
83271
83275
83290
83300
83309
83347
83350
83355
83370
83376
83381
83397
83403
83425
83426
83438
83439
83456
83470
83471
83483
83487
83500
83508
83518
83528
83529
83542
83544
83571
83585
83587
83591
83592
83597
83603
83605
83611
83618
83634
83635
83636
83646
83650
83656
83659
83660
83671
83677
83691
83704
83707
83730
83731
83748
83749
83750
83754
83760
83761
83763
83768
83780
83785
83786
83820
83830
83833
83840
83845
83873
83910
83914
83918
83938
83952
83961
83967
83998
84006
84016
84018
84024
84048
84057
84065
84089
84103
84117
84128
84143
84145
84186
84188
84201
84236
84237
84263
84276
84284
84287
84298
84300
84312
84351
84356
84357
84370
84387
84403
84413
84416
84424
84425
84435
84444
84449
84485
84488
84491
84496
84499
84505
84511
84520
84536
84542
84547
84552
84565
84571
84575
84584
84586
84610
84611
84616
84627
84631
84647
84663
84671
84684
84694
84725
84732
84735
84738
84748
84751
84756
84763
84766
84767
84771
84776
84782
84790
84800
84805
84808
84811
84837
84863
84901
84907
84913
84938
84940
84943
84946
84952
84955
84959
84968
84975
84977
84987
84994
85033
85035
85064
85067
85077
85082
85089
85119
85124
85141
85157
85175
85183
85184
85200
85211
85222
85232
85245
85246
85272
85285
85286
85302
85304
85329
85379
85380
85383
85384
85399
85401
85423
85425
85426
85435
85446
85447
85451
85461
85466
85479
85495
85498
85504
85509
85513
85540
85544
85550
85552
85558
85570
85587
85589
85618
85630
85647
85655
85664
85692
85721
85754
85757
85758
85759
85770
85786
85801
85810
85813
85816
85822
85826
85843
85845
85870
85908
85911
85916
85930
85933
85937
85938
85941
85958
85965
85982
85983
85984
86000
86001
86038
86054
86065
86067
86085
86087
86094
86095
86115
86121
86126
86134
86140
86144
86146
86157
86165
86206
86211
86217
86234
86235
86236
86266
86271
86272
86281
86283
86287
86288
86295
86297
86305
86313
86356
86376
86378
86381
86387
86415
86416
86420
86426
86436
86464
86471
86481
86485
86486
86495
86503
86530
86533
86534
86538
86539
86553
86564
86577
86578
86586
86606
86621
86625
86637
86639
86650
86668
86671
86683
86685
86719
86738
86758
86776
86777
86783
86788
86789
86791
86798
86804
86836
86855
86856
86858
86865
86890
86891
86893
86914
86922
86925
86927
86928
86936
86938
86951
86981
86982
86987
86992
86993
86997
87000
87026
87035
87039
87041
87046
87058
87071
87074
87098
87108
87112
87133
87135
87137
87149
87155
87156
87157
87164
87180
87205
87213
87226
87234
87243
87244
87253
87274
87277
87290
87292
87295
87303
87305
87321
87323
87324
87350
87352
87354
87366
87373
87376
87425
87429
87440
87442
87446
87460
87466
87493
87495
87496
87499
87503
87508
87509
87534
87540
87569
87572
87581
87599
87618
87639
87640
87684
87697
87702
87716
87718
87722
87724
87726
87742
87749
87758
87762
87786
87800
87813
87826
87828
87869
87870
87874
87878
87886
87930
87939
87945
87952
87966
87970
87973
87980
87985
87987
87988
88004
88021
88050
88078
88081
88089
88090
88096
88100
88122
88132
88137
88149
88160
88163
88174
88201
88207
88215
88227
88253
88257
88269
88274
88278
88289
88294
88297
88316
88318
88326
88334
88336
88353
88361
88365
88374
88381
88393
88404
88419
88433
88439
88441
88443
88445
88447
88455
88476
88478
88482
88488
88489
88499
88508
88512
88516
88537
88541
88565
88567
88568
88597
88599
88600
88613
88617
88636
88645
88649
88662
88675
88676
88680
88700
88713
88722
88724
88728
88740
88751
88755
88768
88769
88775
88790
88797
88804
88806
88815
88820
88825
88839
88846
88851
88873
88880
88890
88898
88911
88915
88931
88932
88933
88942
88946
88968
88971
88986
89003
89005
89012
89014
89032
89050
89067
89075
89083
89098
89099
89103
89118
89126
89129
89131
89133
89141
89159
89187
89189
89190
89192
89201
89222
89225
89226
89243
89247
89251
89252
89253
89261
89262
89265
89267
89283
89287
89295
89302
89311
89319
89327
89336
89359
89366
89394
89397
89406
89421
89441
89458
89460
89475
89481
89487
89495
89501
89512
89546
89569
89578
89591
89593
89615
89620
89621
89623
89631
89645
89646
89648
89650
89651
89654
89655
89659
89660
89670
89676
89683
89719
89747
89755
89771
89776
89786
89794
89798
89812
89815
89819
89869
89881
89883
89908
89910
89922
89929
89951
89953
89954
89957
89967
89972
89975
89987
90013
90016
90020
90023
90037
90039
90058
90062
90075
90077
90084
90085
90086
90092
90093
90108
90111
90145
90147
90150
90160
90171
90183
90196
90206
90210
90218
90224
90235
90240
90243
90251
90261
90263
90290
90292
90304
90316
90323
90326
90327
90329
90334
90370
90386
90393
90397
90402
90416
90435
90441
90442
90447
90453
90461
90484
90486
90491
90498
90499
90509
90540
90545
90549
90551
90556
90579
90584
90590
90604
90626
90628
90637
90658
90676
90690
90698
90705
90707
90708
90711
90712
90714
90728
90731
90746
90749
90754
90777
90785
90800
90808
90816
90820
90838
90850
90852
90853
90859
90866
90884
90885
90888
90900
90903
90905
90914
90939
90946
90948
90953
90961
90973
90979
90994
90998
91002
91009
91012
91029
91030
91062
91069
91076
91090
91100
91109
91113
91117
91125
91129
91131
91136
91149
91157
91158
91165
91172
91173
91177
91179
91195
91201
91246
91262
91263
91267
91271
91296
91308
91327
91342
91362
91364
91384
91391
91395
91404
91408
91411
91445
91449
91450
91451
91459
91467
91481
91489
91491
91494
91495
91517
91539
91547
91550
91551
91553
91554
91567
91569
91570
91572
91607
91610
91623
91628
91644
91671
91685
91691
91717
91728
91738
91752
91753
91760
91763
91766
91768
91777
91784
91794
91796
91799
91802
91827
91829
91833
91848
91853
91860
91877
91886
91892
91902
91905
91929
91938
91940
91941
91952
91953
91971
91978
91983
91985
91986
91992
91999
92011
92038
92054
92056
92065
92070
92076
92080
92082
92112
92117
92158
92162
92178
92182
92183
92188
92202
92210
92240
92252
92266
92268
92286
92302
92307
92310
92319
92339
92355
92372
92373
92378
92381
92393
92395
92397
92402
92406
92411
92413
92414
92436
92437
92439
92440
92462
92467
92471
92474
92494
92497
92503
92511
92540
92541
92567
92576
92580
92594
92602
92621
92622
92638
92642
92644
92645
92655
92664
92677
92681
92696
92700
92701
92707
92731
92736
92739
92744
92758
92766
92773
92802
92808
92819
92826
92836
92844
92846
92855
92859
92862
92876
92878
92879
92881
92894
92904
92908
92911
92920
92935
92936
92946
92947
92966
93008
93009
93013
93033
93039
93052
93071
93079
93084
93090
93092
93104
93106
93111
93128
93129
93137
93154
93165
93173
93174
93176
93182
93183
93192
93195
93211
93213
93227
93231
93234
93236
93239
93255
93258
93271
93274
93284
93285
93288
93290
93294
93296
93304
93316
93326
93333
93346
93348
93355
93360
93362
93387
93398
93401
93403
93412
93417
93424
93430
93432
93445
93459
93464
93465
93471
93473
93480
93488
93501
93506
93523
93529
93543
93546
93564
93565
93567
93581
93585
93586
93595
93596
93608
93611
93612
93613
93616
93619
93665
93677
93679
93689
93693
93703
93740
93749
93763
93769
93773
93777
93835
93875
93878
93880
93894
93922
93928
93931
93940
93946
93959
93973
93977
93981
94002
94006
94017
94030
94060
94064
94066
94070
94079
94115
94139
94147
94159
94162
94180
94183
94210
94214
94217
94224
94235
94238
94253
94317
94325
94340
94348
94349
94354
94355
94368
94383
94394
94398
94402
94408
94419
94446
94458
94481
94486
94487
94517
94519
94523
94528
94537
94545
94547
94557
94574
94583
94597
94601
94603
94630
94657
94679
94688
94694
94696
94701
94716
94726
94737
94752
94756
94758
94761
94778
94779
94793
94803
94804
94827
94830
94833
94847
94863
94883
94884
94893
94905
94912
94917
94953
94961
94975
94981
94986
94994
95004
95012
95019
95026
95046
95065
95070
95079
95082
95087
95089
95152
95166
95175
95192
95211
95224
95225
95232
95263
95271
95272
95278
95289
95292
95294
95298
95316
95317
95320
95322
95354
95357
95379
95381
95402
95413
95443
95446
95450
95451
95482
95483
95489
95493
95506
95512
95516
95518
95521
95530
95537
95546
95548
95563
95569
95571
95580
95609
95610
95616
95626
95641
95650
95660
95661
95691
95692
95693
95710
95712
95713
95718
95721
95734
95750
95751
95757
95760
95767
95771
95780
95789
95813
95815
95829
95840
95844
95850
95857
95866
95870
95878
95890
95896
95899
95905
95931
95966
95969
95973
95977
95979
95989
96004
96006
96015
96022
96030
96036
96047
96057
96058
96059
96065
96070
96075
96082
96083
96104
96131
96142
96177
96187
96190
96194
96201
96209
96211
96212
96220
96228
96244
96246
96248
96255
96279
96288
96297
96306
96326
96327
96329
96334
96338
96343
96351
96353
96399
96413
96421
96425
96447
96463
96473
96475
96489
96492
96500
96503
96520
96533
96544
96557
96592
96611
96636
96645
96647
96651
96674
96696
96706
96708
96710
96712
96738
96749
96765
96787
96788
96793
96795
96798
96799
96802
96809
96816
96817
96825
96843
96892
96900
96907
96909
96911
96918
96925
96926
96927
96939
96958
96966
96983
96987
96993
96996
96998
97009
97012
97029
97036
97049
97050
97054
97058
97069
97115
97133
97146
97148
97159
97165
97176
97187
97190
97206
97216
97219
97231
97232
97256
97268
97270
97282
97285
97286
97299
97321
97333
97337
97344
97349
97353
97362
97382
97386
97388
97398
97408
97411
97415
97424
97434
97436
97446
97454
97462
97471
97475
97479
97484
97490
97493
97510
97517
97534
97536
97539
97542
97566
97582
97585
97589
97594
97597
97602
97604
97611
97635
97641
97645
97646
97655
97666
97700
97701
97710
97713
97718
97724
97743
97758
97759
97812
97824
97836
97854
97855
97857
97867
97870
97880
97889
97897
97908
97929
97949
97962
97963
97964
97975
97985
97986
97989
97992
97996
98004
98007
98036
98038
98041
98048
98071
98073
98086
98090
98107
98111
98128
98132
98137
98162
98167
98190
98211
98218
98224
98226
98236
98246
98248
98260
98270
98272
98281
98296
98309
98318
98335
98339
98340
98363
98370
98380
98382
98405
98410
98428
98433
98435
98444
98450
98466
98479
98490
98504
98523
98530
98547
98555
98560
98562
98566
98571
98572
98573
98583
98598
98610
98620
98621
98623
98651
98654
98706
98709
98712
98716
98718
98745
98777
98789
98798
98804
98811
98827
98838
98840
98846
98857
98870
98872
98875
98886
98902
98905
98914
98925
98928
98937
98938
98941
98950
98959
98960
98975
98980
99002
99010
99017
99033
99073
99086
99099
99113
99114
99129
99140
99145
99150
99151
99163
99181
99184
99219
99229
99232
99233
99239
99252
99267
99271
99272
99274
99281
99300
99302
99310
99313
99315
99342
99355
99370
99372
99380
99383
99385
99389
99394
99396
99416
99431
99439
99451
99480
99484
99486
99489
99500
99508
99525
99532
99542
99546
99553
99579
99593
99607
99614
99627
99640
99643
99645
99648
99651
99666
99667
99672
99679
99682
99686
99703
99706
99724
99732
99738
99741
99746
99751
99753
99772
99775
99777
99781
99806
99809
99813
99824
99830
99837
99840
99857
99868
99869
99871
99873
99876
99877
99893
99902
99905
99908
99915
99932
99940
99962
99967
99968
99972
99973
99985
99987
99990
k
