3
4
11
12
19
28
31
43
65
66
84
94
101
110
115
120
125
127
133
145
170
184
186
187
191
205
211
222
230
239
253
257
271
278
288
320
332
334
351
357
360
373
384
391
402
403
420
429
436
443
454
460
465
471
476
480
492
528
529
534
548
553
560
561
577
580
584
593
599
630
631
635
666
672
680
704
709
719
725
727
728
730
735
739
750
761
768
791
817
834
842
870
886
888
895
929
942
943
944
946
990
1002
1015
1032
1034
1035
1039
1042
1048
1052
1054
1056
1058
1063
1064
1080
1124
1137
1139
1143
1146
1150
1153
1158
1169
1172
1177
1219
1220
1241
1245
1253
1259
1271
1280
1281
1284
1285
1295
1306
1311
1319
1327
1335
1341
1406
1413
1415
1416
1418
1427
1433
1439
1441
1442
1443
1448
1453
1455
1462
1470
1480
1484
1490
1498
1559
1578
1589
1610
1611
1615
1634
1639
1640
1659
1679
1690
1708
1711
1723
1738
1748
1750
1790
1809
1816
1818
1823
1849
1881
1910
1918
1940
1943
1948
1960
1965
1968
1991
1998
2005
2012
2013
2015
2016
2022
2036
2049
2050
2052
2069
2087
2114
2116
2120
2136
2150
2152
2158
2162
2173
2192
2197
2216
2220
2248
2251
2254
2275
2277
2285
2300
2328
2329
2331
2332
2336
2341
2358
2370
2371
2382
2394
2410
2412
2426
2431
2455
2456
2458
2492
2501
2506
2512
2520
2555
2565
2571
2573
2580
2599
2613
2615
2618
2620
2626
2674
2700
2706
2713
2714
2725
2728
2744
2749
2758
2766
2774
2777
2790
2795
2798
2807
2808
2812
2840
2841
2842
2861
2890
2893
2899
2901
2918
2935
2938
2947
2963
2968
2998
3005
3015
3020
3046
3077
3078
3080
3095
3102
3105
3112
3123
3135
3139
3153
3211
3216
3219
3226
3227
3247
3248
3273
3279
3295
3296
3301
3304
3321
3338
3358
3367
3369
3376
3385
3391
3395
3404
3421
3431
3438
3442
3476
3481
3485
3488
3489
3496
3507
3545
3547
3563
3609
3631
3652
3656
3662
3683
3691
3699
3708
3709
3710
3714
3716
3724
3749
3754
3760
3774
3780
3781
3792
3801
3802
3811
3819
3834
3841
3844
3848
3859
3860
3861
3864
3867
3870
3877
3881
3882
3916
3918
3926
3938
3940
3949
3951
3960
3968
3987
4025
4026
4034
4041
4044
4061
4084
4093
4111
4114
4122
4123
4135
4139
4143
4146
4192
4193
4212
4223
4236
4252
4266
4268
4283
4332
4341
4352
4354
4361
4368
4372
4379
4398
4402
4405
4442
4444
4451
4455
4473
4474
4496
4504
4508
4517
4539
4550
4555
4563
4566
4577
4578
4582
4585
4596
4606
4613
4621
4629
4640
4652
4656
4657
4669
4689
4698
4700
4701
4706
4708
4710
4727
4728
4740
4744
4753
4757
4760
4762
4763
4767
4789
4804
4807
4815
4824
4829
4830
4848
4855
4862
4869
4882
4894
4899
4915
4919
4923
4947
4959
4968
4974
4994
5002
5034
5035
5057
5064
5071
5084
5092
5106
5114
5129
5133
5144
5156
5158
5167
5168
5171
5199
5204
5216
5218
5219
5220
5239
5246
5271
5292
5293
5308
5310
5322
5327
5328
5329
5337
5346
5366
5374
5391
5401
5407
5410
5416
5420
5421
5437
5439
5460
5464
5498
5501
5510
5512
5530
5561
5598
5617
5626
5637
5641
5661
5662
5672
5696
5698
5701
5702
5703
5710
5713
5714
5723
5727
5790
5810
5812
5828
5841
5845
5846
5862
5881
5891
5897
5899
5906
5910
5917
5921
5939
5943
5947
5964
5977
5983
5986
5988
5992
6013
6014
6027
6029
6056
6059
6060
6064
6067
6072
6077
6079
6086
6096
6107
6131
6143
6159
6161
6182
6183
6184
6194
6198
6199
6218
6231
6236
6254
6259
6290
6297
6303
6310
6312
6318
6353
6355
6362
6364
6369
6371
6383
6396
6403
6404
6410
6420
6439
6457
6477
6480
6483
6497
6501
6508
6520
6522
6523
6535
6544
6560
6561
6563
6574
6591
6609
6631
6646
6648
6654
6669
6670
6691
6708
6712
6722
6723
6732
6735
6743
6752
6761
6785
6797
6816
6835
6838
6874
6879
6881
6883
6887
6889
6898
6902
6908
6929
6941
6944
6946
6977
6986
7002
7049
7052
7063
7068
7073
7075
7076
7080
7096
7100
7107
7115
7129
7141
7145
7158
7168
7176
7184
7196
7201
7208
7229
7243
7252
7256
7259
7262
7263
7267
7270
7324
7325
7339
7340
7353
7362
7363
7371
7374
7385
7394
7418
7430
7446
7447
7464
7467
7480
7490
7493
7495
7502
7515
7529
7541
7542
7572
7578
7582
7595
7606
7612
7629
7643
7646
7658
7671
7683
7689
7693
7705
7724
7728
7738
7750
7770
7795
7810
7814
7815
7819
7837
7841
7851
7853
7856
7861
7876
7890
7893
7894
7919
7926
7929
7947
7967
7971
7976
7980
7983
7987
7993
8004
8035
8038
8054
8072
8081
8085
8086
8094
8101
8111
8115
8129
8140
8143
8162
8174
8196
8205
8250
8251
8264
8286
8288
8302
8311
8318
8327
8335
8353
8367
8369
8377
8381
8385
8392
8394
8395
8398
8426
8432
8440
8445
8458
8478
8485
8492
8504
8511
8516
8521
8524
8530
8531
8543
8556
8558
8576
8577
8578
8581
8582
8585
8591
8598
8602
8616
8624
8658
8684
8690
8716
8720
8722
8723
8725
8727
8728
8737
8743
8793
8803
8804
8810
8812
8849
8865
8868
8874
8875
8879
8882
8883
8908
8922
8937
8978
8983
8996
8999
9046
9047
9051
9082
9088
9098
9099
9105
9120
9133
9159
9164
9171
9174
9175
9178
9187
9188
9192
9196
9203
9212
9226
9227
9246
9250
9274
9302
9308
9310
9334
9335
9348
9355
9366
9367
9400
9413
9414
9420
9437
9447
9449
9472
9484
9489
9504
9516
9520
9529
9542
9544
9553
9557
9569
9591
9595
9601
9605
9609
9617
9661
9665
9668
9672
9676
9690
9714
9727
9740
9784
9796
9800
9815
9816
9836
9840
9841
9866
9873
9881
9888
9896
9917
9927
9928
9961
9976
9989
9996
k
