3
9
15
23
24
46
50
58
95
102
117
118
120
122
149
163
168
173
183
193
198
209
211
222
225
249
251
277
282
294
295
297
302
304
310
314
315
318
341
352
353
360
393
401
406
418
421
429
466
470
474
484
489
494
503
522
550
557
559
561
569
574
575
606
609
614
631
639
658
663
682
702
722
745
747
749
750
761
788
856
868
870
876
878
879
885
901
902
921
933
936
938
960
964
973
976
979
985
989
994
998
1009
1024
1025
1032
1042
1047
1055
1061
1062
1063
1064
1071
1073
1078
1085
1103
1112
1120
1124
1133
1138
1142
1143
1146
1150
1155
1170
1180
1202
1209
1212
1218
1243
1247
1263
1270
1273
1293
1297
1315
1316
1317
1330
1335
1342
1350
1361
1369
1380
1404
1415
1440
1443
1457
1467
1478
1479
1501
1506
1519
1533
1539
1543
1545
1552
1574
1582
1586
1593
1596
1602
1610
1623
1635
1638
1652
1654
1666
1676
1693
1697
1718
1727
1755
1767
1773
1782
1797
1807
1825
1834
1842
1853
1854
1855
1858
1862
1863
1864
1868
1870
1885
1886
1889
1910
1918
1924
1931
1936
1945
1947
1951
1961
1969
1991
2005
2009
2010
2022
2039
2065
2072
2080
2084
2113
2128
2139
2143
2145
2159
2172
2176
2181
2183
2215
2219
2249
2252
2258
2303
2322
2326
2344
2348
2357
2372
2391
2409
2417
2420
2434
2437
2441
2447
2450
2470
2473
2474
2479
2498
2505
2506
2515
2516
2522
2527
2531
2532
2546
2564
2568
2576
2583
2587
2604
2623
2651
2655
2657
2659
2680
2681
2693
2696
2703
2712
2719
2757
2758
2762
2763
2769
2771
2772
2787
2801
2803
2807
2809
2810
2815
2816
2824
2856
2857
2860
2888
2890
2901
2918
2925
2926
2932
2948
2956
2966
2979
2994
3013
3036
3046
3061
3064
3113
3116
3122
3125
3128
3129
3136
3142
3165
3173
3183
3188
3193
3211
3213
3217
3222
3223
3233
3244
3259
3273
3275
3281
3297
3303
3312
3315
3322
3337
3339
3344
3346
3349
3354
3358
3362
3374
3397
3399
3404
3407
3427
3435
3443
3448
3488
3493
3495
3505
3511
3512
3523
3575
3582
3591
3606
3622
3623
3624
3637
3638
3655
3673
3675
3676
3683
3712
3721
3733
3736
3738
3740
3744
3750
3753
3762
3763
3785
3789
3796
3797
3828
3852
3883
3896
3902
3909
3910
3914
3933
3936
3951
3959
3969
3990
3993
4004
4006
4015
4032
4033
4045
4065
4069
4071
4077
4095
4130
4143
4150
4183
4184
4188
4192
4207
4219
4222
4224
4232
4234
4245
4246
4248
4249
4252
4265
4267
4271
4273
4277
4278
4283
4294
4298
4300
4308
4310
4314
4320
4333
4346
4348
4356
4375
4384
4390
4406
4419
4421
4427
4440
4446
4473
4477
4491
4501
4509
4515
4518
4522
4525
4537
4544
4550
4554
4560
4568
4573
4579
4584
4600
4601
4622
4636
4646
4668
4670
4703
4711
4717
4725
4726
4733
4769
4793
4815
4831
4842
4858
4868
4873
4875
4889
4890
4898
4904
4928
4933
4934
4943
4944
4951
4966
4994
5019
5049
5057
5062
5065
5069
5075
5080
5081
5086
5093
5119
5130
5178
5184
5187
5190
5196
5199
5200
5206
5209
5212
5225
5238
5242
5247
5255
5266
5268
5283
5288
5298
5302
5326
5327
5333
5334
5335
5342
5346
5347
5363
5368
5394
5398
5403
5418
5430
5436
5444
5468
5471
5479
5480
5482
5484
5495
5500
5512
5523
5542
5557
5558
5559
5605
5611
5623
5628
5633
5637
5642
5654
5679
5686
5701
5710
5714
5755
5760
5766
5784
5790
5796
5802
5806
5812
5827
5829
5837
5848
5858
5864
5880
5881
5892
5915
5918
5934
5935
5949
5982
6000
6013
6031
6073
6076
6093
6100
6104
6113
6118
6119
6127
6132
6133
6147
6149
6150
6159
6160
6164
6172
6176
6202
6210
6231
6237
6244
6246
6253
6264
6284
6295
6312
6313
6318
6320
6325
6335
6337
6344
6364
6373
6400
6414
6439
6451
6454
6456
6458
6460
6472
6502
6511
6526
6530
6531
6568
6572
6584
6588
6596
6599
6607
6620
6625
6627
6632
6638
6652
6661
6662
6663
6698
6699
6709
6712
6731
6733
6734
6742
6745
6750
6756
6759
6772
6773
6782
6783
6788
6789
6793
6796
6798
6806
6815
6833
6841
6850
6859
6875
6905
6926
6951
6970
6981
6988
6995
7026
7031
7038
7041
7043
7051
7062
7072
7091
7096
7098
7103
7117
7119
7128
7134
7137
7151
7210
7224
7227
7237
7244
7251
7252
7253
7254
7255
7266
7274
7283
7284
7292
7293
7321
7327
7330
7340
7348
7352
7372
7422
7425
7444
7446
7447
7462
7464
7470
7471
7475
7479
7485
7495
7496
7522
7529
7531
7556
7560
7571
7578
7593
7600
7602
7607
7608
7611
7623
7628
7634
7652
7665
7689
7690
7714
7733
7735
7739
7744
7746
7764
7774
7799
7805
7825
7849
7855
7867
7868
7873
7877
7883
7901
7902
7904
7915
7916
7917
7922
7926
7929
7947
7949
7954
7965
7972
7984
7988
8003
8015
8029
8082
8086
8113
8117
8135
8153
8163
8165
8168
8173
8179
8189
8192
8193
8207
8208
8210
8222
8235
8242
8256
8266
8273
8284
8288
8293
8296
8322
8326
8339
8346
8367
8404
8428
8430
8441
8445
8447
8465
8468
8469
8475
8480
8498
8525
8526
8530
8532
8541
8549
8554
8558
8570
8572
8573
8581
8582
8587
8595
8596
8601
8605
8607
8608
8613
8624
8628
8633
8664
8665
8668
8679
8706
8711
8722
8738
8739
8741
8792
8804
8818
8821
8829
8837
8856
8858
8874
8886
8897
8912
8925
8942
8953
8954
8981
8988
8993
8999
9001
9005
9007
9010
9042
9046
9077
9081
9082
9090
9101
9131
9142
9143
9161
9179
9197
9202
9217
9222
9237
9244
9253
9274
9281
9295
9298
9308
9309
9315
9318
9320
9327
9334
9347
9360
9374
9382
9384
9399
9406
9465
9471
9481
9485
9497
9545
9556
9558
9563
9566
9572
9578
9601
9604
9613
9615
9644
9651
9653
9654
9668
9672
9714
9733
9737
9738
9739
9754
9778
9781
9785
9790
9793
9812
9841
9861
9866
9867
9878
9882
9890
9892
9897
9934
9950
9956
9960
9962
9973
9974
9975
9982
10025
10041
10047
10051
10059
10083
10089
10092
10093
10103
10104
10116
10132
10137
10138
10140
10152
10154
10179
10202
10210
10211
10212
10215
10217
10229
10243
10244
10255
10269
10272
10275
10314
10335
10344
10345
10358
10366
10386
10397
10401
10409
10412
10417
10426
10427
10445
10456
10463
10468
10469
10479
10492
10493
10545
10549
10550
10557
10562
10566
10574
10577
10578
10580
10594
10614
10619
10631
10636
10639
10644
10645
10686
10701
10703
10711
10719
10734
10735
10737
10756
10772
10776
10782
10787
10790
10798
10800
10808
10819
10823
10842
10844
10850
10863
10886
10891
10893
10898
10901
10908
10911
10915
10916
10929
10955
10971
10988
11002
11003
11015
11021
11047
11050
11068
11072
11079
11091
11106
11114
11118
11119
11138
11148
11156
11157
11164
11171
11172
11189
11190
11192
11219
11221
11229
11239
11244
11252
11260
11261
11281
11283
11289
11291
11295
11304
11309
11311
11319
11326
11346
11351
11354
11359
11381
11391
11393
11394
11402
11419
11436
11451
11490
11491
11492
11498
11499
11506
11526
11532
11538
11554
11577
11593
11614
11630
11639
11640
11643
11665
11674
11675
11678
11691
11702
11704
11707
11710
11715
11721
11726
11750
11759
11804
11805
11840
11846
11851
11861
11864
11869
11905
11916
11924
11942
11952
11964
11966
11973
11975
11983
11991
11992
12004
12007
12032
12034
12039
12046
12055
12059
12066
12075
12079
12080
12086
12093
12096
12104
12112
12117
12120
12130
12143
12145
12155
12156
12168
12209
12226
12232
12238
12248
12261
12264
12276
12283
12300
12312
12342
12343
12345
12355
12356
12360
12361
12363
12391
12399
12407
12415
12428
12448
12463
12488
12492
12503
12517
12529
12530
12534
12538
12541
12542
12554
12562
12568
12570
12573
12584
12592
12597
12602
12605
12620
12624
12633
12654
12671
12688
12696
12698
12700
12721
12732
12749
12757
12780
12783
12789
12796
12804
12830
12836
12839
12852
12857
12863
12882
12900
12926
12932
12934
12958
12983
13003
13017
13020
13025
13032
13038
13042
13052
13083
13090
13111
13122
13125
13134
13138
13142
13147
13175
13180
13189
13198
13212
13224
13243
13247
13287
13294
13306
13309
13317
13335
13339
13351
13376
13380
13398
13400
13403
13414
13420
13451
13455
13458
13478
13484
13527
13534
13541
13553
13555
13562
13577
13580
13581
13590
13593
13599
13611
13623
13627
13631
13638
13645
13651
13653
13659
13689
13713
13719
13729
13730
13734
13755
13758
13762
13768
13787
13788
13790
13792
13798
13799
13800
13811
13814
13819
13823
13832
13833
13835
13844
13845
13846
13848
13852
13853
13861
13863
13891
13893
13901
13932
13957
13960
13973
13974
13976
13979
14001
14058
14061
14065
14096
14102
14120
14143
14150
14169
14176
14181
14184
14193
14210
14212
14213
14260
14264
14265
14268
14271
14273
14308
14319
14322
14326
14343
14346
14386
14393
14405
14417
14426
14428
14444
14464
14478
14506
14525
14545
14549
14550
14554
14560
14564
14569
14570
14573
14582
14586
14587
14590
14592
14620
14628
14634
14652
14676
14678
14681
14690
14696
14709
14729
14768
14769
14800
14823
14829
14836
14851
14862
14873
14879
14893
14895
14900
14902
14906
14937
14944
14955
14960
14970
14985
15005
15010
15013
15023
15024
15042
15044
15050
15051
15052
15054
15056
15062
15090
15093
15125
15126
15136
15162
15171
15172
15177
15184
15196
15231
15264
15276
15278
15279
15291
15309
15319
15320
15324
15341
15386
15405
15408
15416
15447
15459
15463
15487
15494
15515
15520
15528
15533
15539
15568
15593
15627
15629
15634
15635
15661
15663
15667
15680
15682
15686
15706
15709
15714
15715
15722
15730
15733
15742
15756
15761
15764
15795
15805
15809
15829
15831
15833
15846
15849
15851
15856
15857
15877
15879
15884
15888
15895
15911
15916
15921
15932
15955
15976
15979
15983
15991
16002
16017
16042
16044
16052
16076
16095
16108
16118
16146
16148
16149
16163
16174
16185
16192
16210
16214
16239
16242
16245
16270
16280
16307
16312
16314
16332
16338
16354
16376
16379
16382
16386
16394
16400
16402
16405
16411
16419
16422
16427
16434
16440
16454
16468
16481
16492
16500
16513
16575
16579
16581
16609
16624
16626
16642
16645
16683
16693
16697
16698
16702
16706
16711
16712
16717
16718
16720
16736
16739
16747
16752
16755
16765
16773
16774
16793
16832
16848
16851
16865
16882
16897
16975
16978
16983
16988
16994
17020
17053
17054
17066
17072
17079
17082
17091
17094
17111
17119
17127
17136
17154
17161
17172
17183
17197
17204
17205
17210
17213
17242
17248
17278
17297
17299
17301
17306
17307
17308
17329
17331
17332
17333
17339
17348
17366
17408
17427
17430
17437
17461
17504
17509
17528
17532
17548
17554
17558
17563
17565
17571
17575
17576
17577
17583
17594
17602
17609
17627
17629
17634
17654
17655
17656
17663
17665
17671
17679
17680
17682
17692
17701
17713
17715
17718
17728
17746
17767
17772
17777
17818
17821
17824
17910
17925
17926
17935
17946
17953
17967
17984
17987
18010
18016
18020
18024
18026
18030
18035
18046
18080
18082
18095
18097
18100
18103
18104
18108
18112
18122
18133
18138
18141
18145
18151
18153
18170
18182
18189
18202
18203
18205
18215
18217
18237
18244
18249
18268
18288
18294
18302
18304
18311
18314
18317
18322
18361
18389
18393
18409
18417
18418
18427
18433
18447
18455
18462
18463
18468
18471
18474
18505
18515
18516
18517
18533
18553
18555
18567
18588
18594
18601
18607
18630
18633
18643
18657
18661
18663
18672
18673
18676
18679
18688
18689
18702
18710
18714
18718
18722
18723
18725
18732
18737
18744
18753
18766
18768
18775
18776
18780
18782
18796
18816
18819
18831
18843
18849
18855
18856
18859
18860
18874
18883
18885
18894
18895
18906
18951
18956
18957
18959
18968
18974
18985
18998
19010
19015
19023
19027
19052
19055
19059
19067
19077
19081
19085
19100
19108
19116
19129
19131
19147
19163
19164
19166
19188
19202
19218
19221
19222
19224
19243
19245
19252
19276
19322
19323
19326
19327
19389
19400
19409
19413
19426
19443
19445
19454
19455
19462
19465
19478
19483
19491
19494
19497
19500
19509
19520
19524
19560
19575
19583
19585
19586
19588
19601
19603
19608
19609
19674
19675
19688
19705
19709
19719
19726
19737
19746
19765
19769
19794
19802
19817
19842
19846
19876
19878
19886
19890
19894
19898
19902
19907
19913
19918
19923
19951
19952
19954
19959
19967
19985
19989
19992
19998
20017
20018
20024
20039
20047
20050
20052
20063
20066
20070
20072
20097
20098
20118
20129
20152
20156
20172
20181
20191
20193
20197
20199
20240
20242
20259
20272
20276
20281
20292
20293
20295
20298
20306
20308
20316
20319
20320
20325
20344
20373
20393
20397
20410
20415
20421
20426
20453
20454
20458
20476
20494
20511
20517
20520
20522
20523
20525
20545
20554
20567
20582
20596
20608
20609
20633
20635
20636
20641
20644
20645
20673
20694
20707
20708
20709
20718
20724
20733
20736
20776
20777
20780
20782
20783
20789
20792
20815
20839
20868
20869
20878
20882
20894
20903
20925
20930
20933
20940
20946
20948
20956
20957
20959
20970
20971
20972
20984
20987
20998
21008
21017
21031
21042
21043
21045
21046
21051
21057
21069
21090
21094
21101
21123
21137
21145
21152
21159
21172
21185
21193
21195
21206
21239
21241
21273
21284
21317
21349
21351
21392
21396
21404
21423
21439
21441
21450
21457
21480
21521
21525
21534
21544
21548
21552
21558
21562
21576
21603
21604
21605
21615
21625
21635
21669
21671
21681
21725
21727
21728
21735
21747
21752
21767
21778
21798
21804
21809
21811
21816
21829
21835
21848
21850
21851
21852
21857
21867
21869
21884
21887
21889
21908
21912
21929
21970
21974
21982
21989
22005
22019
22025
22027
22052
22056
22065
22067
22069
22075
22083
22085
22091
22101
22102
22113
22122
22127
22138
22185
22187
22190
22192
22195
22198
22201
22203
22215
22218
22260
22264
22265
22267
22268
22273
22275
22295
22303
22315
22319
22324
22329
22337
22382
22388
22411
22413
22423
22429
22445
22458
22473
22481
22497
22499
22508
22529
22534
22558
22570
22571
22573
22588
22605
22640
22647
22650
22664
22668
22681
22707
22709
22728
22750
22757
22762
22787
22788
22808
22813
22817
22842
22872
22894
22895
22897
22914
22941
22968
22969
22972
22982
22986
23005
23012
23014
23016
23023
23024
23037
23060
23094
23097
23099
23104
23114
23131
23135
23140
23143
23149
23163
23166
23186
23188
23192
23202
23206
23214
23225
23238
23246
23282
23298
23300
23311
23325
23332
23353
23357
23375
23386
23395
23396
23398
23401
23405
23409
23414
23423
23427
23432
23440
23443
23463
23474
23523
23578
23581
23592
23593
23604
23610
23613
23633
23635
23640
23648
23665
23678
23689
23693
23707
23709
23721
23744
23752
23755
23767
23787
23802
23812
23817
23834
23835
23855
23877
23880
23884
23886
23898
23900
23905
23922
23933
23936
23948
23950
23952
23963
23978
23985
23996
24001
24053
24071
24077
24080
24084
24092
24110
24118
24122
24126
24129
24169
24171
24187
24200
24203
24206
24209
24219
24237
24241
24246
24256
24260
24263
24271
24274
24288
24299
24300
24308
24315
24349
24361
24367
24378
24389
24400
24409
24430
24442
24447
24456
24459
24462
24472
24475
24485
24508
24512
24513
24523
24527
24535
24542
24561
24573
24585
24594
24620
24647
24649
24656
24660
24672
24675
24684
24695
24710
24722
24735
24751
24773
24779
24796
24802
24806
24810
24813
24817
24822
24828
24849
24851
24852
24873
24879
24884
24903
24906
24909
24919
24925
24936
24942
24953
24967
24985
24998
25003
25006
25017
25018
25021
25044
25088
25127
25128
25136
25176
25179
25188
25201
25204
25210
25217
25221
25234
25236
25247
25249
25263
25292
25296
25297
25298
25302
25312
25315
25339
25349
25370
25373
25387
25388
25397
25400
25409
25440
25449
25457
25463
25473
25488
25490
25493
25504
25505
25527
25532
25543
25561
25573
25575
25576
25594
25665
25666
25669
25674
25678
25687
25688
25692
25709
25727
25753
25775
25784
25788
25794
25797
25824
25837
25843
25857
25865
25871
25872
25873
25875
25892
25902
25928
25932
25944
25948
25960
25977
25982
25998
25999
26006
26009
26010
26031
26042
26050
26053
26059
26069
26072
26075
26098
26103
26115
26122
26124
26128
26146
26152
26156
26159
26160
26165
26176
26183
26191
26196
26207
26209
26213
26227
26231
26241
26247
26259
26271
26287
26302
26305
26315
26317
26322
26346
26358
26359
26360
26361
26362
26363
26379
26394
26422
26434
26435
26454
26458
26459
26467
26474
26490
26493
26497
26512
26514
26525
26535
26540
26548
26553
26556
26570
26572
26583
26588
26599
26606
26626
26627
26636
26640
26641
26643
26650
26657
26695
26697
26703
26708
26710
26721
26736
26742
26745
26747
26757
26764
26779
26803
26811
26814
26866
26883
26884
26933
26938
26944
26954
26995
27017
27029
27035
27043
27052
27053
27069
27071
27118
27129
27139
27142
27187
27198
27209
27223
27228
27229
27231
27241
27259
27265
27278
27285
27290
27297
27305
27325
27336
27342
27343
27356
27365
27376
27380
27393
27402
27413
27465
27472
27478
27515
27527
27528
27552
27562
27569
27570
27579
27581
27589
27592
27602
27614
27657
27660
27670
27683
27689
27721
27724
27733
27735
27737
27776
27777
27788
27812
27820
27833
27853
27866
27867
27873
27876
27895
27905
27906
27932
27934
27944
27946
27951
27952
27962
27963
27985
28005
28023
28031
28043
28060
28063
28084
28087
28097
28109
28135
28160
28172
28189
28198
28217
28228
28238
28247
28266
28299
28303
28313
28315
28322
28329
28334
28335
28341
28348
28349
28354
28364
28376
28398
28404
28406
28407
28410
28420
28424
28433
28459
28476
28481
28486
28493
28496
28498
28531
28550
28554
28565
28566
28573
28577
28596
28605
28610
28612
28616
28618
28620
28624
28625
28627
28649
28650
28680
28682
28690
28725
28727
28734
28776
28786
28800
28801
28815
28834
28836
28840
28841
28847
28853
28857
28860
28863
28874
28876
28880
28889
28894
28911
28915
28949
28958
28969
28972
28985
28987
28995
29003
29008
29025
29038
29059
29065
29067
29069
29085
29104
29108
29110
29113
29115
29118
29128
29135
29136
29148
29164
29167
29171
29172
29187
29189
29207
29208
29211
29224
29235
29242
29244
29254
29255
29289
29292
29295
29301
29313
29314
29331
29333
29350
29365
29370
29372
29379
29402
29436
29445
29449
29452
29466
29478
29479
29480
29494
29499
29502
29507
29523
29535
29551
29574
29575
29592
29595
29598
29608
29616
29624
29625
29654
29664
29665
29694
29699
29722
29723
29762
29769
29794
29803
29804
29813
29819
29825
29827
29858
29875
29891
29895
29897
29907
29914
29926
29932
29942
29950
29951
29966
29972
29978
29998
30023
30034
30036
30067
30083
30090
30095
30102
30104
30111
30113
30144
30158
30167
30168
30202
30203
30207
30242
30243
30244
30250
30273
30276
30278
30280
30285
30297
30304
30327
30332
30351
30369
30376
30381
30384
30388
30394
30402
30405
30418
30421
30450
30455
30461
30465
30471
30474
30496
30498
30503
30505
30552
30566
30577
30599
30612
30619
30623
30627
30632
30636
30651
30670
30685
30688
30690
30691
30705
30721
30748
30749
30750
30751
30752
30755
30758
30759
30764
30777
30780
30784
30795
30801
30812
30813
30827
30832
30833
30857
30867
30874
30879
30881
30887
30889
30898
30905
30912
30941
30954
30991
30995
31001
31010
31012
31021
31023
31027
31043
31044
31057
31060
31078
31083
31084
31089
31103
31105
31127
31132
31151
31154
31155
31156
31164
31187
31220
31221
31249
31251
31254
31257
31276
31294
31295
31315
31319
31321
31365
31366
31377
31381
31395
31396
31414
31418
31422
31432
31458
31476
31481
31487
31492
31494
31525
31527
31536
31556
31558
31566
31609
31618
31623
31626
31634
31641
31642
31643
31652
31654
31656
31662
31673
31685
31704
31714
31720
31727
31732
31739
31744
31763
31853
31856
31862
31909
31915
31937
31947
31948
31953
31993
32003
32007
32009
32011
32013
32015
32023
32026
32081
32097
32101
32109
32125
32129
32131
32136
32137
32155
32159
32163
32173
32175
32178
32189
32191
32198
32216
32221
32225
32228
32232
32235
32236
32240
32241
32273
32278
32279
32301
32317
32320
32343
32348
32356
32357
32387
32389
32393
32435
32439
32493
32521
32545
32561
32565
32574
32583
32594
32611
32616
32625
32628
32646
32647
32648
32653
32660
32667
32679
32683
32692
32696
32726
32729
32733
32764
32765
32804
32811
32819
32824
32843
32857
32861
32878
32896
32900
32926
32965
32971
33004
33009
33013
33034
33049
33056
33060
33074
33081
33118
33140
33157
33158
33165
33172
33186
33189
33198
33209
33219
33239
33245
33248
33251
33253
33262
33278
33279
33305
33326
33340
33342
33349
33355
33361
33363
33371
33372
33374
33402
33416
33419
33429
33457
33462
33480
33482
33483
33503
33505
33517
33541
33544
33551
33559
33566
33570
33603
33609
33618
33638
33647
33659
33660
33665
33668
33669
33690
33694
33697
33700
33701
33703
33704
33715
33725
33733
33734
33746
33756
33773
33786
33804
33805
33810
33817
33823
33835
33844
33846
33859
33860
33861
33866
33875
33881
33888
33889
33894
33897
33899
33904
33915
33933
33939
33941
33952
33963
33977
33978
33986
34015
34020
34052
34056
34058
34070
34083
34086
34119
34122
34123
34147
34150
34161
34162
34167
34168
34169
34205
34213
34216
34238
34242
34244
34245
34246
34252
34255
34256
34264
34290
34314
34316
34326
34327
34354
34384
34407
34408
34415
34432
34445
34447
34477
34484
34488
34503
34504
34517
34530
34538
34541
34542
34552
34559
34581
34586
34596
34614
34629
34638
34643
34652
34658
34719
34732
34739
34751
34762
34765
34776
34802
34824
34825
34831
34848
34849
34857
34880
34901
34923
34939
34943
34961
34962
34974
34975
34980
34983
34985
35020
35027
35046
35056
35060
35063
35065
35072
35085
35099
35106
35108
35116
35125
35128
35136
35145
35149
35156
35162
35171
35181
35191
35195
35200
35202
35234
35255
35265
35273
35282
35288
35291
35301
35309
35321
35326
35344
35351
35358
35362
35378
35384
35401
35425
35446
35458
35465
35467
35470
35473
35501
35502
35509
35521
35530
35539
35541
35547
35565
35568
35572
35580
35590
35592
35603
35625
35629
35641
35649
35653
35663
35674
35676
35691
35697
35700
35711
35716
35725
35733
35751
35778
35791
35793
35838
35875
35876
35884
35921
35929
35945
35948
35970
35982
35986
36004
36013
36031
36037
36041
36055
36070
36072
36088
36111
36130
36156
36172
36183
36189
36192
36215
36222
36226
36235
36237
36245
36261
36266
36273
36280
36283
36291
36299
36306
36310
36313
36331
36368
36375
36382
36383
36384
36393
36408
36438
36448
36451
36457
36467
36471
36473
36479
36500
36502
36521
36526
36530
36543
36544
36563
36564
36570
36595
36614
36619
36635
36643
36649
36673
36674
36679
36684
36698
36739
36742
36760
36788
36795
36803
36822
36826
36839
36853
36874
36886
36896
36928
36934
36943
36951
36984
36990
36994
36999
37005
37040
37046
37078
37085
37095
37106
37110
37113
37114
37115
37121
37125
37137
37194
37199
37217
37219
37222
37229
37235
37244
37247
37261
37266
37289
37353
37357
37365
37378
37380
37388
37410
37412
37441
37458
37479
37482
37484
37488
37501
37506
37513
37515
37524
37525
37567
37603
37617
37633
37652
37667
37672
37673
37703
37708
37711
37717
37724
37730
37749
37752
37758
37768
37779
37784
37786
37793
37803
37815
37846
37863
37882
37883
37886
37899
37919
37947
37951
37952
37969
37995
37997
38003
38005
38028
38034
38036
38039
38062
38073
38083
38084
38085
38100
38110
38111
38113
38123
38138
38143
38146
38157
38161
38165
38170
38181
38187
38190
38196
38203
38210
38219
38222
38223
38251
38252
38263
38267
38279
38288
38306
38320
38322
38346
38349
38358
38367
38374
38380
38381
38389
38390
38438
38455
38460
38464
38471
38474
38477
38479
38483
38494
38502
38528
38534
38544
38548
38588
38590
38622
38625
38635
38645
38647
38652
38656
38660
38662
38677
38678
38685
38708
38710
38711
38723
38739
38762
38770
38774
38783
38786
38803
38805
38806
38824
38825
38834
38846
38864
38867
38869
38874
38880
38909
38911
38938
38943
38955
38957
38967
38972
38982
38986
38995
39010
39015
39037
39053
39057
39069
39079
39095
39100
39109
39118
39123
39141
39147
39160
39166
39178
39189
39191
39199
39212
39219
39220
39227
39228
39231
39237
39251
39254
39255
39261
39269
39293
39298
39300
39328
39333
39343
39347
39348
39379
39397
39412
39424
39428
39436
39443
39467
39468
39471
39480
39491
39494
39498
39507
39519
39521
39559
39573
39605
39610
39616
39618
39623
39632
39643
39650
39652
39663
39688
39694
39698
39705
39710
39717
39731
39756
39766
39767
39777
39790
39791
39821
39822
39832
39859
39870
39882
39885
39915
39941
39948
39953
39957
39966
39986
k
