1
5
10
29
37
70
72
81
82
83
105
132
135
140
142
144
171
190
196
200
214
216
220
227
230
234
244
247
268
273
327
342
364
367
371
374
399
403
419
440
447
462
466
470
484
490
495
505
526
529
562
564
567
574
597
600
633
639
647
667
668
681
688
711
733
735
769
773
788
790
798
808
827
839
865
868
880
882
889
890
892
893
896
911
917
918
945
956
959
960
964
974
977
982
989
1014
1015
1027
1030
1042
1051
1054
1057
1060
1074
1092
1100
1101
1109
1115
1127
1130
1142
1159
1168
1170
1174
1187
1202
1209
1210
1233
1246
1270
1277
1278
1281
1334
1335
1343
1362
1366
1373
1375
1383
1390
1392
1403
1409
1430
1435
1451
1454
1473
1483
1491
1506
1513
1519
1530
1548
1584
1596
1622
1625
1635
1642
1645
1655
1660
1677
1721
1722
1723
1725
1728
1736
1744
1753
1759
1773
1775
1787
1791
1792
1794
1795
1817
1818
1823
1841
1849
1855
1862
1866
1877
1882
1897
1902
1919
1923
1951
1954
1965
1976
1979
1982
1993
2002
2029
2033
2039
2048
2050
2078
2079
2091
2098
2144
2147
2160
2162
2168
2178
2183
2193
2230
2232
2240
2253
2260
2261
2285
2286
2295
2315
2316
2317
2330
2353
2354
2368
2374
2380
2387
2407
2419
2420
2426
2429
2442
2450
2465
2471
2518
2520
2551
2556
2561
2568
2572
2576
2577
2592
2598
2605
2621
2625
2650
2669
2672
2674
2680
2707
2710
2713
2714
2716
2722
2728
2746
2764
2771
2790
2811
2822
2824
2832
2833
2840
2864
2874
2880
2890
2897
2898
2912
2914
2922
2942
2945
2950
2951
2955
2957
2959
2974
3004
3025
3027
3032
3041
3072
3094
3101
3132
3139
3145
3148
3149
3164
3178
3180
3182
3189
3198
3201
3235
3236
3240
3246
3284
3294
3305
3315
3317
3319
3322
3338
3342
3347
3352
3359
3361
3385
3396
3401
3406
3407
3413
3415
3440
3447
3472
3475
3476
3484
3504
3514
3515
3525
3528
3530
3542
3543
3546
3555
3559
3575
3613
3630
3646
3655
3659
3690
3706
3714
3726
3727
3746
3747
3753
3759
3765
3768
3772
3774
3783
3787
3788
3800
3820
3840
3850
3855
3877
3884
3896
3923
3942
3947
3948
3951
3952
3955
3959
3960
3968
3975
3995
k
