6
11
26
33
39
52
62
65
67
103
106
123
132
145
158
180
259
320
323
327
340
345
364
371
383
388
435
444
458
480
532
604
608
628
659
665
714
730
735
740
748
756
759
789
792
822
825
858
887
897
931
963
977
990
1011
1018
1022
1033
1131
1145
1163
1213
1236
1270
1287
1308
1316
1321
1340
1342
1360
1369
1398
1402
1412
1434
1480
1482
1523
1524
1590
1618
1646
1653
1654
1659
1668
1686
1697
1723
1729
1736
1737
1751
1777
1835
1909
1924
1946
1947
1957
2020
2023
2035
2036
2041
2053
2069
2083
2094
2105
2113
2134
2144
2178
2196
2199
2250
2257
2264
2269
2272
2320
2341
2351
2397
2403
2406
2413
2447
2466
2475
2503
2507
2517
2555
2559
2564
2572
2581
2588
2634
2646
2650
2701
2756
2764
2785
2790
2816
2821
2860
2861
2869
2879
2898
2916
2924
2936
2950
3011
3072
3075
3078
3082
3109
3120
3131
3142
3204
3264
3281
3289
3299
3314
3319
3333
3341
3365
3378
3384
3414
3484
3500
3522
3524
3535
3609
3659
3698
3699
3751
3772
3800
3809
3830
3836
3837
3871
3897
3901
3920
3963
3971
4007
4010
4018
4053
4056
4063
4093
4135
4139
4180
4187
4188
4209
4261
4267
4288
4294
4303
4332
4344
4363
4378
4384
4392
4416
4421
4429
4444
4461
4466
4476
4500
4514
4559
4562
4565
4608
4620
4622
4633
4654
4693
4694
4705
4714
4723
4728
4737
4746
4752
4754
4758
4770
4816
4821
4826
4844
4938
4979
4993
5021
5040
5042
5061
5084
5123
5137
5154
5156
5198
5239
5275
5279
5294
5298
5321
5323
5339
5344
5366
5373
5382
5398
5438
5442
5480
5511
5546
5591
5599
5618
5650
5681
5692
5701
5703
5750
5779
5786
5804
5845
5865
5875
5884
5891
5894
5896
5948
5977
5981
5985
5988
6007
6016
6027
6035
6064
6086
6102
6110
6115
6185
6298
6316
6322
6338
6343
6381
6395
6455
6461
6478
6484
6503
6532
6537
6548
6553
6554
6580
6588
6599
6604
6617
6618
6665
6667
6677
6701
6703
6713
6722
6723
6751
6773
6788
6823
6825
6828
6879
6884
6893
6902
6917
6949
6968
6974
7021
7055
7068
7073
7078
7103
7157
7190
7194
7199
7207
7265
7281
7282
7313
7328
7339
7343
7391
7394
7420
7428
7432
7439
7448
7457
7462
7478
7484
7510
7511
7517
7534
7599
7602
7608
7611
7656
7672
7730
7734
7777
7784
7791
7816
7826
7850
7854
7864
7869
7901
7921
7967
7968
7978
7992
8044
8060
8064
8079
8094
8095
8106
8115
8120
8144
8165
8185
8189
8199
8264
8336
8343
8356
8370
8382
8386
8393
8396
8436
8443
8449
8470
8477
8496
8502
8578
8599
8607
8608
8609
8664
8724
8769
8771
8823
8826
8890
8895
8909
8915
8922
8930
8971
8974
9021
9024
9026
9033
9073
9081
9087
9114
9142
9175
9187
9194
9263
9278
9280
9306
9324
9326
9347
9348
9386
9396
9427
9454
9476
9500
9542
9549
9587
9627
9652
9704
9736
9737
9762
9773
9803
9831
9842
9860
9871
9890
9902
9909
9915
9930
9959
10055
10074
10093
10141
10142
10171
10175
10200
10205
10226
10233
10239
10264
10266
10269
10297
10331
10359
10364
10387
10389
10417
10477
10482
10498
10548
10558
10581
10596
10650
10701
10767
10768
10800
10803
10817
10821
10848
10866
10877
10893
10915
10919
10947
10957
10981
10987
10990
11045
11071
11085
11129
11158
11164
11182
11219
11246
11252
11263
11265
11290
11355
11418
11424
11427
11496
11507
11540
11578
11583
11599
11636
11654
11668
11669
11679
11682
11688
11712
11746
11797
11828
11836
11863
11891
11897
11905
11907
11931
11939
11941
11978
11998
12000
12007
12009
12048
12115
12136
12137
12141
12157
12184
12221
12228
12253
12256
12258
12265
12277
12279
12295
12314
12331
12398
12410
12431
12455
12456
12465
12505
12546
12555
12641
12660
12664
12722
12724
12729
12740
12774
12792
12824
12825
12827
12872
12900
12906
12964
13045
13071
13072
13075
13119
13125
13175
13176
13183
13195
13204
13292
13307
13319
13325
13330
13355
13368
13433
13441
13445
13482
13505
13510
13529
13581
13583
13596
13621
13625
13640
13660
13674
13697
13716
13783
13910
13944
13950
13959
13963
13977
13980
13983
14013
14034
14057
14079
14115
14144
14154
14187
14233
14242
14273
14320
14340
14374
14439
14455
14460
14490
14503
14538
14549
14568
14597
14603
14614
14624
14631
14684
14688
14697
14698
14712
14724
14750
14771
14810
14839
14869
14873
14877
14889
14900
14907
14942
14968
14971
14988
15020
15031
15055
15058
15083
15084
15090
15105
15113
15124
15204
15248
15258
15276
15345
15369
15409
15410
15453
15463
15465
15481
15482
15493
15504
15518
15538
15561
15562
15577
15587
15594
15599
15652
15722
15725
15728
15734
15750
15754
15756
15764
15768
15771
15794
15803
15825
15847
15869
15873
15909
15915
15945
16018
16052
16056
16057
16075
16124
16165
16174
16182
16193
16207
16219
16245
16263
16264
16268
16277
16307
16312
16316
16334
16385
16389
16419
16462
16484
16508
16551
16552
16584
16585
16588
16608
16654
16677
16682
16686
16724
16748
16755
16762
16773
16784
16892
16896
16949
17016
17025
17031
17035
17041
17056
17075
17134
17137
17254
17297
17315
17316
17376
17388
17417
17431
17440
17474
17480
17522
17537
17542
17553
17557
17606
17738
17743
17745
17752
17776
17780
17802
17823
17837
17912
17914
17949
17979
18011
18048
18067
18080
18088
18159
18202
18299
18319
18345
18396
18474
18475
18485
18528
18542
18566
18571
18573
18577
18580
18598
18639
18643
18668
18670
18685
18690
18751
18758
18766
18777
18787
18797
18815
18822
18831
18888
18910
18979
19006
19070
19079
19095
19103
19120
19130
19163
19168
19173
19179
19180
19184
19201
19203
19205
19209
19216
19240
19272
19273
19281
19293
19297
19319
19334
19339
19371
19400
19443
19447
19453
19458
19487
19497
19545
19565
19568
19593
19679
19681
19762
19794
19813
19816
19828
19854
19868
19877
19878
19885
19916
20006
20027
20042
20089
20099
20109
20139
20154
20197
20226
20227
20235
20244
20252
20258
20268
20281
20286
20287
20369
20391
20411
20453
20480
20507
20517
20524
20536
20558
20562
20597
20630
20639
20643
20658
20673
20674
20692
20702
20714
20732
20737
20744
20747
20750
20752
20801
20804
20812
20839
20873
20886
20892
20914
20935
20938
20946
21012
21019
21052
21061
21070
21083
21095
21096
21167
21171
21179
21180
21198
21208
21238
21254
21266
21267
21272
21273
21307
21332
21383
21393
21420
21444
21447
21450
21461
21462
21474
21489
21492
21497
21548
21569
21582
21599
21600
21609
21706
21772
21774
21775
21776
21817
21820
21832
21843
21913
21932
21978
22005
22006
22017
22019
22039
22053
22059
22068
22075
22096
22115
22141
22148
22154
22161
22162
22240
22243
22249
22273
22278
22281
22327
22355
22365
22398
22403
22405
22411
22440
22446
22451
22456
22562
22567
22578
22579
22595
22600
22602
22613
22622
22658
22670
22744
22753
22760
22806
22808
22832
22866
22879
22902
22903
22917
22928
22929
22937
22953
22969
22994
23037
23040
23065
23080
23084
23130
23202
23203
23241
23276
23287
23305
23317
23324
23390
23393
23404
23415
23478
23489
23490
23499
23537
23562
23571
23572
23620
23670
23674
23749
23797
23819
23821
23900
23902
23943
23949
23994
24000
24003
24011
24032
24043
24062
24069
24078
24095
24107
24119
24126
24172
24204
24225
24226
24239
24266
24289
24295
24309
24319
24347
24354
24362
24372
24373
24404
24417
24427
24456
24461
24469
24535
24575
24584
24603
24611
24639
24649
24683
24689
24694
24695
24701
24714
24742
24749
24754
24759
24789
24791
24826
24859
24869
24883
24932
24941
24952
24963
24964
25020
25021
25045
25079
25086
25107
25112
25156
25201
25236
25293
25300
25304
25320
25336
25348
25375
25384
25386
25404
25405
25411
25472
25494
25500
25522
25557
25565
25568
25634
25664
25680
25728
25790
25793
25808
25837
25920
25938
25961
25987
25999
26021
26030
26053
26086
26100
26127
26142
26145
26151
26154
26182
26225
26236
26275
26278
26306
26317
26349
26353
26359
26374
26430
26476
26496
26509
26585
26597
26620
26650
26660
26675
26690
26700
26706
26707
26727
26760
26774
26795
26818
26889
26890
26919
26926
26940
26949
26961
26982
26983
26986
26990
26995
27004
27009
27050
27068
27137
27151
27166
27175
27178
27188
27190
27264
27265
27269
27271
27287
27288
27312
27321
27337
27346
27349
27351
27356
27376
27396
27404
27463
27473
27477
27494
27506
27509
27510
27519
27531
27575
27592
27602
27604
27615
27616
27638
27653
27661
27662
27677
27709
27714
27727
27731
27745
27780
27841
27853
27914
27919
27924
27928
27961
27969
27981
27983
27990
27992
28046
28108
28141
28164
28210
28240
28274
28279
28319
28323
28371
28378
28395
28420
28423
28431
28447
28468
28514
28531
28547
28557
28559
28569
28595
28607
28615
28631
28655
28679
28683
28692
28695
28741
28761
28775
28785
28794
28811
28813
28814
28820
28849
28856
28868
28876
28889
28915
28917
28953
28960
29005
29008
29010
29023
29033
29035
29037
29084
29096
29097
29107
29133
29189
29194
29200
29234
29265
29273
29278
29306
29312
29366
29381
29396
29402
29456
29458
29477
29481
29487
29551
29559
29589
29671
29679
29681
29694
29699
29700
29730
29731
29739
29829
29836
29847
29857
29859
29882
29893
29919
29924
29937
29960
29963
29988
29999
30037
30060
30068
30098
30101
30142
30145
30168
30169
30185
30231
30243
30270
30300
30330
30372
30388
30399
30401
30403
30404
30428
30455
30475
30484
30502
30545
30559
30580
30613
30617
30623
30633
30643
30655
30701
30707
30729
30737
30803
30825
30863
30873
30925
30952
30971
30978
30993
30999
31047
31057
31058
31067
31093
31102
31121
31129
31133
31134
31162
31209
31240
31242
31258
31266
31305
31310
31316
31330
31337
31362
31376
31378
31413
31420
31433
31467
31511
31639
31651
31665
31689
31698
31708
31725
31727
31742
31778
31817
31878
31890
31893
32017
32022
32055
32064
32085
32086
32089
32102
32121
32143
32144
32151
32166
32202
32218
32238
32298
32304
32316
32326
32327
32329
32346
32355
32379
32390
32391
32432
32449
32455
32469
32487
32511
32525
32541
32545
32576
32602
32613
32637
32649
32657
32664
32682
32700
32718
32743
32749
32755
32825
32831
32907
32908
32922
32925
32988
33043
33051
33058
33074
33080
33109
33151
33158
33179
33231
33252
33255
33282
33295
33297
33355
33357
33372
33382
33407
33418
33505
33517
33526
33534
33562
33639
33740
33750
33798
33807
33868
33896
33900
33950
33954
33993
34026
34072
34079
34080
34172
34174
34189
34220
34231
34237
34247
34272
34273
34281
34286
34340
34352
34355
34447
34470
34480
34511
34558
34611
34631
34640
34657
34662
34681
34702
34718
34740
34752
34766
34771
34775
34812
34822
34844
34845
34849
34859
34874
34898
34910
34965
35049
35106
35109
35125
35128
35133
35134
35136
35201
35202
35207
35232
35261
35297
35305
35336
35338
35366
35401
35418
35425
35487
35512
35539
35544
35547
35573
35582
35627
35667
35682
35684
35698
35723
35732
35738
35742
35750
35765
35792
35822
35877
35882
35895
35929
35930
35966
35977
36001
36015
36042
36044
36074
36082
36090
36108
36111
36114
36130
36147
36158
36166
36185
36206
36207
36210
36227
36240
36273
36308
36316
36317
36349
36365
36370
36396
36405
36410
36429
36470
36482
36490
36496
36518
36529
36541
36549
36555
36556
36557
36613
36617
36625
36628
36658
36678
36682
36692
36696
36698
36701
36715
36744
36766
36810
36820
36875
36915
36928
36957
36976
36995
37072
37088
37101
37112
37119
37134
37143
37161
37180
37243
37297
37302
37303
37313
37327
37358
37372
37382
37405
37421
37468
37472
37494
37504
37543
37546
37549
37581
37616
37618
37625
37626
37669
37674
37709
37716
37727
37729
37765
37777
37782
37818
37825
37855
37873
37930
37946
37963
37971
37982
38028
38039
38045
38059
38076
38082
38110
38158
38183
38189
38200
38216
38222
38249
38260
38281
38284
38323
38351
38387
38393
38401
38430
38453
38474
38500
38516
38527
38545
38566
38586
38593
38599
38624
38632
38652
38654
38680
38746
38782
38793
38809
38830
38956
38969
38978
38988
39046
39063
39110
39130
39174
39213
39216
39237
39303
39312
39326
39429
39430
39440
39451
39457
39459
39464
39474
39500
39519
39546
39570
39601
39618
39659
39667
39671
39695
39743
39757
39778
39784
39810
39813
39815
39820
39919
39926
39955
39962
39986
39982
39978
39977
39973
39972
39959
39951
39922
39908
39900
39892
39864
39837
39831
39803
39796
39785
39771
39762
39749
39727
39692
39683
39665
39652
39648
39646
39585
39569
39480
39458
39416
39406
39395
39386
39371
39363
39340
39334
39285
39264
39186
39130
39129
39123
39108
39106
39059
39048
39014
39002
38935
38918
38907
38880
38877
38870
38863
38845
38836
38809
38805
38760
38751
38738
38723
38722
38693
38684
38676
38656
38627
38626
38601
38594
38563
38529
38525
38518
38480
38411
38375
38356
38344
38267
38255
38252
38244
38212
38172
38121
38097
38052
38038
38010
38004
37989
37976
37946
37907
37873
37839
37812
37807
37804
37772
37727
37726
37709
37694
37672
37651
37645
37573
37540
37519
37453
37447
37392
37379
37371
37356
37322
37297
37289
37229
37174
37159
37150
37143
37126
37089
37082
37078
37075
37068
37059
37045
37029
37022
37019
36989
36982
36963
36921
36903
36894
36882
36874
36814
36777
36775
36764
36760
36754
36718
36701
36689
36688
36687
36679
36678
36657
36617
36608
36589
36549
36548
36514
36469
36446
36420
36406
36392
36391
36387
36380
36354
36347
36330
36326
36325
36300
36287
36282
36274
36268
36241
36234
36228
36213
36201
36199
36195
36186
36179
36152
36141
36122
36114
36103
36101
36091
36077
36075
36064
36013
36007
35997
35978
35954
35942
35915
35888
35873
35852
35836
35824
35817
35808
35804
35794
35782
35755
35723
35703
35701
35672
35671
35658
35653
35651
35639
35638
35585
35566
35558
35527
35502
35451
35378
35341
35332
35331
35297
35227
35207
35204
35190
35158
35156
35151
35129
35127
35062
35054
35009
34985
34975
34954
34948
34915
34851
34850
34849
34832
34817
34809
34801
34767
34762
34726
34703
34702
34674
34653
34632
34617
34587
34555
34488
34483
34481
34476
34460
34445
34440
34436
34417
34411
34407
34396
34384
34382
34380
34355
34312
34290
34289
34286
34263
34167
34151
34077
34060
34050
34045
34024
33997
33976
33971
33950
33938
33934
33933
33919
33874
33865
33805
33789
33770
33730
33728
33708
33694
33677
33615
33580
33569
33549
33546
33542
33528
33497
33482
33477
33426
33379
33353
33338
33263
33259
33205
33194
33189
33120
33114
33090
33071
33031
33023
33007
32960
32956
32954
32926
32909
32908
32896
32888
32884
32860
32800
32737
32722
32718
32643
32621
32578
32565
32560
32541
32539
32533
32525
32506
32496
32474
32450
32439
32437
32413
32396
32381
32368
32366
32335
32312
32309
32308
32305
32301
32284
32273
32271
32259
32246
32224
32213
32187
32181
32173
32168
32119
32101
32077
32073
32049
32048
32021
31978
31970
31953
31911
31846
31817
31815
31789
31761
31741
31733
31726
31709
31697
31658
31650
31635
31617
31612
31610
31579
31532
31509
31409
31408
31406
31398
31378
31376
31369
31333
31325
31302
31281
31272
31190
31176
31175
31168
31159
31146
31112
31107
31095
31084
31045
31006
30983
30979
30978
30969
30909
30891
30839
30837
30806
30779
30704
30664
30611
30610
30582
30559
30540
30532
30518
30508
30494
30490
30466
30452
30446
30434
30427
30407
30346
30345
30319
30277
30255
30233
30222
30206
30191
30189
30146
30143
30136
30120
30054
30036
30024
30005
29981
29980
29949
29936
29933
29926
29919
29918
29849
29840
29835
29827
29800
29777
29772
29757
29753
29743
29739
29711
29657
29625
29614
29581
29555
29531
29527
29506
29500
29476
29462
29418
29416
29377
29369
29334
29328
29306
29293
29256
29239
29230
29222
29190
29178
29177
29157
29123
29108
29104
29092
29083
29073
29052
29042
29033
28996
28976
28963
28947
28946
28903
28845
28842
28820
28795
28772
28731
28721
28686
28658
28626
28622
28593
28572
28559
28554
28553
28534
28516
28503
28455
28432
28431
28428
28410
28398
28391
28390
28386
28361
28350
28313
28266
28260
28253
28245
28208
28197
28174
28162
28146
28142
28109
28105
28102
28083
28058
28036
28022
28021
28011
27979
27975
27973
27939
27902
27891
27888
27880
27859
27857
27829
27823
27812
27769
27762
27738
27691
27690
27672
27667
27662
27650
27648
27610
27601
27583
27513
27473
27467
27381
27365
27353
27336
27293
27237
27234
27230
27223
27216
27182
27151
27136
27122
27113
27082
27071
27066
27031
26996
26978
26955
26953
26942
26919
26887
26856
26852
26819
26807
26759
26740
26735
26723
26679
26673
26638
26635
26608
26574
26566
26490
26484
26474
26470
26464
26461
26439
26394
26376
26374
26348
26336
26274
26254
26245
26244
26231
26222
26202
26175
26159
26082
26053
26022
26005
25989
25985
25970
25927
25915
25888
25884
25852
25849
25804
25742
25714
25705
25701
25687
25648
25639
25631
25622
25606
25594
25544
25509
25504
25490
25446
25439
25424
25392
25386
25381
25337
25313
25302
25265
25263
25232
25218
25198
25191
25150
25134
25121
25119
25117
25103
25094
25047
25037
25021
25004
24997
24995
24990
24985
24970
24963
24958
24944
24911
24909
24901
24880
24874
24847
24834
24798
24789
24764
24754
24743
24733
24730
24723
24710
24694
24674
24663
24644
24631
24626
24609
24572
24546
24540
24524
24504
24492
24486
24479
24452
24413
24412
24398
24394
24359
24358
24293
24290
24285
24220
24211
24205
24191
24157
24144
24141
24118
24091
23995
23986
23963
23955
23931
23905
23903
23821
23798
23792
23781
23743
23722
23716
23669
23650
23647
23618
23617
23610
23608
23574
23565
23561
23551
23531
23510
23503
23435
23432
23377
23301
23270
23264
23250
23229
23227
23203
23199
23183
23136
23131
23129
23102
23088
23057
23008
22994
22974
22954
22931
22923
22901
22860
22818
22801
22787
22770
22752
22735
22697
22686
22660
22641
22623
22611
22605
22585
22546
22531
22513
22466
22463
22426
22424
22381
22380
22378
22373
22318
22294
22267
22237
22223
22221
22168
22162
22145
22088
22085
22077
22065
22027
21994
21978
21955
21953
21946
21941
21924
21906
21892
21887
21876
21861
21855
21814
21798
21774
21734
21732
21659
21657
21651
21575
21570
21483
21465
21452
21438
21437
21412
21344
21341
21307
21291
21254
21219
21213
21183
21182
21155
21112
21080
21068
21038
21030
21017
21014
20974
20972
20961
20954
20949
20922
20913
20893
20858
20847
20820
20806
20768
20763
20762
20745
20730
20697
20693
20692
20689
20688
20680
20657
20642
20640
20611
20608
20559
20534
20509
20502
20490
20480
20476
20465
20462
20457
20449
20404
20381
20335
20319
20305
20270
20251
20237
20212
20207
20171
20166
20151
20150
20112
20097
20089
20078
20055
20039
20026
19989
19965
19964
19958
19936
19912
19904
19876
19865
19843
19830
19782
19750
19741
19738
19735
19728
19665
19635
19632
19622
19619
19607
19579
19530
19506
19503
19483
19463
19439
19437
19429
19409
19407
19396
19384
19373
19368
19367
19327
19317
19301
19298
19293
19274
19260
19259
19211
19150
19142
19130
19079
19063
19044
19010
18975
18948
18940
18935
18891
18875
18874
18854
18841
18839
18824
18801
18775
18747
18726
18646
18578
18554
18519
18485
18479
18469
18436
18390
18388
18384
18317
18307
18285
18256
18207
18190
18184
18161
18131
18088
18081
18054
17999
17979
17948
17928
17917
17905
17904
17886
17883
17871
17843
17811
17788
17786
17782
17776
17714
17668
17653
17632
17611
17609
17571
17499
17491
17484
17476
17469
17457
17453
17419
17403
17375
17357
17344
17330
17320
17319
17254
17164
17131
17075
17065
17057
17046
17039
17037
17028
17006
17002
16974
16970
16936
16927
16920
16900
16899
16870
16830
16829
16813
16811
16804
16781
16760
16732
16709
16688
16653
16646
16645
16593
16585
16564
16499
16496
16479
16430
16407
16402
16390
16348
16343
16333
16304
16302
16301
16295
16293
16264
16235
16234
16223
16204
16170
16162
16146
16120
16077
16073
16069
16065
16018
16002
15925
15886
15877
15844
15830
15819
15759
15685
15672
15671
15669
15655
15642
15636
15615
15568
15565
15556
15543
15508
15489
15449
15417
15388
15334
15292
15259
15246
15241
15222
15214
15176
15166
15161
15134
15115
15108
15090
15081
15072
15014
15009
14990
14989
14978
14967
14958
14952
14951
14923
14914
14896
14865
14851
14799
14786
14761
14746
14732
14718
14690
14615
14538
14534
14517
14503
14464
14451
14446
14443
14424
14419
14412
14406
14402
14397
14387
14378
14353
14346
14334
14321
14318
14260
14225
14222
14216
14197
14194
14167
14157
14119
14104
14096
14083
14073
14021
14009
13978
13937
13929
13916
13910
13881
13879
13856
13816
13803
13794
13760
13752
13750
13694
13682
13658
13648
13646
13627
13623
13622
13615
13610
13598
13584
13577
13569
13567
13528
13501
13487
13467
13359
13345
13328
13286
13252
13229
13226
13210
13206
13202
13198
13196
13160
13154
13147
13138
13057
13043
13042
13031
12998
12954
12953
12947
12928
12899
12894
12875
12858
12848
12827
12796
12777
12773
12770
12753
12692
12683
12681
12680
12659
12632
12620
12570
12551
12550
12482
12422
12387
12311
12287
12252
12249
12235
12180
12166
12124
12091
12089
12022
12018
12017
12011
12000
11994
11985
11961
11944
11919
11908
11892
11871
11866
11853
11841
11813
11771
11737
11711
11656
11631
11611
11609
11589
11554
11530
11509
11480
11472
11426
11318
11312
11303
11281
11263
11254
11238
11237
11233
11225
11167
11150
11143
11120
11112
11107
11085
11083
11063
11061
11039
11030
10993
10986
10970
10909
10818
10812
10773
10759
10756
10753
10726
10683
10655
10653
10633
10577
10501
10498
10493
10453
10448
10429
10418
10395
10385
10354
10329
10315
10313
10294
10286
10272
10259
10238
10223
10222
10198
10196
10191
10144
10115
10097
10090
10058
10032
10028
10012
10003
9989
9974
9927
9925
9924
9919
9917
9910
9844
9819
9739
9695
9690
9666
9652
9648
9637
9630
9613
9602
9600
9593
9580
9560
9559
9527
9515
9506
9503
9496
9469
9462
9455
9396
9347
9310
9250
9199
9169
9129
9119
9109
9088
9086
9085
9058
8992
8978
8963
8955
8951
8887
8834
8818
8792
8743
8732
8683
8662
8620
8617
8603
8579
8555
8528
8515
8488
8482
8481
8477
8442
8433
8432
8428
8405
8399
8395
8355
8352
8330
8298
8281
8280
8247
8167
8124
8092
8066
8059
8034
8006
7989
7979
7969
7948
7934
7930
7915
7862
7840
7826
7808
7807
7802
7729
7718
7714
7708
7690
7671
7669
7664
7634
7609
7587
7545
7494
7486
7413
7412
7388
7373
7270
7241
7230
7225
7219
7213
7203
7197
7120
7117
7115
7105
7101
7089
7083
7067
7031
7008
6999
6980
6962
6909
6901
6882
6854
6837
6836
6819
6808
6797
6779
6769
6761
6749
6742
6740
6718
6712
6672
6657
6601
6597
6592
6554
6497
6471
6463
6450
6445
6427
6380
6378
6354
6353
6326
6321
6305
6295
6288
6263
6244
6226
6220
6177
6176
6154
6138
6081
6051
6033
6017
5996
5948
5938
5861
5856
5839
5821
5806
5804
5795
5786
5768
5765
5753
5718
5704
5678
5663
5658
5649
5588
5579
5562
5540
5465
5452
5433
5396
5383
5355
5347
5301
5300
5235
5192
5189
5141
5140
5122
5118
5110
5105
5102
5072
5068
5065
5057
5043
4990
4935
4886
4839
4826
4825
4821
4803
4760
4748
4733
4714
4699
4676
4665
4653
4612
4611
4595
4544
4541
4502
4463
4447
4411
4387
4366
4349
4323
4312
4294
4279
4262
4261
4257
4190
4175
4172
4165
4146
4141
4093
4078
4075
4066
4063
4051
3999
3937
3925
3910
3895
3874
3850
3792
3790
3789
3783
3660
3622
3609
3596
3592
3555
3534
3533
3491
3479
3455
3439
3430
3427
3421
3411
3404
3384
3383
3350
3340
3329
3323
3320
3302
3296
3263
3255
3252
3240
3202
3198
3174
3166
3160
3148
3147
3141
3084
3063
3028
2938
2937
2924
2776
2733
2704
2689
2647
2618
2606
2592
2566
2520
2512
2487
2466
2455
2417
2411
2368
2358
2343
2340
2337
2307
2299
2294
2281
2223
2189
2165
2143
2137
2094
2087
2075
2055
2044
1973
1972
1953
1948
1880
1876
1874
1845
1837
1835
1807
1801
1798
1795
1784
1763
1761
1755
1710
1685
1684
1678
1657
1642
1556
1553
1510
1503
1502
1460
1455
1453
1436
1419
1412
1402
1389
1383
1342
1327
1324
1268
1266
1244
1243
1204
1170
1130
1122
1118
1105
1076
1073
1064
1042
1037
1035
1014
991
980
961
924
915
904
890
884
876
869
833
823
804
786
783
772
771
747
682
627
618
610
603
576
567
564
558
523
512
510
490
483
459
457
438
436
408
405
402
387
380
353
328
291
268
267
264
252
196
168
147
125
109
72
52
48
47
17
k
