38
98
103
147
197
215
226
228
229
244
256
273
280
284
333
345
352
363
428
437
442
470
474
495
506
510
514
516
525
527
547
566
616
678
680
682
719
751
762
783
784
799
812
824
839
855
874
875
883
898
901
907
923
955
992
996
997
1079
1141
1145
1147
1169
1180
1197
1257
1260
1266
1308
1322
1343
1386
1416
1459
1504
1519
1525
1535
1560
1562
1572
1613
1618
1655
1669
1672
1676
1703
1754
1781
1808
1828
1861
1894
1912
1931
1932
1940
1966
1967
1981
1984
1995
2030
2048
2054
2057
2066
2068
2127
2153
2213
2224
2225
2232
2233
2272
2274
2284
2335
2343
2349
2366
2415
2421
2424
2430
2441
2500
2504
2506
2514
2520
2548
2556
2575
2604
2607
2610
2649
2679
2704
2739
2743
2766
2775
2804
2805
2867
2903
2927
2935
2946
2954
2974
2977
2999
3008
3010
3012
3035
3040
3061
3064
3065
3084
3111
3123
3127
3128
3131
3202
3212
3243
3260
3268
3280
3285
3290
3338
3339
3349
3365
3366
3412
3447
3469
3539
3543
3577
3605
3616
3639
3654
3656
3680
3690
3693
3712
3780
3789
3815
3826
3830
3847
3874
3878
3931
3953
3956
3961
3989
4017
4039
4041
4043
4094
4122
4134
4135
4248
4259
4269
4272
4286
4308
4310
4364
4386
4395
4401
4418
4446
4447
4464
4491
4509
4517
4556
4587
4607
4612
4626
4642
4653
4664
4716
4733
4741
4744
4804
4863
4894
4902
4923
4945
4948
4979
4998
5008
5043
5047
5061
5079
5105
5108
5131
5159
5177
5198
5203
5221
5228
5238
5272
5282
5294
5327
5363
5413
5418
5436
5463
5490
5493
5494
5498
5520
5530
5560
5592
5598
5613
5618
5633
5678
5680
5683
5697
5710
5726
5745
5785
5787
5794
5797
5807
5876
5904
5931
5963
5982
6049
6089
6132
6154
6161
6201
6208
6216
6221
6225
6267
6303
6322
6384
6422
6440
6464
6493
6498
6538
6548
6550
6564
6598
6601
6671
6675
6679
6686
6720
6761
6772
6792
6800
6810
6874
6882
6932
6957
7070
7075
7092
7141
7152
7173
7211
7215
7227
7231
7248
7280
7319
7322
7331
7357
7406
7411
7435
7444
7478
7485
7486
7494
7495
7505
7512
7529
7534
7538
7559
7560
7585
7587
7593
7599
7610
7650
7655
7661
7662
7688
7691
7722
7723
7749
7776
7783
7805
7850
7858
7871
7881
7891
7893
7898
7913
7932
8011
8018
8043
8059
8087
8091
8096
8171
8177
8260
8268
8278
8280
8291
8294
8309
8311
8336
8337
8366
8382
8387
8390
8394
8401
8408
8418
8436
8470
8497
8524
8644
8672
8676
8706
8746
8813
8830
8920
8921
8924
8930
8942
8951
9010
9027
9031
9044
9045
9098
9126
9127
9143
9145
9211
9212
9249
9260
9296
9365
9372
9401
9428
9436
9496
9510
9525
9540
9561
9565
9580
9588
9589
9592
9596
9629
9632
9679
9742
9767
9781
9787
9801
9802
9816
9830
9856
9865
9917
9926
9969
9994
9989
9977
9976
9967
9965
9919
9910
9879
9858
9850
9849
9831
9818
9798
9782
9775
9717
9693
9678
9673
9668
9665
9626
9621
9615
9594
9573
9553
9548
9524
9522
9493
9465
9456
9455
9452
9328
9320
9256
9247
9240
9229
9206
9203
9160
9147
9142
9136
9112
9092
9086
9076
9027
9019
9010
9005
8988
8912
8876
8873
8784
8756
8744
8725
8716
8689
8665
8634
8632
8627
8578
8572
8569
8568
8565
8561
8540
8520
8505
8405
8385
8350
8338
8323
8265
8188
8162
8138
8126
8085
8070
8047
8024
8016
8009
7999
7988
7976
7972
7955
7948
7921
7883
7869
7832
7803
7772
7720
7673
7654
7638
7631
7614
7608
7594
7565
7555
7540
7536
7494
7475
7470
7453
7450
7433
7424
7420
7417
7414
7404
7385
7384
7383
7373
7370
7359
7350
7251
7218
7207
7204
7201
7200
7170
7158
7118
7116
7095
7087
7085
7054
7049
7046
7023
7021
6961
6958
6926
6906
6900
6895
6874
6866
6824
6759
6731
6675
6639
6615
6596
6562
6546
6542
6531
6524
6516
6513
6409
6406
6405
6370
6295
6251
6186
6178
6177
6162
6160
6135
6132
6125
6119
6103
6079
6038
6006
5996
5946
5944
5940
5888
5882
5848
5846
5834
5813
5808
5796
5785
5781
5780
5752
5748
5744
5697
5642
5616
5603
5600
5570
5552
5550
5503
5487
5456
5404
5394
5375
5363
5351
5331
5318
5311
5296
5295
5293
5285
5274
5251
5249
5229
5223
5217
5208
5178
5165
5132
5107
5106
5099
5071
5062
4993
4939
4937
4933
4930
4926
4894
4881
4832
4825
4820
4790
4779
4755
4720
4709
4701
4682
4671
4649
4648
4643
4631
4612
4607
4531
4511
4465
4455
4431
4430
4344
4336
4326
4294
4287
4282
4133
4112
4084
4077
4057
4016
4014
3995
3975
3888
3879
3877
3852
3816
3810
3803
3789
3756
3741
3736
3720
3707
3683
3651
3619
3613
3579
3551
3524
3508
3467
3441
3413
3397
3386
3350
3338
3326
3314
3303
3293
3269
3268
3207
3182
3150
3149
3146
3145
3127
3119
3100
3088
3081
3078
3060
3036
2987
2978
2901
2882
2846
2832
2797
2796
2791
2782
2775
2758
2749
2735
2733
2730
2695
2680
2676
2657
2649
2644
2616
2581
2565
2551
2481
2480
2460
2456
2454
2450
2448
2416
2392
2386
2353
2339
2300
2266
2236
2230
2212
2200
2175
2144
2116
2080
2062
2059
2025
2020
2018
1991
1956
1955
1931
1927
1906
1854
1849
1840
1832
1824
1788
1782
1775
1757
1745
1729
1664
1663
1646
1619
1587
1583
1572
1545
1539
1522
1518
1510
1442
1440
1430
1427
1413
1410
1315
1272
1269
1267
1238
1221
1216
1181
1179
1152
1118
1082
1074
1058
1037
1034
1019
1013
995
973
886
848
834
808
807
757
731
722
709
690
681
672
667
592
588
586
582
578
570
552
549
538
520
513
480
456
448
445
427
397
342
238
233
223
221
210
184
181
151
141
137
121
99
80
71
36
k
