15
21
47
69
97
112
119
122
131
145
165
166
168
169
181
219
228
265
274
317
318
320
368
408
419
426
456
467
473
510
513
519
522
532
540
541
563
565
594
598
624
627
630
635
646
648
698
715
763
781
785
810
838
839
854
891
916
948
951
954
999
1000
1006
1015
1070
1088
1123
1131
1177
1192
1210
1235
1282
1337
1338
1371
1374
1390
1422
1450
1497
1500
1568
1580
1609
1614
1624
1636
1643
1651
1654
1664
1685
1693
1703
1709
1740
1768
1800
1826
1854
1897
1898
1942
1966
1989
2014
2026
2065
2103
2125
2128
2185
2263
2289
2320
2322
2351
2353
2361
2368
2380
2386
2409
2430
2436
2460
2468
2470
2505
2511
2515
2519
2556
2562
2587
2590
2641
2737
2754
2776
2787
2792
2805
2819
2850
2852
2866
2885
2886
2912
2920
2932
2945
2948
2978
3018
3043
3050
3073
3092
3155
3172
3195
3210
3241
3244
3245
3249
3292
3322
3326
3361
3365
3374
3459
3480
3494
3523
3548
3611
3624
3629
3646
3661
3677
3689
3738
3765
3781
3797
3805
3827
3853
3918
3943
3948
3953
3997
3999
4008
4012
4018
4026
4031
4049
4090
4108
4130
4145
4182
4183
4186
4241
4243
4250
4258
4284
4311
4480
4483
4492
4516
4561
4563
4599
4624
4632
4634
4677
4731
4755
4770
4802
4809
4818
4851
4871
4872
4917
4979
5119
5123
5183
5199
5212
5287
5302
5342
5346
5378
5386
5414
5435
5452
5503
5505
5569
5609
5642
5643
5669
5710
5716
5743
5753
5788
5893
5920
5925
5928
5954
5969
5982
6027
6056
6094
6109
6173
6179
6190
6192
6199
6232
6272
6307
6312
6313
6319
6382
6423
6426
6443
6447
6453
6520
6532
6542
6590
6651
6677
6747
6748
6760
6826
6834
6847
6898
6906
6935
6952
6984
6994
7005
7020
7033
7038
7048
7064
7070
7083
7130
7176
7177
7205
7218
7230
7234
7241
7242
7280
7288
7307
7308
7375
7429
7464
7468
7480
7486
7495
7498
7502
7503
7511
7531
7538
7542
7566
7604
7607
7609
7667
7668
7679
7684
7705
7709
7726
7736
7757
7772
7785
7829
7837
7867
7869
7887
7948
7966
7974
7992
7993
8001
8018
8022
8024
8030
8034
8041
8045
8059
8066
8068
8077
8088
8091
8106
8137
8174
8204
8208
8212
8226
8227
8229
8230
8246
8251
8269
8304
8307
8324
8347
8356
8457
8468
8489
8505
8521
8550
8571
8572
8617
8623
8624
8648
8685
8691
8694
8696
8710
8776
8781
8793
8796
8817
8830
8840
8856
8880
8891
8894
8916
8942
8954
8986
9033
9036
9092
9110
9134
9149
9153
9160
9193
9202
9204
9235
9251
9264
9313
9320
9329
9384
9413
9426
9427
9438
9444
9481
9514
9519
9539
9556
9573
9596
9599
9617
9642
9643
9652
9666
9672
9684
9692
9696
9716
9734
9761
9812
9817
9819
9823
9825
9848
9849
9855
9862
9866
9869
9893
9907
9949
9979
9988
10005
10006
10025
10052
10076
10082
10134
10137
10144
10172
10178
10185
10195
10198
10223
10228
10236
10284
10322
10335
10481
10537
10546
10580
10587
10593
10608
10622
10629
10632
10640
10723
10737
10745
10766
10848
10859
10884
10902
10910
10946
11029
11041
11049
11052
11067
11076
11101
11103
11105
11106
11141
11145
11180
11232
11254
11261
11267
11268
11274
11310
11320
11324
11338
11345
11349
11386
11407
11409
11439
11452
11461
11470
11564
11582
11606
11670
11699
11703
11752
11770
11788
11813
11816
11840
11844
11845
11957
11976
12003
12034
12042
12059
12133
12146
12183
12187
12209
12235
12264
12295
12320
12353
12354
12362
12381
12405
12421
12436
12476
12501
12538
12543
12585
12634
12639
12640
12686
12780
12821
12844
12848
12863
12870
12913
12935
12998
12999
13004
13021
13023
13069
13077
13082
13088
13102
13109
13115
13120
13123
13128
13136
13152
13226
13247
13250
13261
13269
13272
13274
13283
13286
13292
13339
13359
13400
13407
13441
13466
13514
13545
13552
13573
13590
13599
13625
13667
13668
13675
13707
13715
13747
13751
13813
13849
13852
13877
13892
13893
13895
13897
13917
13923
13969
13990
13997
14013
14015
14042
14043
14044
14083
14093
14118
14144
14156
14177
14182
14241
14249
14267
14300
14318
14342
14350
14379
14402
14409
14459
14474
14478
14513
14540
14560
14589
14605
14625
14652
14657
14685
14693
14698
14751
14784
14792
14812
14838
14863
14901
14910
14925
14937
14950
14982
14995
15080
15101
15115
15123
15150
15156
15192
15214
15215
15222
15224
15228
15236
15284
15298
15302
15305
15308
15315
15320
15347
15360
15369
15432
15460
15467
15487
15495
15522
15556
15593
15597
15604
15743
15754
15793
15794
15820
15824
15839
15861
15876
15894
15899
15912
15957
15980
16024
16033
16034
16064
16077
16107
16109
16113
16135
16164
16186
16261
16298
16304
16308
16312
16331
16357
16407
16409
16414
16416
16441
16444
16452
16523
16550
16553
16581
16591
16607
16621
16634
16637
16649
16676
16684
16687
16694
16699
16703
16705
16706
16707
16723
16727
16736
16772
16795
16803
16827
16843
16904
16921
16959
16982
16999
17027
17054
17066
17069
17074
17136
17152
17159
17190
17201
17214
17217
17226
17251
17283
17285
17289
17302
17319
17322
17330
17334
17350
17352
17358
17360
17371
17403
17430
17440
17468
17549
17552
17564
17575
17662
17706
17720
17731
17739
17758
17762
17768
17799
17804
17808
17835
17842
17868
17880
17892
17918
17941
17963
17988
18013
18017
18028
18030
18059
18077
18135
18151
18175
18225
18235
18236
18241
18248
18270
18274
18311
18332
18350
18372
18381
18397
18408
18416
18447
18468
18491
18493
18524
18541
18543
18568
18594
18600
18608
18614
18648
18655
18693
18702
18722
18741
18751
18933
18942
18945
18949
18961
18963
18965
19009
19030
19064
19088
19098
19113
19136
19153
19161
19185
19249
19263
19268
19282
19293
19304
19311
19324
19349
19380
19385
19426
19451
19482
19488
19507
19510
19512
19527
19536
19546
19566
19568
19603
19612
19623
19639
19656
19658
19730
19771
19816
19819
19835
19850
19866
19897
19898
19945
19964
19984
19985
19994
20001
20052
20069
20076
20077
20091
20120
20123
20146
20172
20173
20188
20194
20214
20250
20266
20267
20278
20291
20313
20321
20326
20337
20363
20364
20368
20372
20378
20417
20424
20433
20441
20450
20458
20510
20511
20584
20587
20591
20593
20659
20661
20708
20730
20731
20733
20743
20782
20784
20837
20846
20856
20866
20886
20888
20943
20954
20993
21000
21025
21053
21054
21067
21070
21080
21109
21126
21127
21130
21140
21150
21161
21163
21173
21177
21206
21226
21240
21256
21277
21287
21296
21312
21340
21356
21366
21375
21388
21438
21443
21447
21455
21503
21550
21559
21585
21625
21627
21629
21641
21650
21671
21680
21685
21687
21688
21705
21707
21770
21774
21776
21777
21824
21829
21857
21877
21881
21972
22004
22013
22021
22035
22046
22051
22066
22074
22085
22094
22100
22108
22129
22136
22138
22171
22184
22192
22270
22273
22356
22375
22377
22398
22449
22468
22478
22518
22533
22537
22547
22629
22638
22640
22646
22666
22733
22734
22762
22769
22777
22789
22837
22863
22882
22901
22921
22935
22943
22948
22975
22980
22985
22994
23000
23007
23036
23068
23071
23142
23144
23168
23171
23183
23195
23214
23247
23250
23266
23348
23350
23356
23359
23410
23411
23433
23459
23503
23526
23536
23550
23568
23573
23639
23646
23651
23664
23680
23700
23710
23790
23793
23795
23803
23826
23856
23863
23912
23915
23936
23967
23983
23987
23988
24008
24057
24058
24064
24112
24132
24151
24152
24156
24200
24235
24239
24276
24294
24326
24330
24338
24446
24452
24519
24544
24559
24574
24589
24618
24631
24636
24647
24662
24690
24699
24739
24770
24772
24776
24802
24808
24816
24853
24856
24882
24893
24897
24904
24957
24964
24983
24992
25027
25030
25067
25078
25081
25094
25111
25157
25167
25195
25270
25283
25291
25310
25330
25357
25371
25425
25462
25493
25506
25519
25550
25557
25567
25589
25597
25630
25640
25660
25673
25685
25689
25693
25700
25724
25737
25744
25760
25761
25765
25773
25799
25805
25827
25839
25857
25885
25908
25950
25953
25963
25976
26016
26054
26070
26074
26127
26170
26174
26197
26199
26201
26216
26235
26238
26264
26300
26325
26349
26355
26359
26366
26401
26419
26434
26439
26465
26483
26492
26564
26578
26598
26642
26675
26734
26750
26753
26760
26787
26793
26797
26839
26878
26908
26926
26929
26936
26946
26970
26980
26998
27014
27021
27079
27080
27093
27096
27148
27277
27303
27307
27312
27326
27328
27331
27332
27389
27438
27456
27459
27530
27533
27551
27555
27574
27579
27603
27674
27697
27717
27739
27744
27755
27796
27877
27890
27899
27921
28021
28035
28047
28084
28099
28109
28111
28118
28137
28156
28161
28200
28220
28229
28234
28252
28272
28295
28316
28317
28324
28351
28413
28436
28451
28465
28468
28496
28534
28590
28595
28603
28626
28650
28676
28738
28743
28750
28752
28782
28790
28792
28849
28852
28890
28909
28930
28954
28959
28981
28982
28985
29063
29089
29096
29109
29159
29163
29205
29223
29243
29276
29287
29364
29370
29407
29408
29415
29417
29421
29445
29456
29479
29491
29503
29519
29537
29566
29606
29626
29632
29633
29657
29682
29719
29766
29775
29784
29792
29814
29822
29838
29861
29891
29907
29916
29926
29935
29943
29978
30013
30020
30049
30052
30075
30241
30256
30266
30278
30343
30354
30364
30394
30401
30407
30420
30429
30444
30451
30455
30477
30514
30647
30652
30739
30763
30777
30818
30843
30847
30866
30871
30925
30938
30957
30970
30975
30982
31031
31040
31060
31061
31078
31079
31109
31131
31157
31173
31200
31207
31209
31233
31247
31262
31275
31281
31286
31305
31347
31356
31371
31387
31391
31411
31431
31436
31443
31479
31495
31497
31530
31541
31559
31626
31635
31640
31662
31678
31693
31717
31724
31738
31782
31840
31843
31875
31898
31901
31916
31919
31931
31932
31941
31961
31962
31992
31993
32060
32085
32089
32095
32158
32172
32175
32252
32274
32307
32310
32315
32321
32337
32364
32385
32412
32423
32494
32496
32586
32588
32597
32608
32644
32676
32697
32703
32805
32806
32809
32857
32873
32886
32917
32929
32934
32955
32962
32966
32975
32976
32982
32993
32999
33021
33026
33043
33080
33095
33099
33116
33129
33139
33148
33169
33180
33181
33214
33217
33219
33226
33264
33270
33302
33401
33434
33437
33457
33458
33461
33473
33478
33532
33553
33563
33575
33606
33610
33624
33652
33674
33675
33689
33722
33751
33757
33759
33763
33780
33811
33815
33819
33826
33907
33912
33918
33927
33932
33943
33965
33968
33988
33998
34028
34057
34067
34093
34113
34115
34118
34137
34217
34231
34264
34273
34285
34296
34298
34301
34345
34397
34437
34487
34490
34495
34523
34544
34553
34595
34628
34645
34655
34661
34675
34702
34711
34716
34717
34735
34783
34789
34799
34821
34827
34832
34877
34902
34949
34955
34992
35025
35034
35037
35041
35062
35068
35072
35091
35093
35104
35117
35125
35131
35140
35168
35173
35208
35235
35262
35291
35378
35380
35410
35418
35428
35510
35533
35539
35550
35586
35591
35600
35606
35617
35636
35682
35692
35713
35731
35771
35805
35806
35827
35860
35867
35874
35889
35897
35912
35921
35925
35929
35965
35983
35993
36019
36029
36036
36044
36077
36092
36093
36099
36118
36127
36157
36173
36180
36182
36235
36257
36260
36288
36350
36377
36378
36381
36388
36395
36424
36431
36436
36465
36466
36472
36476
36490
36594
36596
36601
36627
36678
36691
36709
36775
36797
36807
36866
36881
36909
36939
36957
36980
37033
37035
37039
37062
37082
37093
37120
37127
37166
37204
37208
37217
37270
37278
37293
37340
37358
37376
37381
37384
37385
37400
37402
37426
37429
37483
37490
37510
37531
37544
37551
37560
37570
37574
37597
37636
37640
37671
37694
37714
37732
37745
37771
37772
37817
37827
37870
37871
37885
37892
37903
37944
37945
38013
38017
38051
38057
38063
38073
38091
38198
38216
38218
38225
38248
38249
38276
38339
38356
38362
38420
38426
38485
38496
38504
38514
38542
38565
38584
38598
38671
38685
38693
38719
38749
38759
38787
38816
38824
38886
38917
38944
38945
38962
38969
38985
38995
39044
39048
39123
39238
39244
39246
39264
39277
39306
39307
39308
39344
39346
39366
39381
39388
39408
39437
39445
39490
39538
39553
39565
39575
39602
39612
39638
39661
39664
39687
39734
39770
39775
39826
39831
39842
39855
39885
39904
39906
39907
39954
39980
39983
39988
40029
40046
40079
40084
40095
40144
40176
40193
40199
40235
40274
40296
40302
40304
40338
40356
40357
40389
40395
40530
40532
40552
40576
40584
40590
40605
40607
40618
40627
40645
40654
40693
40719
40740
40770
40796
40809
40813
40824
40834
40856
40858
40869
40878
40884
40958
40984
40988
41004
41018
41052
41068
41085
41088
41098
41114
41120
41124
41126
41127
41154
41204
41213
41234
41254
41262
41278
41305
41330
41334
41364
41383
41416
41511
41535
41597
41649
41688
41693
41694
41712
41721
41732
41733
41744
41772
41779
41788
41828
41857
41885
41897
41898
41899
41948
41984
41986
41992
42031
42045
42082
42091
42119
42192
42204
42227
42229
42236
42249
42250
42275
42285
42295
42300
42320
42322
42328
42340
42354
42365
42366
42374
42379
42385
42436
42449
42511
42550
42571
42613
42614
42623
42725
42768
42769
42801
42832
42875
42880
42933
42988
42989
43003
43034
43036
43055
43073
43089
43092
43101
43115
43117
43165
43217
43221
43222
43238
43250
43260
43262
43274
43282
43292
43298
43307
43308
43346
43350
43367
43404
43409
43421
43484
43499
43513
43524
43545
43554
43557
43622
43630
43650
43659
43668
43672
43684
43701
43712
43714
43745
43755
43761
43818
43832
43834
43848
43872
43925
43959
43967
43972
43977
43995
44072
44076
44097
44128
44131
44170
44199
44203
44207
44215
44217
44249
44282
44303
44343
44354
44358
44361
44378
44380
44399
44416
44488
44492
44494
44560
44605
44646
44665
44672
44690
44721
44727
44760
44786
44798
44819
44846
44854
44856
44898
44911
44918
44930
44931
44957
44972
44978
44981
44989
45015
45031
45034
45052
45144
45156
45170
45185
45189
45215
45235
45272
45291
45326
45351
45358
45379
45381
45406
45407
45426
45430
45434
45511
45542
45552
45559
45560
45581
45636
45679
45683
45729
45739
45745
45748
45761
45780
45791
45794
45876
45890
45891
45905
45909
45943
45954
45988
46002
46131
46152
46162
46188
46239
46247
46267
46292
46300
46311
46340
46353
46378
46391
46392
46401
46439
46473
46534
46576
46594
46601
46614
46617
46648
46665
46667
46725
46761
46768
46786
46791
46801
46806
46813
46814
46817
46858
46868
46888
46895
46908
46926
46931
46960
46981
47024
47027
47035
47065
47102
47112
47173
47254
47283
47350
47357
47361
47362
47495
47501
47506
47509
47512
47528
47535
47536
47547
47572
47576
47595
47607
47632
47692
47697
47706
47724
47727
47735
47744
47820
47846
47848
47863
47898
47946
47981
48008
48016
48023
48043
48048
48051
48059
48074
48084
48099
48103
48126
48148
48174
48177
48185
48202
48213
48325
48327
48335
48350
48353
48362
48374
48383
48423
48488
48495
48498
48519
48534
48547
48562
48586
48587
48588
48594
48642
48664
48717
48775
48792
48798
48828
48849
48917
48937
48949
48971
48977
48987
48993
49021
49063
49124
49136
49148
49149
49160
49183
49214
49270
49273
49274
49294
49300
49307
49357
49376
49395
49401
49409
49413
49424
49438
49439
49460
49475
49486
49488
49546
49555
49568
49570
49602
49650
49656
49686
49695
49735
49766
49780
49858
49891
49952
49979
50022
50049
50051
50063
50096
50104
50139
50163
50183
50214
50216
50230
50236
50241
50250
50253
50315
50321
50328
50343
50355
50373
50376
50390
50437
50470
50480
50485
50504
50561
50568
50580
50581
50617
50627
50628
50630
50651
50698
50705
50723
50728
50763
50764
50776
50793
50807
50887
50924
50998
51017
51084
51090
51116
51137
51140
51162
51169
51190
51191
51193
51198
51208
51232
51236
51273
51283
51287
51293
51318
51375
51378
51399
51404
51421
51426
51442
51443
51445
51449
51454
51474
51475
51480
51481
51482
51483
51531
51534
51539
51567
51570
51587
51633
51650
51667
51685
51712
51741
51760
51783
51801
51836
51848
51861
51869
51889
51898
51936
51956
51993
51996
52014
52024
52047
52087
52107
52113
52159
52160
52250
52252
52270
52273
52284
52297
52314
52325
52374
52388
52390
52391
52417
52428
52477
52478
52488
52513
52534
52548
52561
52593
52627
52650
52675
52688
52706
52711
52712
52724
52743
52764
52780
52818
52824
52833
52844
52863
52872
52874
52928
52956
52958
52998
53017
53023
53025
53044
53045
53082
53091
53122
53141
53183
53185
53203
53226
53257
53321
53340
53388
53398
53410
53411
53421
53458
53476
53479
53493
53507
53533
53539
53565
53567
53569
53583
53635
53695
53706
53753
53758
53786
53800
53806
53813
53829
53830
53833
53840
53843
53848
53855
53893
53896
53898
53903
53910
53935
53953
53995
54002
54015
54022
54047
54073
54091
54125
54129
54130
54136
54142
54169
54177
54206
54220
54259
54263
54283
54298
54306
54313
54319
54329
54350
54361
54364
54369
54398
54412
54414
54436
54443
54464
54493
54507
54513
54534
54558
54559
54567
54572
54590
54629
54666
54686
54712
54728
54747
54754
54762
54786
54812
54817
54830
54876
54888
54913
54927
54936
54943
54952
54958
54973
54995
55014
55028
55049
55050
55089
55138
55154
55160
55199
55212
55236
55261
55277
55286
55348
55379
55394
55417
55423
55424
55428
55490
55538
55562
55567
55571
55648
55651
55658
55691
55709
55710
55712
55732
55784
55786
55794
55796
55815
55823
55834
55897
55909
55951
55957
55960
55969
55976
55982
55989
56020
56057
56061
56079
56093
56116
56124
56134
56203
56245
56250
56294
56308
56358
56369
56372
56374
56416
56440
56441
56511
56514
56538
56542
56554
56579
56591
56594
56615
56647
56658
56673
56695
56698
56704
56711
56718
56752
56765
56776
56798
56805
56810
56847
56871
56887
56929
56942
56966
56988
57007
57023
57035
57065
57072
57121
57131
57166
57170
57174
57216
57258
57298
57308
57347
57350
57360
57369
57383
57409
57414
57432
57442
57449
57473
57500
57508
57521
57550
57553
57587
57614
57618
57643
57662
57671
57722
57741
57792
57806
57812
57828
57833
57846
57851
57908
57915
57946
57985
57993
57995
58007
58014
58072
58084
58086
58087
58089
58104
58122
58130
58132
58168
58252
58269
58313
58348
58362
58376
58379
58403
58419
58453
58459
58478
58494
58523
58539
58554
58569
58599
58649
58652
58672
58752
58775
58778
58781
58782
58786
58788
58795
58829
58839
58843
58850
58858
58859
58864
58871
58895
58918
58931
58939
58940
58941
58969
58977
58980
59004
59014
59015
59025
59034
59068
59069
59071
59081
59168
59177
59192
59208
59214
59233
59241
59246
59254
59263
59296
59300
59306
59342
59346
59362
59367
59374
59386
59392
59408
59448
59451
59463
59491
59530
59572
59596
59603
59636
59642
59645
59647
59662
59668
59673
59683
59690
59693
59733
59803
59817
59893
59954
59958
60009
60022
60032
60046
60113
60115
60136
60145
60149
60159
60178
60203
60223
60226
60250
60251
60289
60301
60317
60339
60341
60358
60360
60383
60390
60393
60395
60407
60444
60497
60508
60552
60563
60574
60592
60609
60650
60685
60741
60755
60791
60793
60811
60813
60822
60887
60906
60919
60935
60952
60954
60958
60959
60961
60976
61021
61023
61049
61051
61085
61107
61114
61135
61170
61172
61184
61188
61199
61244
61264
61321
61323
61343
61361
61368
61381
61402
61410
61438
61443
61446
61452
61520
61530
61533
61540
61543
61586
61611
61650
61714
61725
61726
61735
61746
61779
61806
61810
61825
61836
61849
61893
61904
61907
61913
61932
61968
61972
61989
62079
62081
62087
62096
62097
62099
62122
62143
62167
62186
62198
62215
62229
62232
62272
62282
62350
62409
62411
62413
62446
62510
62512
62515
62571
62635
62672
62711
62765
62813
62815
62820
62823
62835
62854
62865
62872
62884
62886
62899
62924
62942
62944
62947
62957
62971
62978
62988
62994
62995
63000
63006
63040
63122
63136
63176
63178
63202
63253
63330
63371
63383
63412
63481
63484
63488
63506
63530
63540
63554
63556
63664
63676
63724
63727
63760
63761
63788
63793
63824
63877
63914
63932
63948
63957
64026
64034
64040
64076
64093
64112
64113
64119
64143
64178
64183
64185
64247
64286
64287
64342
64361
64399
64412
64413
64423
64448
64494
64499
64513
64524
64551
64552
64568
64584
64590
64597
64600
64601
64623
64642
64660
64671
64696
64717
64720
64729
64749
64770
64795
64802
64818
64828
64866
64878
64937
64944
64949
64976
64979
65001
65022
65024
65029
65061
65082
65094
65096
65103
65109
65140
65147
65158
65188
65206
65225
65245
65246
65271
65279
65297
65301
65328
65333
65343
65399
65448
65462
65483
65498
65499
65531
65573
65574
65575
65586
65592
65645
65659
65674
65675
65678
65703
65706
65707
65709
65759
65806
65807
65812
65815
65849
65858
65873
65967
66025
66091
66111
66114
66120
66139
66183
66188
66297
66315
66316
66317
66329
66361
66371
66386
66456
66462
66469
66492
66495
66544
66553
66564
66612
66636
66650
66671
66678
66684
66686
66703
66707
66714
66720
66728
66783
66798
66799
66801
66827
66862
66902
66924
66926
66941
66942
66947
66955
66962
67008
67015
67047
67063
67099
67200
67261
67270
67280
67283
67286
67288
67308
67309
67340
67347
67367
67369
67383
67416
67418
67434
67478
67567
67587
67590
67657
67678
67686
67744
67745
67783
67795
67799
67808
67846
67920
67937
67983
68023
68062
68113
68122
68128
68146
68166
68172
68210
68257
68279
68287
68302
68305
68336
68348
68364
68417
68441
68484
68487
68492
68517
68522
68525
68557
68559
68582
68616
68623
68651
68678
68680
68711
68722
68729
68752
68758
68769
68770
68775
68784
68786
68809
68818
68848
68852
68881
68887
68979
69017
69027
69035
69090
69110
69117
69138
69152
69167
69182
69208
69220
69228
69229
69249
69293
69297
69301
69344
69345
69388
69418
69436
69437
69456
69485
69507
69575
69580
69582
69583
69588
69599
69608
69619
69630
69648
69704
69714
69716
69773
69779
69784
69792
69796
69816
69819
69858
69922
69931
69967
69981
69983
69991
69994
69996
69998
70028
70038
70067
70081
70082
70090
70121
70140
70142
70148
70174
70209
70217
70235
70262
70294
70297
70352
70356
70358
70400
70453
70470
70504
70522
70617
70634
70637
70664
70684
70694
70695
70765
70772
70824
70831
70832
70880
70907
70918
70926
70961
70988
70999
71010
71021
71036
71040
71081
71097
71102
71104
71120
71122
71147
71148
71160
71203
71222
71228
71270
71273
71322
71349
71361
71375
71398
71404
71417
71425
71426
71430
71448
71473
71486
71540
71553
71600
71624
71630
71645
71758
71792
71807
71830
71852
71870
71900
71904
71926
71936
71972
71985
72049
72082
72222
72248
72252
72265
72270
72279
72288
72358
72374
72381
72384
72387
72391
72393
72422
72450
72468
72486
72511
72516
72519
72548
72565
72589
72603
72607
72616
72631
72638
72660
72674
72682
72701
72703
72732
72790
72922
72934
72941
72963
72992
73014
73034
73035
73060
73063
73074
73095
73117
73145
73148
73154
73166
73181
73203
73211
73219
73302
73323
73342
73344
73353
73390
73415
73447
73497
73538
73558
73573
73579
73581
73631
73698
73721
73735
73741
73745
73782
73787
73793
73795
73799
73800
73828
73846
73857
73871
73900
73902
73903
73980
73997
73999
74028
74081
74082
74088
74101
74155
74161
74175
74182
74187
74226
74263
74264
74289
74324
74328
74353
74358
74364
74366
74375
74377
74416
74458
74529
74536
74587
74627
74648
74665
74674
74710
74726
74763
74773
74799
74830
74879
74928
74960
74973
74981
75002
75016
75043
75050
75054
75077
75078
75156
75190
75193
75206
75209
75235
75255
75258
75279
75284
75290
75295
75305
75343
75344
75359
75362
75373
75381
75416
75446
75449
75467
75505
75506
75519
75585
75618
75666
75697
75723
75740
75813
75876
75879
75905
75931
75953
75973
75993
76005
76009
76016
76046
76070
76085
76095
76102
76107
76171
76178
76186
76189
76190
76263
76267
76283
76285
76293
76300
76320
76363
76438
76443
76464
76468
76547
76552
76629
76630
76648
76660
76668
76671
76741
76759
76762
76777
76796
76802
76814
76840
76852
76888
76906
76950
76952
76960
76965
76972
76997
76999
77000
77058
77078
77082
77095
77110
77141
77146
77150
77160
77199
77237
77320
77359
77367
77394
77398
77403
77408
77414
77420
77453
77500
77523
77542
77546
77559
77563
77605
77622
77661
77680
77681
77740
77760
77762
77790
77799
77835
77851
77860
77888
77889
77894
77901
77903
77924
77993
78043
78075
78177
78183
78188
78190
78210
78253
78257
78278
78302
78309
78317
78336
78375
78452
78456
78466
78485
78492
78498
78501
78522
78545
78547
78560
78593
78628
78633
78643
78654
78656
78659
78677
78691
78693
78720
78729
78740
78765
78777
78788
78794
78802
78812
78859
78907
78928
78936
78967
78979
78995
79010
79042
79050
79062
79089
79172
79187
79223
79286
79303
79329
79345
79349
79355
79375
79414
79421
79434
79436
79448
79525
79542
79565
79582
79596
79610
79655
79691
79769
79774
79778
79785
79828
79838
79872
79929
79936
79937
79940
79949
79956
79975
80000
80000
79996
79984
79963
79953
79925
79921
79909
79885
79871
79870
79858
79856
79847
79831
79791
79790
79782
79771
79743
79741
79681
79667
79652
79649
79622
79597
79581
79551
79542
79514
79480
79459
79429
79369
79354
79340
79337
79326
79316
79306
79284
79263
79258
79222
79203
79195
79191
79188
79152
79151
79123
79093
79058
79042
79027
79011
79010
78959
78932
78924
78915
78896
78862
78840
78828
78769
78767
78766
78744
78721
78717
78705
78696
78688
78684
78667
78575
78523
78520
78495
78433
78430
78351
78324
78294
78262
78256
78251
78249
78235
78223
78222
78214
78205
78194
78131
78115
78067
78001
77973
77932
77912
77890
77886
77866
77862
77855
77807
77776
77772
77771
77751
77678
77670
77640
77617
77587
77546
77533
77494
77490
77475
77474
77470
77426
77398
77373
77352
77338
77320
77314
77268
77260
77251
77242
77220
77214
77195
77182
77153
77127
77115
77114
77113
77088
77085
77053
77027
76993
76966
76961
76938
76884
76869
76824
76806
76794
76739
76727
76721
76719
76710
76684
76656
76640
76636
76541
76533
76528
76504
76500
76478
76462
76460
76437
76435
76406
76334
76325
76306
76279
76273
76259
76251
76242
76238
76237
76174
76162
76076
76071
76068
76062
76060
76023
76022
76013
75989
75981
75977
75975
75969
75934
75929
75915
75907
75901
75899
75896
75879
75860
75847
75833
75778
75777
75745
75735
75720
75693
75667
75652
75638
75612
75565
75550
75530
75509
75504
75455
75450
75428
75415
75412
75368
75259
75238
75228
75200
75184
75126
75117
75116
75085
75061
75047
75041
75040
74999
74969
74954
74931
74846
74844
74841
74838
74713
74712
74692
74691
74664
74653
74635
74629
74565
74531
74523
74507
74505
74477
74456
74455
74451
74384
74361
74320
74289
74276
74270
74262
74251
74203
74191
74134
74115
74105
74063
74023
74008
73988
73973
73968
73967
73959
73930
73902
73879
73845
73802
73796
73793
73784
73776
73752
73748
73743
73685
73682
73677
73667
73649
73645
73634
73632
73627
73615
73584
73574
73514
73512
73481
73463
73461
73460
73444
73407
73377
73352
73340
73297
73277
73270
73252
73216
73177
73172
73141
73121
73107
73090
73070
73063
73062
72995
72928
72925
72912
72911
72909
72901
72887
72885
72858
72845
72818
72814
72801
72798
72731
72730
72683
72682
72675
72643
72639
72631
72628
72619
72614
72599
72571
72526
72508
72507
72500
72491
72421
72389
72373
72367
72362
72347
72345
72339
72332
72311
72307
72305
72302
72217
72216
72151
72133
72131
72130
72112
72100
72084
72065
72036
72024
72005
71976
71955
71954
71945
71906
71868
71830
71827
71824
71821
71790
71745
71740
71732
71695
71672
71649
71648
71644
71637
71636
71614
71587
71584
71573
71568
71554
71527
71521
71519
71517
71489
71469
71465
71459
71452
71451
71435
71434
71409
71399
71397
71377
71364
71325
71301
71298
71289
71288
71277
71227
71221
71214
71204
71144
71142
71140
71136
71071
71029
70996
70970
70915
70914
70913
70904
70868
70852
70842
70803
70787
70755
70647
70641
70633
70613
70582
70559
70556
70547
70541
70513
70470
70457
70453
70452
70434
70419
70418
70370
70359
70294
70247
70224
70212
70102
70092
70088
70086
70063
70050
70037
70020
69982
69970
69950
69939
69929
69922
69906
69886
69867
69865
69854
69847
69841
69808
69787
69761
69746
69723
69720
69698
69683
69661
69620
69569
69534
69510
69484
69449
69446
69378
69371
69364
69358
69350
69347
69333
69315
69308
69296
69285
69267
69251
69224
69218
69215
69179
69178
69136
69133
69121
69093
69092
69042
69028
69023
68979
68977
68941
68938
68929
68924
68905
68900
68883
68869
68867
68837
68818
68801
68797
68785
68777
68769
68763
68762
68760
68750
68749
68743
68738
68718
68706
68688
68646
68622
68620
68615
68603
68587
68578
68573
68568
68524
68516
68513
68438
68413
68406
68405
68369
68363
68342
68314
68243
68213
68197
68172
68170
68161
68158
68140
68133
68132
68083
68067
68037
68029
68020
68001
67981
67976
67971
67951
67950
67943
67919
67907
67871
67837
67813
67812
67782
67773
67758
67745
67645
67643
67635
67617
67606
67601
67568
67559
67521
67501
67476
67456
67448
67386
67353
67243
67232
67165
67160
67138
67137
67131
67094
67060
67048
67034
67014
67006
66994
66988
66987
66983
66979
66974
66961
66948
66943
66932
66909
66895
66881
66852
66837
66820
66817
66812
66800
66797
66775
66743
66726
66671
66665
66661
66653
66632
66625
66594
66581
66562
66472
66441
66431
66415
66408
66383
66285
66282
66258
66229
66217
66212
66177
66176
66132
66126
66063
66037
66035
66010
66000
65990
65975
65922
65915
65904
65893
65876
65848
65842
65834
65823
65818
65793
65792
65772
65769
65694
65669
65668
65633
65630
65626
65618
65559
65544
65529
65496
65459
65445
65424
65397
65387
65367
65361
65352
65325
65256
65254
65253
65216
65208
65190
65184
65157
65153
65124
65117
65096
65084
65032
65025
65015
64997
64988
64982
64949
64892
64889
64874
64867
64862
64835
64825
64817
64806
64778
64775
64765
64714
64699
64696
64624
64610
64581
64513
64478
64463
64419
64415
64406
64400
64393
64370
64369
64363
64352
64339
64323
64319
64318
64227
64209
64186
64185
64133
64124
64062
64038
64031
64006
63980
63973
63918
63908
63907
63873
63870
63859
63853
63842
63840
63814
63806
63800
63798
63762
63691
63684
63675
63672
63653
63628
63624
63597
63572
63569
63543
63484
63480
63463
63445
63434
63418
63405
63399
63394
63374
63353
63318
63278
63256
63238
63169
63167
63163
63159
63142
63131
63113
63110
63090
63062
63046
63043
63034
62994
62959
62946
62931
62903
62896
62895
62795
62784
62773
62719
62716
62668
62649
62644
62603
62599
62594
62557
62502
62499
62488
62441
62439
62417
62409
62391
62368
62363
62334
62314
62297
62260
62253
62240
62222
62213
62206
62183
62146
62132
62128
62105
62073
62017
61987
61964
61950
61931
61898
61897
61876
61830
61779
61777
61732
61714
61688
61637
61628
61627
61590
61576
61559
61532
61526
61518
61468
61421
61394
61369
61311
61298
61293
61247
61197
61174
61164
61162
61114
61112
61089
61087
60986
60980
60974
60973
60972
60902
60893
60881
60877
60875
60871
60870
60863
60855
60830
60820
60803
60786
60759
60752
60751
60731
60702
60695
60600
60591
60588
60573
60571
60565
60559
60539
60526
60517
60501
60500
60463
60460
60458
60418
60415
60355
60331
60322
60312
60288
60275
60267
60212
60209
60200
60188
60168
60144
60118
60107
60095
60092
60055
60052
60013
60003
60002
59976
59974
59947
59927
59912
59896
59883
59882
59868
59863
59834
59830
59827
59822
59821
59795
59787
59719
59718
59672
59651
59600
59575
59574
59563
59543
59477
59466
59463
59437
59427
59419
59338
59317
59296
59286
59273
59242
59235
59226
59224
59213
59207
59195
59187
59174
59147
59109
59073
59069
59042
59013
58972
58945
58936
58918
58900
58894
58889
58884
58871
58866
58845
58840
58807
58805
58787
58750
58741
58735
58731
58729
58725
58684
58677
58652
58614
58606
58597
58577
58536
58522
58496
58489
58474
58473
58460
58416
58410
58376
58332
58299
58283
58252
58225
58206
58152
58145
58082
58001
57983
57979
57940
57935
57922
57916
57913
57908
57903
57874
57845
57811
57804
57786
57756
57750
57727
57726
57722
57706
57683
57667
57665
57658
57656
57649
57634
57633
57613
57610
57587
57511
57509
57490
57483
57481
57430
57424
57412
57404
57398
57397
57386
57345
57334
57326
57325
57321
57261
57239
57230
57229
57192
57173
57172
57163
57128
57072
57062
57038
57021
57015
56992
56984
56973
56937
56934
56920
56911
56905
56890
56866
56845
56834
56786
56721
56666
56648
56623
56595
56593
56556
56555
56511
56492
56469
56459
56443
56442
56430
56422
56419
56417
56407
56400
56387
56380
56359
56210
56180
56177
56167
56162
56146
56112
56085
56049
56047
56010
56004
55999
55988
55981
55977
55974
55971
55930
55926
55922
55915
55897
55889
55835
55814
55803
55799
55779
55748
55734
55728
55722
55697
55673
55656
55643
55642
55612
55610
55528
55490
55483
55476
55365
55357
55342
55322
55261
55256
55213
55202
55191
55178
55145
55143
55099
55097
55032
55030
55004
54987
54936
54935
54910
54905
54901
54882
54867
54859
54846
54810
54806
54795
54789
54767
54708
54667
54637
54629
54618
54573
54562
54517
54513
54477
54460
54444
54399
54364
54312
54300
54259
54254
54253
54252
54251
54234
54181
54165
54162
54152
54134
54119
54071
54069
54019
53992
53978
53964
53959
53923
53888
53887
53874
53871
53869
53829
53828
53815
53789
53754
53744
53734
53712
53690
53667
53647
53643
53632
53611
53593
53524
53517
53513
53486
53485
53461
53459
53458
53455
53451
53447
53422
53363
53326
53242
53211
53192
53185
53180
53161
53135
53122
53103
53060
53059
53004
52997
52994
52932
52925
52884
52872
52869
52813
52811
52789
52767
52763
52748
52723
52701
52682
52673
52628
52619
52616
52594
52562
52550
52530
52479
52440
52439
52424
52411
52389
52381
52364
52352
52347
52344
52301
52276
52256
52197
52174
52159
52157
52152
52148
52147
52137
52090
52075
52065
52056
52046
52033
52031
51968
51944
51913
51896
51892
51885
51871
51870
51839
51814
51805
51798
51786
51783
51765
51759
51749
51728
51707
51694
51691
51676
51639
51637
51586
51559
51556
51538
51521
51501
51450
51436
51433
51430
51421
51414
51393
51367
51344
51338
51300
51257
51253
51202
51200
51194
51183
51181
51178
51150
51121
51052
51047
51038
51036
51030
51020
50975
50924
50880
50871
50858
50856
50780
50770
50751
50749
50719
50708
50700
50699
50695
50662
50635
50620
50577
50572
50536
50534
50519
50509
50499
50485
50482
50481
50462
50445
50438
50415
50402
50379
50340
50330
50328
50288
50244
50217
50112
50108
50094
50077
50053
49965
49941
49926
49844
49808
49784
49766
49739
49704
49697
49692
49667
49664
49657
49656
49650
49636
49553
49537
49529
49520
49511
49491
49487
49466
49446
49433
49408
49401
49397
49390
49384
49382
49356
49291
49282
49210
49158
49025
49000
48988
48950
48949
48945
48937
48863
48851
48833
48824
48817
48814
48809
48785
48681
48671
48647
48640
48624
48622
48602
48587
48563
48536
48521
48513
48511
48501
48426
48407
48399
48368
48310
48289
48280
48255
48181
48149
48145
48123
48122
48109
48070
48050
48029
48023
48016
48001
47978
47976
47945
47916
47909
47868
47827
47766
47738
47724
47704
47679
47660
47645
47640
47522
47517
47516
47507
47465
47431
47361
47347
47290
47282
47263
47232
47201
47198
47174
47170
47160
47153
47145
47123
47121
47097
47087
47083
47076
47058
47008
46993
46980
46964
46961
46953
46934
46916
46896
46843
46840
46838
46826
46817
46786
46784
46758
46753
46751
46746
46744
46731
46728
46719
46706
46675
46657
46644
46638
46568
46558
46513
46502
46480
46456
46445
46441
46420
46415
46411
46397
46362
46300
46277
46238
46237
46229
46222
46205
46199
46132
46125
46068
46048
46027
46026
46016
45999
45997
45981
45975
45965
45951
45948
45934
45931
45914
45824
45815
45801
45799
45791
45785
45759
45750
45727
45700
45639
45610
45598
45576
45565
45530
45528
45521
45511
45479
45478
45475
45455
45430
45421
45420
45416
45402
45388
45383
45359
45356
45307
45273
45230
45196
45177
45173
45144
45139
45114
45108
45087
45003
44944
44935
44924
44916
44915
44910
44893
44874
44873
44864
44859
44836
44793
44787
44778
44772
44758
44755
44752
44673
44637
44566
44559
44558
44550
44542
44536
44530
44499
44489
44487
44431
44423
44417
44373
44371
44366
44340
44338
44322
44307
44289
44271
44257
44256
44235
44192
44172
44156
44135
44128
44083
44079
44061
44056
43998
43945
43943
43941
43899
43890
43889
43888
43871
43845
43842
43839
43822
43806
43803
43794
43782
43767
43755
43719
43699
43654
43653
43639
43582
43558
43552
43534
43525
43519
43482
43478
43422
43407
43401
43394
43375
43359
43336
43333
43307
43292
43275
43254
43247
43238
43231
43215
43211
43177
43174
43142
43129
43114
43108
43067
43064
43056
43047
43022
43017
43002
42940
42914
42899
42898
42884
42829
42801
42749
42741
42718
42695
42684
42637
42625
42618
42605
42599
42580
42547
42536
42529
42523
42448
42439
42423
42405
42374
42370
42360
42358
42355
42340
42337
42334
42322
42316
42266
42256
42254
42224
42222
42212
42196
42188
42178
42136
42119
42064
42049
42032
42029
42024
41971
41951
41930
41924
41914
41908
41883
41872
41809
41766
41765
41738
41702
41686
41676
41641
41616
41600
41582
41534
41520
41514
41492
41480
41474
41461
41458
41448
41429
41417
41399
41370
41359
41334
41328
41307
41283
41269
41260
41248
41216
41207
41196
41163
41118
41101
41099
41097
41069
41050
41022
40992
40971
40970
40958
40951
40947
40941
40923
40907
40841
40829
40823
40817
40756
40733
40707
40672
40662
40648
40645
40548
40537
40505
40500
40489
40479
40463
40422
40419
40400
40380
40362
40334
40328
40325
40295
40284
40276
40273
40269
40235
40184
40181
40167
40162
40119
40113
40059
40035
39973
39958
39945
39913
39803
39740
39688
39642
39640
39631
39569
39568
39541
39540
39535
39519
39488
39477
39436
39424
39402
39376
39332
39330
39282
39254
39225
39216
39209
39159
39133
39130
39122
39064
39060
39044
39039
39013
39001
38988
38917
38912
38859
38828
38818
38808
38779
38755
38735
38725
38724
38721
38689
38685
38654
38649
38618
38612
38580
38525
38508
38505
38502
38492
38466
38465
38425
38414
38380
38378
38371
38367
38305
38290
38285
38279
38264
38243
38209
38172
38159
38110
38063
38042
38002
37992
37982
37975
37932
37919
37906
37885
37883
37876
37871
37860
37827
37825
37791
37783
37777
37763
37735
37704
37687
37626
37605
37590
37571
37555
37554
37547
37527
37514
37490
37489
37472
37444
37395
37332
37307
37273
37243
37214
37206
37172
37161
37158
37134
37108
37063
37053
37028
37008
36956
36951
36894
36878
36877
36870
36862
36859
36858
36829
36825
36811
36803
36791
36778
36776
36771
36768
36767
36716
36687
36662
36635
36612
36556
36551
36548
36529
36525
36524
36493
36475
36447
36431
36422
36418
36403
36356
36353
36347
36327
36300
36286
36245
36223
36222
36218
36199
36166
36131
36130
36128
36090
36077
36056
36052
36048
36037
36016
35976
35974
35972
35965
35947
35944
35943
35942
35935
35924
35914
35907
35838
35825
35804
35761
35752
35691
35677
35640
35605
35595
35578
35562
35530
35514
35496
35494
35489
35472
35392
35381
35364
35357
35340
35303
35287
35281
35272
35250
35223
35218
35209
35201
35191
35183
35136
35129
35100
35096
35081
35075
35062
35053
35030
35017
35016
35008
35005
34931
34930
34832
34769
34702
34647
34621
34586
34537
34531
34506
34499
34480
34463
34444
34440
34379
34364
34345
34320
34241
34235
34197
34175
34097
34055
34044
34033
33990
33918
33912
33901
33887
33804
33798
33794
33783
33772
33755
33743
33719
33699
33677
33672
33637
33626
33594
33587
33570
33552
33545
33533
33528
33519
33508
33495
33492
33490
33479
33456
33430
33427
33422
33400
33392
33386
33372
33367
33355
33316
33297
33288
33286
33246
33245
33237
33226
33220
33205
33202
33186
33179
33143
33119
33086
33060
33035
33019
33015
33012
33003
32986
32983
32972
32904
32879
32865
32861
32855
32842
32809
32752
32749
32717
32702
32691
32659
32654
32615
32601
32595
32575
32552
32544
32508
32485
32459
32458
32452
32448
32446
32423
32390
32384
32372
32360
32358
32340
32338
32328
32326
32315
32286
32271
32268
32264
32259
32258
32235
32203
32192
32174
32170
32165
32150
32141
32139
32119
32110
32098
32087
32079
32050
32027
32018
31995
31992
31986
31952
31931
31925
31916
31903
31889
31875
31871
31859
31853
31765
31761
31702
31694
31693
31673
31649
31644
31622
31610
31607
31591
31581
31566
31544
31538
31518
31483
31438
31426
31415
31378
31355
31329
31322
31283
31270
31245
31238
31213
31206
31197
31159
31117
31072
31070
31048
31012
30992
30989
30985
30980
30967
30929
30926
30925
30922
30913
30907
30901
30885
30845
30843
30819
30794
30780
30769
30713
30684
30678
30666
30655
30652
30651
30592
30561
30534
30521
30511
30504
30486
30476
30444
30438
30425
30423
30419
30414
30405
30396
30394
30323
30257
30226
30141
30123
30122
30120
30100
30048
30035
30030
30012
30003
29996
29982
29911
29876
29855
29840
29756
29695
29670
29653
29635
29618
29557
29538
29526
29492
29483
29482
29430
29406
29369
29345
29304
29266
29252
29204
29191
29189
29182
29137
29128
29080
29079
29073
29058
29057
29047
29039
29030
29026
29009
28937
28912
28871
28855
28826
28799
28788
28770
28768
28695
28672
28662
28616
28556
28553
28534
28523
28500
28463
28452
28451
28444
28433
28392
28389
28383
28304
28299
28287
28277
28271
28264
28242
28233
28164
28160
28154
28126
28121
28118
28093
28027
28020
28019
28011
27986
27983
27972
27970
27922
27919
27907
27876
27863
27856
27839
27816
27755
27749
27709
27704
27697
27631
27629
27594
27590
27574
27567
27534
27495
27477
27456
27411
27408
27392
27375
27373
27345
27339
27327
27314
27306
27302
27285
27266
27237
27233
27222
27206
27200
27191
27175
27165
27119
27079
27078
27072
27052
27039
27015
26996
26961
26937
26931
26924
26906
26905
26892
26877
26823
26779
26763
26756
26728
26727
26723
26721
26692
26689
26686
26658
26626
26592
26542
26540
26528
26518
26516
26515
26492
26491
26437
26433
26403
26377
26371
26339
26332
26331
26265
26223
26207
26195
26160
26143
26131
26128
26073
26050
26047
26037
26036
26020
26008
25975
25967
25946
25931
25921
25905
25881
25873
25832
25819
25803
25794
25770
25760
25751
25710
25704
25686
25593
25585
25560
25554
25548
25453
25418
25411
25408
25403
25394
25386
25382
25353
25345
25340
25300
25264
25262
25202
25200
25154
25132
25127
25122
25120
25102
25096
25063
25042
25022
25021
24999
24977
24974
24969
24918
24884
24854
24847
24834
24818
24792
24763
24756
24748
24706
24699
24675
24657
24639
24632
24627
24611
24555
24547
24545
24535
24496
24492
24466
24451
24423
24394
24383
24332
24327
24326
24309
24302
24291
24218
24203
24182
24149
24098
24073
23997
23995
23992
23946
23910
23903
23891
23863
23857
23856
23848
23830
23797
23789
23776
23766
23716
23704
23694
23675
23663
23634
23612
23608
23607
23577
23557
23536
23510
23506
23483
23435
23417
23397
23370
23343
23339
23328
23278
23238
23208
23191
23136
23119
23110
23079
23062
23039
23018
23016
23005
22981
22945
22929
22923
22886
22878
22876
22875
22823
22820
22808
22793
22782
22721
22718
22707
22685
22622
22551
22546
22451
22422
22393
22390
22383
22351
22320
22305
22300
22275
22182
22152
22139
22135
22111
22108
22097
22048
22037
22006
21971
21917
21885
21840
21733
21727
21685
21666
21658
21562
21561
21535
21498
21497
21457
21445
21442
21432
21423
21412
21394
21370
21364
21359
21317
21305
21297
21293
21239
21235
21219
21212
21159
21140
21133
21128
21126
21109
21104
21103
21098
21090
21086
21076
21074
21054
21039
21034
21026
21023
21005
21002
20973
20969
20954
20953
20952
20943
20920
20905
20902
20875
20872
20851
20834
20825
20824
20823
20796
20729
20725
20703
20658
20626
20581
20543
20532
20525
20456
20433
20316
20307
20304
20290
20264
20260
20232
20185
20172
20159
20130
20116
20113
20100
20053
20051
19977
19967
19956
19932
19926
19881
19856
19825
19824
19820
19770
19639
19625
19613
19592
19581
19550
19543
19539
19525
19500
19493
19488
19474
19444
19437
19420
19396
19378
19375
19353
19328
19319
19285
19264
19215
19203
19170
19163
19134
19073
19053
19039
18986
18972
18928
18924
18911
18906
18887
18864
18856
18852
18818
18798
18794
18792
18788
18768
18738
18731
18706
18693
18612
18577
18570
18563
18556
18546
18526
18497
18470
18422
18393
18368
18285
18277
18234
18157
18129
18115
18110
18096
18087
18066
18031
18010
17957
17901
17871
17845
17819
17794
17778
17773
17770
17763
17760
17713
17703
17701
17678
17665
17646
17614
17591
17590
17580
17571
17557
17556
17535
17532
17524
17504
17491
17487
17418
17374
17364
17357
17331
17278
17275
17273
17268
17248
17189
17173
17136
17121
17102
17076
17044
17009
16992
16988
16955
16884
16875
16872
16839
16835
16823
16815
16791
16782
16779
16777
16774
16771
16765
16764
16761
16718
16713
16710
16703
16680
16621
16615
16607
16588
16584
16552
16546
16543
16514
16489
16478
16445
16400
16386
16379
16374
16368
16363
16344
16335
16328
16305
16250
16244
16229
16208
16203
16201
16189
16162
16158
16142
16136
16095
16091
16088
16074
16066
16057
16019
15936
15932
15901
15838
15797
15770
15735
15724
15680
15678
15667
15626
15622
15544
15530
15486
15477
15431
15417
15416
15390
15386
15339
15245
15244
15223
15218
15185
15177
15172
15167
15150
15134
15120
15066
15061
15024
14984
14952
14944
14905
14853
14840
14826
14764
14762
14746
14738
14735
14651
14624
14622
14620
14591
14546
14521
14505
14480
14479
14436
14432
14406
14394
14389
14380
14349
14328
14327
14287
14268
14240
14234
14223
14184
14151
14136
14134
14117
14087
14020
14007
13984
13947
13946
13932
13915
13897
13878
13825
13818
13806
13790
13755
13752
13742
13694
13645
13640
13624
13610
13601
13576
13566
13562
13551
13509
13496
13492
13475
13450
13443
13435
13371
13369
13348
13329
13313
13308
13292
13283
13246
13236
13204
13177
13164
13145
13135
13070
13052
13044
13005
12998
12984
12967
12941
12932
12924
12919
12901
12832
12822
12800
12741
12718
12703
12561
12559
12545
12540
12531
12482
12464
12461
12427
12426
12401
12381
12368
12358
12340
12266
12265
12260
12259
12201
12150
12122
12112
12092
12072
12066
12064
12059
12010
12007
11926
11911
11885
11880
11874
11840
11839
11786
11785
11783
11774
11742
11713
11701
11672
11661
11645
11628
11604
11576
11502
11484
11413
11383
11368
11351
11308
11300
11299
11277
11254
11233
11231
11205
11203
11191
11189
11147
11143
11104
11056
11053
11043
11018
10978
10974
10942
10925
10885
10875
10874
10784
10783
10770
10742
10737
10711
10676
10668
10648
10603
10562
10552
10434
10426
10414
10394
10379
10365
10350
10349
10331
10317
10277
10270
10228
10227
10189
10168
10152
10141
10133
10104
10087
10079
10051
9999
9969
9940
9925
9838
9825
9820
9802
9786
9777
9756
9754
9688
9686
9602
9574
9572
9543
9531
9529
9520
9462
9456
9453
9452
9432
9407
9398
9381
9362
9356
9338
9288
9258
9226
9217
9215
9193
9185
9127
9090
9077
9047
9040
9032
9030
9026
8996
8931
8875
8832
8795
8766
8715
8680
8662
8640
8614
8577
8571
8561
8548
8524
8495
8471
8464
8460
8387
8386
8378
8373
8348
8303
8299
8292
8288
8237
8209
8199
8170
8167
8135
8122
8121
8115
8110
8102
8074
8060
8042
8031
8029
8019
7995
7971
7932
7922
7899
7897
7888
7882
7877
7851
7845
7844
7842
7832
7828
7822
7815
7810
7809
7797
7757
7742
7740
7725
7718
7683
7656
7641
7612
7601
7560
7544
7533
7518
7513
7490
7452
7424
7343
7342
7325
7313
7278
7271
7264
7256
7239
7223
7206
7161
7154
7107
7063
7045
7044
7026
7024
6989
6952
6934
6909
6897
6891
6890
6880
6877
6872
6859
6815
6792
6770
6756
6714
6705
6678
6622
6552
6544
6508
6440
6438
6431
6427
6410
6354
6337
6311
6310
6307
6295
6251
6210
6191
6190
6164
6148
6117
6108
6101
6095
6057
6041
6025
6009
6006
5985
5978
5964
5943
5941
5907
5890
5810
5802
5801
5791
5740
5729
5727
5686
5677
5653
5636
5600
5576
5536
5535
5528
5525
5484
5482
5470
5389
5376
5329
5307
5303
5289
5263
5259
5228
5211
5200
5194
5171
5147
5116
5102
5093
5088
5086
5078
5062
5053
4977
4971
4955
4945
4944
4921
4880
4879
4825
4806
4769
4764
4749
4745
4736
4725
4712
4711
4692
4675
4668
4644
4641
4637
4625
4588
4548
4507
4505
4485
4473
4398
4391
4374
4359
4325
4321
4273
4227
4201
4189
4148
4115
4109
4108
4105
4102
4093
4017
4012
3995
3978
3977
3961
3921
3915
3896
3858
3847
3840
3831
3830
3824
3818
3799
3797
3787
3770
3719
3713
3710
3704
3669
3659
3650
3611
3608
3590
3570
3548
3507
3494
3475
3439
3434
3397
3385
3335
3284
3228
3211
3167
3142
3096
3086
3078
3071
3054
2984
2972
2968
2962
2952
2919
2869
2843
2836
2799
2778
2772
2752
2680
2671
2665
2658
2639
2624
2614
2593
2592
2547
2524
2513
2509
2479
2477
2466
2460
2458
2457
2444
2414
2408
2402
2394
2356
2355
2316
2268
2266
2255
2243
2213
2207
2196
2139
2108
2068
2060
2055
2041
2038
2026
1984
1975
1974
1960
1958
1932
1931
1918
1885
1877
1846
1839
1830
1827
1814
1794
1772
1751
1708
1675
1642
1629
1621
1617
1609
1573
1568
1540
1524
1516
1511
1494
1490
1489
1475
1470
1469
1456
1455
1450
1385
1363
1295
1290
1273
1272
1254
1250
1227
1168
1119
1112
1031
1017
1005
975
962
938
911
871
851
828
804
790
781
707
667
666
650
627
621
617
614
560
522
509
484
477
461
434
413
337
326
313
311
284
274
232
229
215
209
197
196
178
173
160
154
146
137
121
104
79
62
57
45
38
14
8
k
