31
39
60
75
130
161
164
165
195
196
200
255
271
283
290
292
315
342
354
367
371
413
422
424
433
461
482
535
557
573
576
606
614
619
646
679
681
682
686
694
718
731
762
773
802
804
814
847
879
887
900
913
941
948
959
987
1059
1065
1072
1121
1122
1136
1150
1168
1174
1208
1226
1246
1251
1269
1278
1295
1360
1389
1424
1435
1448
1466
1517
1525
1528
1529
1530
1536
1538
1567
1577
1591
1672
1673
1686
1711
1730
1731
1760
1773
1787
1794
1828
1839
1853
1857
1923
1941
1949
1966
1977
1984
1991
2030
2063
2089
2099
2108
2160
2180
2210
2248
2312
2326
2356
2394
2403
2415
2451
2473
2493
2505
2536
2577
2588
2603
2650
2689
2712
2741
2742
2745
2752
2766
2773
2849
2864
2902
2910
2925
2932
2933
2949
2950
2957
2987
3000
3041
3051
3054
3060
3097
3127
3137
3173
3177
3178
3192
3195
3241
3304
3349
3366
3415
3428
3452
3455
3461
3490
3501
3506
3542
3550
3552
3570
3580
3597
3600
3606
3616
3617
3661
3672
3727
3730
3764
3811
3821
3853
3865
3882
3885
3927
3945
3954
3955
3956
3957
3966
3978
4001
4012
4042
4051
4064
4088
4124
4128
4171
4174
4187
4190
4194
4207
4211
4219
4221
4325
4348
4362
4415
4429
4491
4498
4511
4524
4538
4561
4591
4598
4635
4650
4678
4689
4700
4707
4727
4731
4748
4795
4803
4838
4906
4908
4925
4929
4972
4985
5029
5069
5090
5091
5137
5145
5160
5172
5174
5186
5218
5236
5282
5299
5325
5359
5373
5391
5424
5430
5453
5474
5478
5506
5510
5514
5523
5545
5550
5592
5629
5646
5647
5654
5676
5684
5689
5723
5762
5770
5791
5804
5818
5822
5848
5873
5874
5884
5944
5952
5958
5971
5977
6017
6019
6035
6047
6077
6105
6106
6147
6174
6207
6228
6237
6246
6252
6263
6303
6329
6334
6348
6362
6392
6412
6419
6445
6454
6469
6510
6518
6538
6540
6548
6562
6568
6590
6600
6620
6640
6656
6671
6683
6702
6737
6760
6763
6766
6769
6821
6865
6882
6953
6957
6967
6972
7019
7048
7055
7062
7089
7090
7109
7145
7159
7160
7215
7221
7242
7302
7311
7356
7361
7413
7437
7448
7487
7520
7568
7569
7585
7594
7596
7603
7617
7642
7663
7674
7727
7734
7741
7745
7771
7777
7781
7800
7810
7817
7832
7837
7877
7949
7955
7971
7986
7988
7993
7995
8018
8073
8088
8116
8136
8161
8162
8166
8187
8188
8189
8202
8247
8258
8305
8325
8365
8400
8452
8457
8529
8534
8547
8564
8612
8622
8656
8680
8693
8702
8719
8739
8747
8797
8811
8870
8871
8875
8876
8878
8880
8903
8915
8932
8980
8990
8992
9004
9021
9023
9059
9094
9125
9157
9196
9200
9202
9219
9297
9298
9376
9408
9425
9433
9491
9509
9518
9533
9539
9556
9572
9574
9577
9578
9580
9590
9619
9628
9638
9658
9664
9668
9696
9699
9712
9714
9716
9730
9751
9761
9768
9815
9854
9860
9864
9883
9914
9959
9978
9988
10004
10077
10107
10116
10124
10136
10154
10159
10161
10253
10281
10286
10287
10332
10333
10354
10364
10368
10369
10448
10512
10518
10519
10522
10524
10529
10534
10546
10551
10621
10654
10660
10672
10685
10687
10700
10746
10805
10859
10878
10880
10914
10920
10924
10938
10961
11020
11032
11039
11078
11103
11107
11110
11118
11126
11137
11182
11211
11255
11261
11274
11275
11294
11312
11331
11380
11392
11394
11428
11432
11448
11496
11525
11584
11586
11655
11679
11697
11706
11715
11719
11731
11739
11794
11838
11886
11911
11917
11924
11950
11955
11967
11969
11991
11997
12005
12024
12027
12028
12037
12070
12079
12081
12085
12109
12115
12161
12170
12190
12209
12231
12238
12250
12255
12323
12328
12341
12344
12357
12384
12400
12423
12439
12441
12457
12464
12477
12492
12548
12576
12582
12605
12634
12658
12678
12707
12758
12846
12863
12878
12891
12894
12913
12914
12925
12967
12968
12981
12989
12993
13019
13037
13066
13086
13103
13116
13133
13136
13172
13225
13226
13231
13238
13279
13352
13410
13455
13456
13457
13477
13510
13546
13559
13579
13580
13581
13585
13592
13594
13624
13625
13663
13670
13728
13729
13772
13811
13815
13819
13842
13846
13861
13873
13921
13929
14034
14074
14080
14093
14100
14111
14119
14152
14157
14184
14224
14276
14289
14317
14342
14368
14385
14395
14404
14411
14434
14459
14473
14484
14507
14530
14545
14554
14599
14602
14604
14620
14638
14645
14659
14675
14677
14687
14735
14736
14739
14782
14784
14794
14808
14906
14929
14944
14954
14971
14974
14977
14980
15015
15038
15055
15063
15114
15119
15120
15159
15173
15194
15197
15211
15316
15345
15366
15394
15413
15418
15426
15429
15431
15432
15452
15453
15465
15489
15490
15495
15514
15667
15689
15701
15722
15724
15731
15749
15774
15785
15814
15819
15831
15841
15878
15881
15947
15949
15973
15992
16026
16085
16121
16133
16148
16182
16189
16212
16218
16224
16254
16263
16264
16265
16291
16298
16304
16355
16357
16368
16379
16386
16403
16404
16422
16425
16444
16465
16507
16514
16519
16542
16559
16560
16561
16585
16589
16602
16603
16617
16632
16639
16644
16648
16666
16669
16689
16712
16729
16733
16762
16770
16793
16829
16830
16852
16881
16885
16935
16943
16969
16992
17002
17012
17020
17049
17055
17057
17102
17136
17137
17154
17160
17162
17188
17192
17221
17228
17253
17263
17280
17300
17314
17343
17372
17389
17407
17423
17432
17442
17484
17501
17513
17534
17535
17538
17540
17546
17565
17622
17657
17665
17695
17697
17700
17752
17777
17788
17814
17845
17861
17870
17876
17887
17895
17912
17928
17956
17970
18051
18076
18120
18184
18196
18197
18208
18214
18311
18343
18344
18355
18383
18396
18448
18471
18494
18514
18523
18559
18567
18622
18642
18659
18679
18694
18757
18763
18766
18777
18781
18792
18816
18838
18854
18870
18879
18887
18898
18902
18911
18916
18917
18935
18960
19001
19021
19048
19129
19135
19171
19207
19257
19278
19282
19304
19306
19312
19343
19345
19354
19406
19423
19450
19470
19473
19479
19510
19604
19615
19650
19663
19682
19692
19694
19696
19700
19728
19762
19795
19834
19843
19901
19902
19936
19948
19958
19960
19988
20027
20083
20114
20119
20140
20168
20195
20209
20223
20245
20283
20284
20286
20308
20309
20315
20342
20347
20367
20405
20433
20436
20497
20500
20514
20588
20608
20613
20648
20665
20711
20806
20820
20877
20894
20902
20958
20981
20982
20992
21035
21093
21095
21118
21162
21183
21199
21206
21224
21246
21339
21352
21501
21526
21531
21569
21577
21580
21635
21643
21705
21765
21782
21792
21850
21852
21869
21889
21918
21932
21953
21973
22026
22097
22115
22139
22148
22163
22180
22184
22185
22188
22218
22219
22222
22231
22246
22270
22300
22311
22322
22323
22334
22346
22347
22356
22363
22376
22394
22395
22405
22454
22469
22515
22537
22540
22604
22732
22738
22766
22776
22790
22846
22898
22910
22930
23041
23047
23108
23138
23154
23167
23200
23219
23241
23262
23265
23303
23339
23351
23353
23364
23401
23433
23438
23463
23486
23488
23551
23572
23577
23587
23693
23703
23729
23735
23743
23755
23762
23776
23783
23798
23817
23837
23840
23848
23862
23917
23965
23985
24000
24007
24012
24019
24029
24042
24055
24069
24125
24142
24154
24213
24215
24246
24266
24294
24326
24331
24338
24358
24373
24375
24541
24559
24580
24611
24628
24635
24637
24656
24658
24679
24687
24702
24711
24767
24769
24897
24900
24901
24935
24944
24965
25003
25004
25025
25146
25172
25176
25177
25194
25200
25202
25230
25236
25248
25283
25290
25311
25325
25399
25416
25420
25442
25489
25491
25495
25525
25538
25543
25544
25555
25561
25579
25586
25648
25697
25698
25723
25733
25737
25747
25754
25764
25803
25849
25859
25861
25864
25882
25885
25886
25908
25961
25974
25978
26000
26005
26011
26051
26057
26060
26093
26096
26106
26139
26177
26183
26185
26188
26195
26200
26215
26219
26221
26251
26261
26281
26293
26296
26303
26328
26335
26375
26431
26464
26465
26510
26530
26532
26599
26609
26614
26641
26655
26676
26706
26738
26753
26765
26775
26776
26780
26801
26804
26837
26846
26850
26889
26920
26925
26950
26960
26961
26962
26994
27000
27005
27029
27058
27069
27077
27133
27168
27251
27261
27267
27302
27324
27325
27361
27365
27410
27419
27426
27448
27453
27489
27499
27522
27524
27559
27576
27630
27643
27646
27653
27658
27693
27708
27710
27723
27734
27754
27770
27808
27853
27857
27903
27910
27920
27940
27964
27967
27983
28036
28046
28049
28088
28090
28106
28123
28129
28147
28189
28198
28205
28242
28281
28344
28403
28409
28429
28455
28465
28532
28547
28560
28569
28630
28632
28668
28669
28675
28701
28768
28779
28817
28822
28832
28865
28872
28880
28904
28919
28927
28933
28936
28993
29032
29049
29083
29085
29123
29125
29152
29182
29183
29198
29209
29216
29228
29254
29276
29288
29292
29313
29394
29452
29469
29527
29559
29560
29563
29637
29649
29655
29723
29725
29734
29788
29807
29852
29888
29892
29917
29920
29925
29934
29937
29945
29953
29954
29969
29973
30029
30048
30055
30062
30134
30139
30146
30212
30241
30261
30268
30315
30324
30341
30359
30373
30389
30396
30417
30455
30474
30481
30485
30523
30549
30555
30580
30594
30601
30603
30620
30633
30667
30684
30748
30792
30845
30850
30862
30865
30896
30925
30955
30963
30980
31015
31017
31020
31062
31063
31067
31086
31090
31102
31123
31130
31145
31184
31206
31208
31260
31304
31313
31341
31366
31404
31417
31430
31437
31449
31451
31467
31475
31488
31499
31507
31574
31578
31582
31583
31607
31611
31622
31623
31712
31733
31742
31760
31782
31837
31884
31891
31926
31931
31966
31969
31983
32008
32033
32034
32059
32145
32189
32202
32250
32253
32265
32266
32280
32282
32339
32340
32361
32363
32367
32401
32411
32412
32427
32432
32438
32443
32464
32488
32501
32502
32508
32575
32642
32647
32648
32684
32700
32708
32766
32774
32786
32800
32816
32846
32854
32876
32900
32908
32998
33024
33027
33047
33059
33065
33067
33242
33247
33264
33270
33291
33303
33309
33347
33354
33359
33360
33374
33389
33390
33410
33425
33432
33454
33457
33459
33463
33473
33508
33531
33563
33566
33607
33609
33653
33655
33697
33757
33763
33802
33810
33813
33819
33874
33891
33928
33938
34001
34006
34017
34032
34033
34052
34061
34071
34073
34078
34105
34115
34122
34129
34136
34138
34153
34166
34199
34206
34209
34242
34252
34269
34326
34330
34370
34382
34426
34443
34492
34505
34506
34510
34516
34541
34576
34583
34596
34664
34673
34679
34735
34752
34772
34775
34781
34798
34827
34844
34911
34923
34978
34995
35001
35016
35019
35077
35087
35116
35163
35207
35243
35262
35265
35280
35299
35325
35331
35346
35364
35451
35506
35530
35591
35622
35627
35632
35688
35689
35697
35705
35713
35723
35727
35734
35740
35747
35760
35795
35799
35800
35808
35811
35819
35821
35826
35866
35876
35878
35918
35919
35926
35932
35938
35981
35994
36017
36027
36030
36061
36064
36075
36079
36096
36121
36126
36142
36148
36156
36174
36215
36218
36224
36230
36235
36238
36276
36280
36293
36309
36335
36349
36375
36384
36397
36466
36469
36490
36491
36529
36535
36536
36571
36589
36599
36619
36658
36659
36684
36698
36712
36742
36747
36748
36759
36774
36909
36927
36928
36937
36938
36951
36958
36963
36964
36981
37034
37045
37068
37072
37073
37082
37083
37085
37099
37111
37135
37141
37220
37259
37288
37292
37302
37305
37330
37333
37339
37447
37497
37512
37513
37528
37542
37556
37574
37589
37612
37620
37653
37657
37669
37711
37719
37723
37730
37755
37771
37795
37799
37807
37829
37853
37859
37900
37914
37925
37954
37978
37981
38024
38025
38039
38046
38068
38074
38123
38134
38155
38194
38198
38200
38234
38247
38311
38340
38360
38364
38366
38427
38486
38508
38526
38561
38576
38586
38616
38619
38691
38692
38746
38811
38812
38826
38867
38919
38929
38966
38999
39037
39104
39120
39135
39147
39151
39165
39171
39179
39191
39205
39237
39243
39274
39277
39281
39298
39307
39320
39343
39350
39388
39427
39465
39474
39475
39493
39549
39567
39575
39582
39590
39593
39608
39609
39614
39622
39638
39659
39662
39704
39753
39759
39777
39778
39791
39813
39846
39855
39859
39870
39879
39886
39917
39941
39956
39958
39962
40041
40120
40154
40202
40221
40248
40294
40302
40320
40330
40344
40349
40368
40382
40384
40390
40426
40441
40452
40454
40455
40457
40459
40483
40503
40527
40532
40540
40542
40544
40550
40562
40588
40621
40626
40633
40671
40684
40686
40687
40695
40781
40813
40834
40837
40849
40870
40876
40886
40978
40991
41017
41019
41049
41063
41086
41100
41104
41148
41195
41249
41272
41296
41302
41310
41319
41335
41338
41363
41382
41383
41386
41425
41444
41460
41463
41467
41515
41522
41544
41558
41571
41583
41599
41600
41610
41613
41615
41618
41636
41671
41690
41711
41729
41745
41746
41750
41780
41805
41820
41836
41877
41880
41881
41893
41901
41938
41952
41956
41994
42022
42030
42101
42111
42130
42135
42174
42232
42258
42262
42264
42296
42300
42314
42324
42363
42376
42381
42386
42411
42453
42467
42519
42555
42562
42594
42636
42639
42655
42658
42666
42725
42754
42789
42821
42849
42884
42885
42889
42897
42913
42927
42960
42962
42965
42978
42984
42985
42994
43027
43066
43076
43103
43146
43195
43208
43232
43250
43263
43285
43295
43328
43351
43400
43458
43459
43464
43530
43542
43575
43596
43600
43609
43629
43669
43685
43714
43716
43734
43744
43752
43760
43819
43825
43832
43845
43846
43851
43861
43914
43916
43976
44022
44039
44065
44080
44134
44141
44150
44206
44223
44248
44251
44255
44258
44259
44263
44312
44317
44326
44337
44349
44367
44382
44399
44442
44464
44468
44473
44488
44504
44545
44564
44569
44574
44595
44608
44649
44671
44672
44702
44709
44713
44732
44781
44803
44812
44842
44886
44894
44895
44905
44908
44912
44937
44956
45025
45031
45035
45066
45095
45109
45135
45151
45201
45205
45207
45208
45232
45237
45242
45247
45273
45279
45336
45340
45397
45408
45434
45471
45510
45515
45542
45575
45590
45627
45658
45709
45729
45783
45799
45845
45889
45904
45975
46038
46064
46077
46101
46111
46119
46145
46157
46162
46302
46367
46376
46385
46403
46405
46414
46418
46463
46498
46500
46517
46543
46582
46587
46646
46681
46692
46739
46780
46805
46807
46813
46831
46847
46852
46865
46871
46876
46881
46887
46901
46911
46945
46975
46980
46987
47007
47008
47038
47068
47118
47121
47172
47192
47226
47260
47270
47274
47275
47290
47312
47336
47340
47351
47385
47398
47471
47499
47505
47596
47599
47611
47614
47627
47662
47666
47702
47703
47725
47758
47764
47779
47786
47820
47822
47828
47836
47838
47977
48003
48024
48051
48073
48083
48091
48137
48146
48184
48203
48227
48231
48263
48295
48302
48327
48334
48355
48412
48440
48455
48465
48481
48484
48509
48515
48558
48609
48638
48716
48725
48783
48788
48791
48802
48827
48841
48866
48872
48878
48888
48914
48924
48944
48965
48966
48975
48980
48991
48994
49040
49043
49093
49124
49133
49144
49224
49234
49243
49253
49256
49257
49264
49291
49305
49310
49317
49371
49377
49383
49397
49410
49411
49469
49473
49482
49486
49509
49546
49562
49575
49607
49609
49616
49626
49652
49668
49700
49748
49752
49770
49809
49877
49920
49974
50003
50026
50036
50079
50129
50161
50207
50218
50220
50292
50304
50311
50330
50336
50348
50361
50367
50375
50390
50393
50394
50428
50463
50476
50484
50513
50535
50574
50629
50683
50695
50722
50739
50753
50787
50815
50833
50835
50838
50863
50891
50893
50950
50954
50969
50971
50982
51013
51015
51020
51047
51058
51060
51065
51070
51093
51112
51154
51180
51187
51189
51214
51236
51262
51273
51290
51307
51318
51349
51362
51373
51410
51413
51426
51439
51484
51530
51541
51544
51551
51567
51580
51620
51623
51628
51629
51650
51672
51674
51708
51734
51745
51751
51753
51784
51815
51823
51832
51841
51866
51879
51907
51915
51936
51968
51979
52002
52029
52046
52055
52067
52148
52243
52261
52304
52310
52316
52327
52382
52430
52437
52441
52471
52491
52522
52543
52565
52577
52617
52634
52687
52741
52760
52779
52785
52802
52808
52826
52889
52894
52909
52919
52990
53014
53060
53072
53103
53130
53173
53199
53228
53286
53290
53314
53324
53328
53336
53342
53347
53350
53356
53398
53453
53461
53496
53498
53499
53521
53522
53527
53531
53532
53559
53586
53597
53613
53620
53622
53635
53648
53650
53674
53690
53692
53702
53707
53711
53712
53746
53751
53753
53828
53829
53845
53861
53876
53897
53942
53983
53996
54026
54027
54036
54056
54062
54064
54108
54126
54136
54173
54177
54187
54194
54210
54246
54284
54303
54312
54314
54315
54326
54346
54404
54427
54438
54451
54458
54493
54528
54531
54537
54565
54592
54611
54616
54622
54638
54661
54684
54690
54697
54716
54739
54742
54748
54767
54780
54786
54796
54799
54800
54808
54809
54829
54834
54837
54843
54857
54861
54868
54911
54925
54935
54974
55007
55012
55018
55020
55023
55090
55126
55138
55175
55209
55216
55218
55240
55246
55249
55274
55290
55295
55357
55367
55402
55485
55499
55502
55563
55564
55566
55579
55600
55605
55619
55627
55666
55703
55717
55741
55794
55801
55820
55824
55858
55874
55955
55986
56054
56057
56074
56106
56108
56122
56135
56172
56185
56254
56317
56349
56390
56414
56423
56439
56451
56463
56490
56539
56545
56586
56599
56625
56637
56647
56672
56694
56698
56730
56731
56733
56736
56761
56800
56801
56825
56889
56909
56938
56960
56964
57003
57014
57019
57032
57036
57053
57060
57071
57094
57100
57124
57125
57137
57155
57210
57253
57270
57309
57324
57358
57377
57388
57411
57421
57446
57480
57489
57490
57493
57505
57519
57582
57630
57649
57653
57654
57657
57661
57701
57793
57805
57815
57816
57896
57932
57938
57955
57982
58033
58063
58066
58094
58142
58146
58199
58203
58252
58286
58298
58305
58312
58329
58345
58353
58399
58402
58425
58434
58491
58522
58551
58613
58621
58683
58721
58736
58743
58769
58808
58811
58831
58840
58951
58952
58962
58981
59027
59063
59068
59072
59092
59095
59109
59128
59132
59152
59157
59209
59213
59224
59238
59315
59342
59351
59354
59376
59380
59464
59471
59483
59484
59508
59560
59576
59627
59660
59666
59677
59687
59729
59777
59799
59807
59810
59839
59842
59850
59878
59885
59886
59887
59936
59975
59990
60009
60035
60049
60059
60062
60074
60076
60090
60147
60153
60159
60168
60176
60186
60204
60208
60255
60256
60278
60284
60286
60356
60398
60451
60455
60495
60498
60534
60549
60551
60606
60638
60668
60701
60763
60795
60799
60838
60852
60854
60869
60883
60908
60911
60924
60941
61004
61020
61023
61080
61085
61094
61111
61135
61149
61161
61238
61251
61262
61275
61279
61328
61339
61346
61347
61354
61360
61361
61368
61381
61382
61421
61427
61458
61464
61501
61532
61600
61617
61645
61657
61702
61704
61746
61747
61767
61776
61789
61797
61808
61826
61843
61880
61882
61916
61972
62009
62013
62016
62028
62076
62089
62102
62117
62148
62164
62169
62174
62192
62196
62215
62238
62287
62299
62366
62374
62385
62389
62418
62428
62462
62465
62504
62515
62538
62581
62590
62593
62596
62608
62615
62618
62640
62663
62682
62695
62759
62770
62808
62822
62861
62868
62880
62884
62905
62916
62959
62974
62975
63025
63049
63069
63076
63090
63113
63130
63167
63169
63261
63283
63288
63292
63307
63334
63340
63363
63389
63410
63465
63512
63546
63596
63617
63623
63624
63647
63650
63666
63691
63710
63711
63712
63715
63736
63748
63753
63760
63799
63831
63885
63901
63913
63920
63923
63933
63940
63941
63945
63972
63994
64001
64009
64023
64035
64041
64042
64045
64046
64068
64086
64137
64141
64164
64165
64188
64209
64219
64264
64274
64299
64332
64357
64379
64380
64398
64418
64437
64440
64466
64495
64523
64546
64549
64558
64565
64571
64652
64703
64707
64745
64759
64763
64797
64799
64830
64849
64860
64863
64869
64871
64904
64986
64989
64997
64999
65014
65042
65054
65073
65091
65101
65114
65120
65124
65168
65188
65191
65239
65269
65340
65344
65350
65371
65426
65467
65469
65552
65553
65568
65598
65600
65668
65695
65702
65710
65723
65746
65782
65791
65793
65863
65893
65956
66014
66049
66056
66066
66079
66083
66153
66192
66216
66231
66253
66262
66278
66293
66305
66310
66320
66343
66351
66371
66397
66406
66411
66429
66445
66453
66522
66523
66538
66548
66572
66637
66655
66667
66719
66760
66764
66819
66841
66844
66855
66870
66924
66943
66963
66968
66970
66991
67012
67033
67078
67088
67152
67168
67202
67205
67223
67225
67233
67241
67254
67352
67353
67397
67400
67406
67410
67418
67430
67436
67460
67473
67498
67534
67540
67668
67677
67683
67684
67687
67701
67734
67780
67788
67789
67792
67816
67830
67838
67843
67878
67952
67955
67971
67989
68038
68070
68089
68091
68096
68103
68104
68157
68176
68213
68255
68260
68295
68297
68317
68327
68335
68354
68390
68394
68402
68428
68442
68469
68482
68536
68547
68554
68559
68590
68596
68628
68642
68648
68689
68693
68698
68705
68706
68707
68714
68732
68827
68839
68846
68867
68879
68885
68890
68903
68904
68914
68931
68937
68946
68952
68980
69020
69056
69082
69107
69120
69140
69165
69185
69206
69207
69216
69238
69253
69265
69316
69368
69369
69391
69435
69464
69476
69479
69486
69495
69502
69516
69598
69608
69627
69628
69644
69659
69683
69705
69709
69712
69730
69747
69789
69792
69794
69817
69821
69823
69836
69849
69909
69912
69916
69931
69971
70000
70030
70062
70068
70108
70115
70116
70133
70141
70146
70151
70167
70170
70175
70176
70200
70249
70274
70281
70284
70285
70324
70331
70345
70360
70426
70448
70480
70482
70486
70510
70542
70549
70557
70570
70587
70591
70603
70625
70676
70680
70683
70757
70776
70825
70840
70861
70862
70932
70938
70968
71024
71033
71036
71052
71053
71066
71084
71107
71110
71111
71129
71154
71160
71195
71204
71226
71244
71288
71301
71317
71330
71336
71360
71373
71384
71437
71499
71513
71573
71582
71604
71606
71611
71689
71693
71696
71703
71706
71727
71737
71741
71788
71816
71817
71836
71862
71872
71893
71897
71906
71925
71927
71928
71941
71986
71999
72017
72020
72026
72081
72091
72104
72130
72136
72148
72162
72205
72269
72271
72282
72302
72308
72324
72344
72365
72383
72415
72432
72458
72479
72505
72525
72526
72528
72558
72598
72616
72663
72713
72716
72738
72741
72824
72838
72849
72864
72866
72870
72931
72958
72959
72986
73024
73028
73049
73081
73090
73092
73132
73212
73223
73236
73246
73284
73303
73311
73382
73422
73452
73462
73471
73488
73498
73503
73538
73549
73577
73586
73594
73600
73630
73635
73637
73641
73701
73736
73745
73746
73753
73798
73847
73872
73875
73899
73917
73918
73981
74009
74025
74064
74076
74188
74199
74215
74220
74225
74230
74235
74309
74310
74325
74345
74369
74378
74381
74383
74394
74401
74406
74430
74437
74468
74481
74500
74530
74556
74565
74578
74579
74615
74654
74668
74707
74726
74759
74794
74823
74838
74845
74848
74873
74894
74924
74927
74938
74942
74946
74958
74984
74996
75039
75057
75058
75082
75084
75096
75105
75106
75123
75126
75142
75184
75190
75192
75229
75254
75257
75278
75289
75296
75304
75331
75350
75351
75383
75397
75406
75409
75419
75427
75437
75467
75510
75522
75534
75553
75565
75586
75599
75642
75649
75656
75662
75723
75742
75752
75766
75838
75840
75853
75885
75909
75927
75950
75954
75964
75971
75981
75999
76010
76014
76024
76037
76062
76076
76081
76092
76110
76117
76162
76179
76190
76198
76199
76202
76238
76259
76260
76295
76298
76314
76361
76462
76479
76481
76493
76526
76542
76559
76598
76607
76636
76655
76682
76697
76702
76745
76749
76793
76838
76851
76897
76930
76954
76955
76970
76972
77002
77009
77056
77074
77077
77081
77101
77111
77117
77135
77137
77140
77150
77171
77196
77207
77229
77315
77316
77317
77325
77330
77345
77374
77377
77380
77403
77414
77426
77428
77440
77441
77451
77453
77466
77467
77488
77498
77569
77573
77649
77691
77709
77725
77740
77757
77775
77794
77901
77902
77922
77925
77962
77972
77980
78020
78021
78041
78049
78053
78081
78086
78160
78166
78173
78184
78213
78272
78275
78312
78324
78326
78330
78357
78358
78373
78395
78423
78428
78459
78474
78479
78486
78499
78504
78512
78514
78527
78534
78540
78549
78553
78599
78616
78624
78669
78687
78695
78715
78730
78785
78800
78804
78805
78806
78812
78839
78847
78872
78881
78906
78930
78941
78943
78958
78986
78992
79033
79037
79049
79068
79095
79096
79146
79156
79165
79169
79182
79184
79186
79214
79219
79251
79255
79258
79281
79291
79314
79365
79372
79394
79418
79432
79439
79455
79456
79486
79492
79493
79496
79524
79528
79536
79544
79605
79611
79612
79618
79637
79640
79675
79705
79737
79746
79758
79774
79789
79796
79874
79886
79920
79936
79942
79952
79982
80009
80044
80045
80049
80078
80094
80097
80129
80134
80161
80181
80190
80219
80222
80290
80364
80374
80379
80380
80393
80413
80417
80420
80452
80470
80473
80485
80528
80541
80544
80545
80551
80567
80576
80591
80600
80629
80631
80641
80656
80680
80718
80726
80743
80755
80822
80834
80841
80904
80908
80916
80920
80921
80944
80968
80970
80994
81034
81058
81076
81080
81116
81125
81129
81136
81145
81168
81173
81185
81208
81217
81270
81281
81282
81283
81286
81293
81315
81345
81347
81384
81412
81422
81447
81454
81486
81543
81553
81555
81591
81606
81621
81640
81651
81676
81699
81710
81746
81749
81751
81756
81814
81844
81847
81918
81934
81942
81946
81965
81978
81979
81986
82027
82043
82045
82075
82118
82152
82187
82208
82223
82234
82240
82251
82259
82265
82281
82315
82317
82358
82385
82404
82424
82433
82438
82442
82443
82458
82467
82483
82503
82553
82602
82659
82670
82676
82691
82733
82736
82765
82800
82821
82873
82877
82898
82902
82918
82929
82958
82969
82987
82988
83007
83013
83047
83059
83103
83177
83205
83222
83244
83253
83266
83280
83305
83337
83348
83351
83388
83391
83394
83404
83411
83414
83418
83450
83452
83476
83500
83503
83509
83518
83553
83555
83559
83560
83600
83657
83679
83684
83690
83722
83749
83757
83765
83786
83812
83872
83898
83994
84009
84020
84031
84053
84064
84099
84114
84153
84187
84218
84251
84292
84311
84345
84354
84372
84386
84390
84404
84407
84420
84438
84447
84460
84469
84470
84490
84508
84557
84564
84588
84598
84656
84667
84677
84685
84713
84716
84718
84746
84762
84780
84790
84818
84848
84887
84897
84923
84968
85000
85007
85013
85046
85077
85090
85111
85119
85143
85178
85249
85262
85268
85285
85291
85296
85305
85307
85309
85318
85324
85327
85334
85335
85338
85363
85364
85380
85411
85418
85440
85493
85496
85520
85521
85600
85601
85680
85716
85722
85761
85782
85797
85815
85836
85837
85884
85915
85918
85951
85972
85976
86021
86045
86064
86071
86081
86088
86101
86102
86120
86121
86182
86194
86205
86227
86238
86269
86297
86355
86379
86384
86386
86391
86425
86470
86489
86506
86517
86536
86537
86566
86573
86575
86579
86631
86642
86648
86668
86715
86738
86839
86860
86875
86883
86908
86919
86961
86985
87069
87082
87083
87097
87126
87155
87184
87186
87195
87224
87225
87270
87276
87284
87294
87325
87340
87360
87366
87428
87435
87440
87456
87483
87489
87490
87500
87527
87529
87530
87553
87577
87606
87668
87709
87749
87753
87770
87796
87896
87922
87938
87942
87966
87969
87985
88011
88025
88027
88052
88056
88057
88088
88091
88100
88127
88132
88151
88177
88179
88243
88290
88295
88297
88306
88312
88321
88329
88351
88352
88369
88411
88415
88417
88418
88447
88487
88539
88563
88567
88582
88600
88602
88643
88659
88665
88702
88707
88754
88823
88890
88937
88975
88977
88984
88990
88992
88993
89017
89021
89071
89073
89089
89093
89113
89152
89163
89176
89201
89208
89218
89245
89289
89318
89336
89365
89376
89379
89406
89413
89422
89430
89442
89478
89480
89567
89600
89610
89613
89622
89624
89642
89672
89693
89701
89717
89743
89746
89752
89756
89757
89779
89782
89794
89804
89812
89865
89881
89885
89891
89939
89944
89951
89987
90007
90085
90098
90124
90138
90144
90219
90232
90262
90273
90279
90283
90304
90307
90371
90395
90413
90448
90528
90530
90532
90547
90558
90585
90598
90618
90634
90636
90647
90707
90729
90784
90846
90849
90853
90888
90893
90905
90914
90942
90946
90948
90959
90976
90995
91071
91093
91095
91099
91101
91110
91124
91134
91190
91201
91215
91217
91225
91240
91242
91248
91270
91271
91303
91305
91307
91327
91342
91369
91394
91430
91433
91468
91469
91473
91489
91542
91591
91617
91635
91640
91660
91681
91717
91720
91721
91754
91767
91776
91815
91838
91878
91895
91899
91907
91913
91938
91955
91967
91979
91991
92027
92036
92055
92103
92114
92121
92130
92139
92148
92164
92170
92185
92188
92237
92247
92263
92264
92297
92310
92314
92324
92339
92341
92369
92400
92403
92406
92430
92449
92469
92470
92504
92527
92575
92593
92603
92607
92640
92659
92660
92667
92677
92742
92745
92752
92758
92780
92794
92819
92820
92843
92847
92856
92860
92885
92932
92937
92968
92992
92997
93013
93028
93029
93034
93035
93038
93045
93101
93161
93193
93219
93237
93310
93336
93372
93451
93454
93469
93490
93496
93522
93523
93545
93559
93572
93587
93590
93604
93632
93634
93638
93652
93666
93699
93713
93734
93736
93747
93750
93760
93764
93798
93809
93810
93813
93815
93872
93917
93921
93946
93965
93970
93979
94004
94023
94024
94038
94043
94058
94145
94176
94217
94225
94242
94262
94305
94390
94391
94416
94423
94440
94446
94471
94473
94533
94586
94589
94596
94597
94614
94630
94668
94676
94679
94715
94745
94757
94758
94760
94761
94766
94779
94793
94824
94889
94901
94915
94943
94951
94956
94963
94977
94990
95007
95008
95028
95060
95063
95084
95086
95089
95096
95103
95111
95117
95181
95183
95243
95266
95268
95298
95302
95305
95306
95329
95349
95379
95405
95422
95448
95453
95493
95511
95515
95551
95553
95564
95573
95605
95615
95624
95626
95736
95754
95766
95767
95790
95795
95813
95825
95837
95839
95905
96004
96018
96040
96060
96066
96110
96132
96142
96164
96191
96207
96211
96212
96216
96228
96263
96271
96346
96411
96431
96436
96441
96465
96478
96487
96509
96513
96516
96535
96558
96616
96617
96620
96641
96651
96665
96678
96690
96691
96704
96717
96730
96737
96751
96753
96758
96766
96769
96777
96786
96805
96807
96864
96870
96889
96912
96928
96933
96959
96965
96997
97008
97010
97045
97048
97080
97089
97147
97163
97168
97175
97208
97252
97276
97284
97377
97386
97420
97425
97450
97468
97523
97526
97540
97551
97563
97567
97568
97571
97579
97591
97637
97796
97871
97887
97892
97895
97908
97944
97956
97973
98010
98025
98044
98047
98052
98113
98139
98169
98173
98206
98208
98232
98238
98264
98292
98297
98320
98335
98336
98374
98379
98387
98394
98400
98405
98424
98445
98466
98475
98489
98491
98492
98494
98500
98517
98555
98604
98611
98643
98648
98715
98720
98769
98783
98791
98804
98810
98825
98828
98839
98860
98862
98881
98885
98916
98939
98948
98952
98956
99000
99056
99083
99138
99159
99162
99176
99177
99183
99187
99200
99214
99241
99242
99272
99278
99336
99360
99397
99400
99414
99415
99427
99448
99465
99469
99504
99517
99531
99539
99652
99654
99662
99685
99693
99717
99718
99738
99746
99753
99796
99881
99999
99978
99918
99877
99862
99851
99806
99798
99793
99752
99751
99736
99695
99692
99681
99675
99655
99651
99617
99611
99565
99564
99551
99538
99532
99520
99505
99496
99478
99413
99407
99345
99343
99334
99327
99292
99253
99197
99191
99179
99150
99143
99104
99092
99061
99039
99012
99003
98986
98972
98970
98953
98934
98923
98906
98889
98885
98864
98858
98849
98842
98835
98809
98792
98756
98753
98752
98734
98722
98716
98713
98712
98675
98646
98639
98630
98617
98603
98595
98588
98583
98484
98465
98451
98450
98429
98384
98369
98364
98347
98323
98315
98308
98305
98301
98276
98268
98264
98262
98242
98241
98229
98218
98211
98208
98204
98156
98155
98153
98139
98126
98115
98104
98085
98051
98047
98030
98011
98008
98006
98002
98000
97998
97997
97995
97985
97975
97921
97910
97905
97902
97900
97868
97817
97796
97782
97765
97746
97730
97698
97688
97661
97654
97653
97644
97635
97562
97545
97401
97392
97387
97365
97364
97362
97352
97340
97328
97303
97235
97228
97208
97196
97179
97158
97134
97124
97092
97090
97080
97077
97047
97009
96989
96985
96980
96943
96902
96886
96805
96799
96777
96771
96681
96677
96673
96633
96626
96613
96580
96574
96551
96527
96521
96474
96456
96327
96326
96303
96275
96264
96239
96235
96222
96208
96204
96193
96159
96095
96075
96031
96029
96027
95962
95952
95920
95852
95827
95826
95820
95812
95799
95790
95766
95732
95724
95689
95682
95653
95637
95620
95603
95597
95539
95526
95520
95477
95467
95462
95454
95425
95361
95355
95300
95292
95196
95195
95188
95149
95135
95130
95125
95101
95084
95083
95080
95074
95012
95011
94999
94956
94912
94911
94869
94867
94864
94836
94826
94790
94760
94749
94748
94747
94741
94737
94720
94707
94696
94646
94644
94637
94631
94609
94603
94602
94600
94586
94570
94558
94508
94501
94489
94436
94435
94434
94431
94422
94414
94410
94387
94368
94360
94347
94301
94286
94285
94262
94234
94205
94190
94186
94185
94180
94172
94164
94127
94125
94116
94105
94103
94102
94099
94074
94069
94065
94046
94028
94022
94009
94007
94001
93987
93979
93932
93924
93892
93891
93886
93825
93822
93797
93765
93740
93727
93722
93673
93628
93627
93622
93602
93601
93589
93542
93527
93498
93494
93468
93461
93444
93436
93420
93353
93346
93341
93326
93298
93289
93276
93267
93258
93176
93165
93118
93085
93079
93054
93016
93006
92951
92944
92918
92911
92861
92824
92796
92781
92751
92740
92728
92726
92670
92663
92649
92613
92602
92592
92583
92576
92565
92536
92517
92474
92457
92456
92447
92433
92429
92416
92374
92372
92360
92356
92354
92332
92311
92309
92301
92278
92267
92254
92246
92239
92199
92198
92179
92174
92160
92112
92101
92098
92086
92018
92007
92006
91953
91845
91841
91836
91821
91802
91790
91777
91733
91708
91686
91684
91681
91628
91621
91605
91583
91535
91523
91488
91414
91401
91372
91366
91331
91307
91303
91292
91289
91285
91280
91276
91266
91242
91230
91209
91199
91177
91175
91172
91156
91152
91146
91139
91118
91113
91096
91091
91077
91063
91057
91015
91004
90987
90945
90944
90908
90906
90883
90874
90864
90841
90833
90827
90816
90814
90799
90782
90780
90742
90690
90672
90669
90652
90649
90635
90629
90614
90604
90585
90580
90524
90515
90486
90481
90466
90439
90438
90433
90410
90398
90396
90388
90386
90315
90293
90263
90215
90208
90188
90161
90160
90152
90129
90107
90103
90092
90061
89995
89978
89932
89917
89855
89845
89812
89807
89802
89798
89797
89778
89767
89764
89733
89687
89675
89670
89653
89641
89592
89589
89529
89525
89467
89457
89455
89420
89383
89370
89365
89362
89356
89318
89288
89275
89263
89236
89188
89168
89148
89116
89089
89041
89039
89005
88988
88968
88960
88956
88941
88924
88899
88894
88890
88854
88845
88841
88823
88813
88798
88771
88741
88695
88648
88607
88578
88535
88514
88350
88341
88332
88281
88273
88250
88233
88212
88193
88185
88181
88180
88121
88080
88079
88064
88049
88047
88043
88029
88020
88008
88001
87993
87972
87964
87945
87915
87881
87847
87846
87830
87775
87724
87717
87693
87680
87596
87589
87583
87565
87558
87544
87519
87511
87503
87479
87478
87371
87369
87361
87360
87347
87346
87310
87269
87263
87261
87258
87253
87245
87199
87181
87170
87161
87142
87117
87095
87085
87081
87053
87047
87040
86993
86987
86986
86850
86833
86818
86801
86782
86760
86676
86626
86624
86623
86620
86586
86564
86555
86553
86551
86497
86478
86472
86435
86419
86401
86395
86329
86238
86124
86109
86089
86061
86042
86024
86012
85929
85924
85912
85880
85826
85797
85786
85759
85751
85744
85699
85690
85661
85655
85634
85524
85489
85444
85416
85402
85400
85366
85355
85301
85267
85260
85253
85173
85169
85154
85125
85123
85064
85055
85051
85036
85035
85016
85007
84972
84970
84961
84956
84946
84941
84936
84920
84914
84904
84880
84842
84825
84788
84778
84754
84748
84746
84741
84737
84729
84712
84704
84700
84645
84636
84619
84606
84592
84566
84563
84560
84529
84500
84486
84471
84431
84412
84411
84394
84380
84373
84342
84323
84308
84302
84301
84297
84281
84223
84198
84179
84140
84088
84069
84039
83990
83972
83906
83856
83831
83815
83807
83805
83803
83799
83790
83699
83693
83681
83670
83655
83642
83613
83589
83579
83565
83558
83524
83520
83514
83511
83504
83499
83497
83463
83455
83447
83445
83355
83344
83292
83264
83255
83240
83235
83229
83204
83200
83193
83191
83170
83134
83133
83124
83121
83083
83058
83032
83025
83004
82990
82969
82966
82965
82939
82938
82928
82894
82833
82817
82803
82791
82772
82762
82730
82707
82701
82694
82693
82692
82619
82581
82564
82556
82526
82494
82482
82469
82466
82461
82438
82427
82424
82423
82404
82398
82334
82319
82304
82297
82294
82279
82267
82249
82248
82225
82218
82216
82208
82188
82142
82137
82130
82103
82083
82042
82038
82033
82029
82021
82012
82008
81978
81969
81964
81962
81904
81878
81867
81850
81845
81786
81765
81718
81679
81624
81615
81613
81602
81571
81554
81551
81534
81530
81465
81463
81430
81402
81400
81397
81389
81388
81373
81371
81324
81319
81232
81230
81222
81207
81206
81199
81171
81168
81128
81108
81099
81068
81064
81051
81037
81000
80973
80954
80943
80939
80877
80872
80855
80840
80824
80796
80764
80749
80739
80735
80710
80697
80682
80669
80667
80665
80658
80583
80578
80562
80509
80489
80478
80474
80436
80431
80410
80407
80404
80389
80375
80350
80348
80325
80321
80314
80300
80289
80270
80268
80264
80258
80216
80192
80170
80145
80133
80066
80060
80052
80044
80039
80037
80035
80022
80015
79990
79969
79903
79900
79889
79883
79870
79866
79845
79833
79832
79789
79788
79765
79758
79668
79649
79638
79615
79614
79595
79562
79559
79515
79506
79459
79435
79329
79310
79301
79296
79293
79287
79277
79263
79229
79204
79186
79165
79098
79075
79046
79037
79034
78991
78961
78954
78935
78928
78925
78923
78882
78864
78860
78846
78829
78819
78780
78771
78727
78725
78719
78692
78641
78591
78584
78557
78516
78505
78482
78447
78440
78426
78421
78345
78340
78276
78248
78245
78244
78242
78241
78216
78208
78193
78168
78087
78053
78016
78010
77925
77916
77852
77849
77848
77828
77827
77811
77799
77787
77782
77776
77772
77704
77652
77634
77623
77614
77613
77600
77583
77553
77530
77523
77449
77447
77432
77418
77410
77391
77373
77360
77298
77278
77273
77267
77259
77234
77214
77210
77199
77189
77091
77077
77049
77034
76991
76990
76957
76910
76863
76850
76845
76822
76816
76805
76765
76696
76585
76544
76487
76468
76435
76402
76389
76339
76337
76324
76309
76245
76198
76190
76178
76122
76120
76093
76087
76084
76056
76055
76032
76014
76008
75995
75988
75982
75914
75901
75885
75852
75844
75781
75778
75713
75707
75685
75677
75668
75616
75588
75564
75549
75548
75544
75529
75507
75504
75499
75460
75459
75363
75358
75345
75323
75314
75309
75298
75265
75262
75260
75237
75139
75112
75099
75089
75061
75041
74976
74964
74925
74924
74902
74897
74884
74855
74822
74818
74798
74797
74786
74781
74707
74649
74636
74633
74593
74592
74577
74571
74553
74530
74525
74496
74485
74472
74436
74435
74370
74369
74324
74279
74267
74259
74247
74225
74204
74165
74136
74133
74122
74100
74095
74081
74053
74004
73952
73950
73937
73933
73901
73894
73893
73833
73748
73642
73613
73609
73608
73591
73499
73492
73490
73480
73467
73461
73456
73452
73399
73394
73369
73342
73326
73314
73304
73281
73269
73254
73250
73242
73240
73196
73174
73170
73163
73146
73098
73075
73062
73022
72992
72984
72982
72980
72964
72944
72931
72915
72810
72799
72743
72724
72710
72697
72677
72630
72628
72606
72557
72544
72494
72488
72411
72369
72329
72320
72307
72261
72231
72224
72210
72181
72177
72175
72174
72147
72122
72121
72118
72098
72086
72060
72035
72023
72017
71967
71961
71891
71882
71821
71799
71778
71750
71740
71676
71668
71633
71617
71601
71596
71595
71555
71524
71507
71502
71487
71482
71474
71460
71446
71415
71395
71371
71367
71321
71310
71302
71298
71289
71279
71277
71276
71270
71255
71172
71148
71132
71107
71105
71089
71024
71006
70993
70988
70925
70923
70910
70903
70880
70852
70814
70779
70726
70705
70682
70663
70653
70648
70642
70630
70617
70599
70594
70593
70577
70543
70536
70531
70527
70517
70496
70487
70476
70453
70442
70361
70359
70355
70326
70296
70291
70284
70263
70240
70229
70210
70161
70154
70121
70115
70105
70083
70075
70021
69996
69978
69948
69946
69931
69914
69911
69865
69857
69831
69813
69810
69801
69745
69740
69723
69709
69705
69663
69621
69619
69601
69597
69579
69513
69477
69471
69468
69463
69433
69429
69419
69359
69337
69334
69314
69304
69268
69261
69260
69225
69207
69200
69198
69186
69149
69129
69119
69072
69066
69013
69007
68995
68973
68957
68877
68846
68841
68827
68816
68800
68777
68735
68726
68707
68675
68649
68633
68609
68561
68560
68541
68481
68467
68448
68441
68436
68409
68392
68377
68359
68310
68305
68279
68272
68244
68177
68162
68129
68091
68090
68018
67980
67979
67953
67926
67905
67868
67820
67786
67780
67763
67753
67732
67714
67703
67702
67692
67689
67650
67639
67634
67631
67626
67618
67610
67605
67571
67553
67537
67506
67504
67482
67469
67465
67413
67380
67359
67323
67313
67293
67286
67276
67275
67270
67266
67252
67236
67220
67218
67188
67184
67152
67123
67118
67107
67103
67074
67065
67061
67050
66985
66952
66937
66885
66882
66868
66859
66831
66826
66817
66807
66790
66782
66762
66746
66735
66669
66621
66612
66586
66584
66583
66546
66533
66508
66482
66480
66462
66459
66428
66421
66419
66411
66396
66394
66363
66356
66289
66282
66269
66249
66248
66203
66180
66144
66135
66110
66099
66078
66069
66043
65981
65966
65934
65891
65887
65810
65806
65788
65763
65758
65747
65745
65729
65719
65703
65699
65685
65657
65617
65615
65597
65587
65586
65554
65533
65509
65494
65486
65440
65416
65399
65393
65353
65335
65312
65311
65283
65264
65260
65199
65190
65173
65169
65162
65125
65122
65114
65069
65038
65018
64985
64984
64974
64933
64910
64903
64891
64884
64877
64863
64852
64850
64828
64823
64788
64771
64747
64693
64675
64670
64642
64636
64622
64592
64584
64570
64554
64493
64487
64349
64322
64294
64284
64283
64280
64237
64184
64168
64157
64152
64141
64134
64115
64077
64061
64059
64028
64009
63961
63946
63943
63933
63928
63885
63864
63859
63839
63808
63754
63700
63682
63680
63669
63659
63657
63649
63606
63603
63602
63582
63566
63545
63544
63512
63500
63471
63452
63447
63434
63432
63420
63416
63383
63324
63263
63128
63118
63111
63101
63091
63084
63069
63064
63062
63040
63034
63010
63005
63004
62994
62971
62903
62887
62806
62803
62796
62786
62760
62757
62751
62736
62720
62711
62700
62670
62662
62628
62624
62608
62582
62562
62547
62544
62536
62521
62503
62480
62465
62449
62448
62391
62385
62349
62335
62321
62268
62225
62214
62194
62171
62157
62138
62122
62106
62102
62000
61981
61920
61915
61914
61891
61872
61836
61821
61806
61778
61763
61717
61669
61612
61607
61562
61540
61531
61509
61481
61470
61455
61453
61389
61350
61313
61312
61276
61272
61260
61227
61223
61221
61194
61182
61181
61158
61154
61153
61090
61088
61086
61083
61082
61080
61079
61072
61065
61063
61014
61006
60985
60981
60979
60968
60933
60903
60886
60863
60832
60831
60812
60781
60723
60709
60695
60685
60674
60642
60594
60542
60514
60494
60483
60457
60451
60436
60425
60406
60347
60333
60317
60282
60261
60202
60189
60187
60171
60091
60088
60073
60046
60037
60033
60001
59917
59913
59906
59870
59852
59837
59835
59814
59784
59767
59750
59727
59711
59706
59700
59690
59649
59642
59632
59596
59589
59582
59579
59546
59543
59495
59482
59476
59468
59465
59457
59423
59422
59410
59405
59391
59387
59373
59357
59351
59308
59274
59267
59253
59252
59250
59248
59242
59213
59204
59186
59174
59172
59164
59150
59123
59121
59108
59097
59059
59057
59048
59039
59037
59013
58997
58995
58990
58967
58915
58904
58889
58887
58864
58849
58842
58836
58828
58790
58784
58781
58756
58750
58739
58735
58724
58701
58700
58696
58686
58678
58591
58522
58512
58484
58430
58429
58426
58398
58387
58356
58347
58292
58263
58211
58204
58177
58157
58152
58150
58139
58129
58114
58093
58082
58058
58055
58003
57995
57976
57953
57930
57929
57921
57918
57882
57879
57859
57833
57831
57793
57760
57693
57688
57672
57663
57651
57591
57568
57563
57514
57510
57498
57495
57401
57399
57392
57331
57264
57255
57224
57212
57163
57100
57059
57051
57026
57011
56990
56971
56893
56883
56862
56847
56843
56818
56817
56786
56781
56764
56761
56724
56703
56675
56659
56645
56620
56604
56589
56557
56494
56492
56461
56417
56411
56348
56309
56295
56293
56286
56270
56267
56263
56257
56213
56112
56105
56100
56095
56082
56076
56063
56052
56045
56029
55996
55947
55946
55939
55931
55893
55881
55876
55848
55838
55826
55816
55797
55788
55771
55757
55746
55739
55687
55663
55650
55632
55510
55505
55483
55475
55472
55446
55432
55430
55410
55364
55299
55272
55256
55253
55232
55229
55226
55201
55200
55143
55119
55105
55087
55056
55051
55026
55021
55006
54937
54935
54926
54875
54842
54756
54749
54738
54734
54716
54707
54687
54617
54595
54584
54583
54581
54580
54579
54577
54571
54546
54540
54524
54496
54489
54470
54457
54439
54430
54419
54403
54378
54330
54315
54289
54284
54258
54202
54176
54141
54128
54124
54089
54087
54078
54070
54056
54037
54018
54004
54002
53982
53978
53975
53955
53944
53916
53912
53904
53901
53887
53885
53877
53853
53852
53823
53813
53763
53751
53748
53731
53716
53711
53696
53670
53634
53576
53548
53546
53539
53524
53508
53501
53476
53475
53448
53439
53395
53325
53323
53317
53315
53306
53257
53249
53246
53238
53224
53211
53201
53200
53174
53167
53150
53140
53139
53138
53135
53127
53087
53055
53045
53029
53011
53002
52987
52982
52978
52964
52962
52943
52879
52865
52861
52842
52833
52829
52805
52747
52740
52709
52696
52686
52665
52637
52633
52617
52558
52531
52525
52505
52494
52492
52485
52420
52373
52351
52348
52307
52305
52251
52238
52182
52157
52126
52122
52096
52086
52084
52064
52059
52047
52033
51998
51980
51951
51941
51940
51932
51929
51927
51904
51845
51827
51756
51733
51725
51687
51639
51638
51579
51553
51527
51510
51494
51463
51453
51437
51434
51414
51400
51268
51261
51258
51251
51191
51162
51146
51137
51134
51117
51095
51081
51040
51039
51038
51028
51023
51020
51012
51001
50967
50960
50898
50897
50867
50817
50778
50747
50714
50664
50658
50657
50634
50615
50587
50579
50542
50527
50483
50481
50479
50474
50459
50455
50446
50445
50424
50419
50403
50392
50381
50369
50357
50353
50306
50301
50294
50268
50233
50231
50135
50134
50108
50088
50084
50070
50063
50039
50032
50023
50022
50011
50006
49958
49945
49912
49857
49831
49825
49814
49788
49774
49749
49729
49718
49708
49689
49681
49678
49657
49655
49591
49590
49546
49474
49462
49459
49435
49425
49405
49376
49348
49321
49315
49312
49289
49265
49255
49244
49211
49204
49192
49134
49100
49099
49092
49079
49070
49040
49029
49022
49017
48965
48954
48883
48871
48867
48846
48822
48819
48812
48805
48793
48740
48719
48672
48660
48645
48632
48605
48600
48563
48552
48531
48527
48504
48496
48490
48452
48358
48351
48335
48325
48307
48295
48283
48257
48252
48251
48250
48233
48197
48185
48138
48134
48102
48086
48070
48028
47956
47921
47905
47886
47881
47869
47861
47853
47795
47782
47758
47746
47688
47630
47612
47589
47582
47572
47552
47543
47540
47534
47515
47513
47510
47484
47454
47434
47424
47399
47358
47348
47330
47281
47257
47251
47196
47156
47150
47091
47053
47051
47039
47033
46997
46963
46958
46909
46886
46860
46856
46793
46791
46745
46704
46697
46692
46676
46662
46648
46634
46631
46585
46565
46555
46536
46532
46531
46522
46520
46515
46504
46473
46462
46456
46452
46450
46438
46413
46391
46387
46385
46351
46342
46307
46264
46241
46234
46212
46203
46201
46103
46087
46085
46062
46054
46052
46048
46021
46006
45927
45903
45900
45891
45850
45795
45786
45776
45762
45758
45721
45718
45667
45649
45631
45616
45598
45578
45576
45573
45555
45542
45520
45518
45510
45463
45458
45455
45453
45445
45443
45410
45367
45361
45357
45336
45320
45306
45303
45284
45282
45280
45270
45246
45232
45231
45209
45208
45196
45190
45162
45120
45109
45103
45072
45066
45050
45036
45026
45020
44999
44997
44973
44954
44930
44922
44904
44890
44865
44749
44708
44700
44665
44646
44645
44600
44590
44588
44549
44545
44475
44467
44453
44445
44434
44433
44415
44367
44347
44344
44318
44315
44300
44239
44214
44171
44158
44155
44153
44152
44133
44118
44103
44094
44089
44084
44031
44017
43994
43993
43977
43967
43907
43859
43831
43767
43755
43748
43745
43730
43687
43573
43568
43551
43545
43539
43529
43520
43497
43495
43492
43486
43480
43443
43424
43416
43412
43395
43365
43329
43310
43292
43290
43281
43280
43265
43262
43253
43221
43216
43208
43200
43199
43195
43163
43156
43143
43133
43128
43122
43048
43044
43011
43009
42957
42946
42930
42907
42883
42846
42844
42835
42831
42816
42798
42692
42684
42668
42653
42631
42620
42609
42607
42603
42576
42553
42548
42541
42515
42512
42508
42499
42496
42486
42453
42443
42409
42408
42400
42377
42370
42348
42345
42339
42280
42260
42241
42232
42223
42180
42163
42157
42084
42079
42077
42027
42018
42014
41984
41863
41860
41854
41852
41830
41826
41818
41778
41774
41767
41766
41758
41740
41728
41726
41717
41698
41658
41649
41635
41622
41580
41561
41540
41524
41509
41496
41481
41477
41460
41429
41423
41413
41392
41368
41343
41246
41230
41117
41084
41079
41065
41057
41053
41005
40981
40972
40962
40909
40897
40885
40845
40833
40831
40829
40783
40781
40779
40737
40710
40707
40702
40677
40627
40608
40567
40564
40529
40452
40396
40369
40355
40347
40328
40325
40289
40278
40249
40190
40185
40181
40166
40137
40129
40104
40083
40039
40004
39991
39977
39966
39937
39922
39888
39861
39847
39826
39802
39798
39749
39743
39726
39712
39679
39658
39635
39634
39572
39564
39539
39535
39526
39497
39484
39475
39453
39441
39435
39425
39343
39291
39288
39260
39201
39196
39184
39178
39160
39152
39143
39097
39089
39075
39042
39019
39007
38991
38916
38859
38816
38777
38766
38757
38742
38672
38645
38639
38603
38516
38510
38449
38447
38431
38405
38370
38367
38306
38289
38262
38260
38247
38208
38203
38198
38172
38169
38161
38148
38133
38131
38083
38075
38062
38044
37990
37983
37949
37946
37923
37906
37858
37853
37815
37798
37786
37758
37753
37736
37704
37702
37701
37684
37656
37654
37646
37625
37603
37595
37564
37509
37508
37464
37439
37414
37388
37345
37321
37209
37200
37193
37192
37158
37107
37054
37021
37017
37011
36999
36997
36995
36962
36951
36947
36931
36928
36904
36833
36831
36796
36774
36772
36739
36717
36664
36658
36645
36615
36602
36592
36586
36542
36468
36438
36430
36418
36382
36318
36304
36271
36267
36261
36239
36220
36191
36188
36156
36123
36121
36098
36065
36061
36059
36057
36013
35935
35923
35919
35910
35909
35902
35895
35887
35877
35862
35822
35818
35810
35782
35777
35775
35743
35731
35722
35633
35615
35610
35600
35569
35564
35562
35554
35553
35524
35507
35503
35500
35489
35484
35450
35432
35423
35389
35386
35304
35265
35158
35157
35150
35149
35102
35050
35041
35040
35035
35019
35010
34995
34989
34976
34957
34914
34890
34866
34858
34856
34845
34840
34770
34766
34761
34731
34687
34680
34665
34646
34643
34630
34616
34586
34578
34572
34557
34502
34494
34481
34473
34469
34394
34380
34365
34350
34347
34302
34298
34289
34264
34260
34250
34241
34199
34195
34180
34172
34166
34159
34131
34097
34075
34066
34060
34044
34037
34036
33953
33944
33943
33927
33891
33846
33722
33713
33704
33674
33671
33666
33663
33645
33633
33624
33617
33604
33584
33546
33504
33494
33485
33471
33469
33445
33396
33392
33386
33377
33373
33365
33356
33334
33317
33269
33239
33224
33219
33209
33195
33194
33187
33178
33122
33107
33093
33085
33077
33068
33062
33052
33043
32991
32985
32969
32952
32940
32926
32918
32911
32904
32887
32863
32858
32846
32823
32819
32811
32805
32770
32765
32758
32636
32634
32592
32565
32555
32478
32469
32462
32440
32430
32418
32416
32382
32373
32368
32336
32307
32284
32245
32230
32227
32187
32160
32132
32099
32096
32086
32081
32060
32035
32000
31969
31957
31955
31944
31922
31907
31898
31886
31883
31877
31864
31820
31803
31793
31759
31721
31701
31684
31647
31642
31616
31600
31585
31582
31577
31558
31532
31468
31455
31451
31410
31399
31367
31363
31337
31309
31303
31273
31264
31262
31239
31170
31140
31128
31120
31110
31097
31094
31087
31077
31048
31035
31009
31008
30979
30973
30939
30934
30931
30926
30918
30917
30906
30878
30856
30827
30795
30787
30766
30761
30759
30740
30738
30728
30723
30634
30626
30612
30606
30601
30592
30564
30556
30533
30532
30523
30516
30442
30426
30379
30377
30370
30355
30348
30342
30341
30276
30269
30261
30246
30201
30184
30151
30145
30117
30100
30082
30036
30026
30012
29978
29955
29900
29884
29882
29856
29850
29837
29823
29740
29719
29673
29646
29625
29622
29592
29586
29581
29562
29556
29548
29523
29475
29465
29434
29430
29393
29390
29374
29344
29336
29306
29284
29282
29277
29184
29141
29128
29116
29109
29106
29090
29087
29077
29053
29041
29016
29012
29005
28989
28983
28958
28923
28918
28913
28901
28900
28891
28856
28821
28805
28804
28767
28743
28739
28729
28715
28696
28684
28681
28656
28636
28609
28605
28580
28572
28549
28466
28418
28412
28411
28401
28380
28373
28347
28339
28331
28330
28323
28314
28279
28235
28218
28217
28205
28203
28187
28182
28178
28170
28145
28144
28143
28129
28126
28107
28100
28096
28068
28053
28012
27994
27931
27926
27924
27866
27834
27820
27818
27816
27734
27724
27713
27711
27677
27670
27614
27612
27589
27579
27553
27543
27533
27516
27494
27487
27463
27432
27395
27379
27324
27279
27271
27247
27234
27224
27215
27173
27167
27161
27158
27151
27149
27107
27025
27024
27020
27015
26979
26945
26939
26891
26881
26871
26870
26858
26856
26797
26765
26753
26740
26699
26692
26684
26669
26651
26634
26628
26612
26590
26589
26586
26582
26536
26520
26463
26462
26461
26439
26386
26382
26358
26316
26309
26296
26228
26223
26204
26169
26165
26162
26160
26130
26113
26094
26092
26066
26047
26040
25942
25884
25875
25864
25856
25833
25808
25779
25771
25747
25730
25711
25693
25655
25629
25572
25553
25551
25538
25526
25513
25504
25502
25461
25430
25370
25368
25354
25306
25304
25295
25291
25258
25228
25226
25207
25160
25157
25156
25140
25138
25122
25119
25089
25062
25049
25033
24995
24994
24947
24941
24937
24894
24887
24829
24814
24789
24761
24739
24697
24672
24656
24634
24627
24617
24614
24534
24487
24452
24451
24449
24407
24401
24400
24395
24372
24364
24362
24279
24267
24245
24200
24192
24172
24166
24111
24047
24045
24033
24000
23993
23988
23885
23841
23837
23823
23809
23757
23724
23721
23678
23633
23624
23620
23615
23606
23599
23571
23568
23540
23524
23523
23521
23493
23483
23481
23407
23406
23399
23396
23391
23350
23323
23304
23278
23253
23242
23221
23171
23106
23101
23082
23062
23052
23030
23025
23022
23019
22998
22986
22960
22915
22884
22873
22868
22850
22849
22802
22746
22718
22689
22688
22680
22662
22604
22602
22583
22541
22537
22531
22475
22473
22467
22458
22450
22447
22412
22389
22387
22372
22354
22339
22328
22307
22229
22227
22226
22172
22113
22087
22059
22034
21991
21960
21938
21937
21921
21918
21908
21905
21903
21899
21889
21879
21868
21862
21850
21792
21791
21789
21782
21766
21764
21698
21684
21674
21631
21626
21602
21562
21532
21526
21523
21511
21498
21487
21474
21438
21411
21406
21396
21392
21390
21389
21376
21354
21341
21319
21301
21273
21270
21252
21218
21204
21202
21190
21183
21182
21180
21171
21146
21117
21090
21037
21008
21006
20998
20994
20985
20970
20962
20940
20875
20848
20839
20836
20819
20744
20700
20691
20642
20635
20603
20597
20553
20548
20541
20539
20508
20491
20474
20441
20420
20414
20378
20372
20370
20341
20328
20295
20266
20253
20250
20225
20208
20185
20175
20174
20162
20146
20129
20118
20105
20071
19988
19986
19971
19956
19950
19947
19931
19929
19918
19908
19824
19801
19790
19772
19736
19732
19723
19714
19679
19622
19606
19596
19561
19530
19512
19488
19464
19443
19437
19434
19420
19390
19353
19344
19313
19276
19272
19262
19230
19228
19214
19199
19189
19178
19138
19082
19081
19071
19060
19030
19000
18975
18955
18938
18925
18920
18902
18844
18820
18796
18751
18738
18735
18690
18642
18620
18615
18598
18581
18562
18558
18534
18521
18514
18501
18487
18415
18414
18405
18400
18357
18353
18327
18315
18292
18289
18273
18233
18183
18163
18162
18153
18097
18093
18065
18060
18043
18042
18033
18007
17925
17920
17881
17873
17847
17843
17754
17750
17736
17708
17705
17690
17624
17615
17588
17577
17570
17550
17532
17524
17480
17451
17439
17436
17362
17360
17355
17335
17328
17323
17293
17285
17270
17252
17243
17184
17172
17117
17090
17082
17059
17031
17025
17005
16996
16880
16879
16874
16859
16848
16843
16838
16824
16821
16818
16788
16744
16692
16650
16640
16625
16624
16601
16506
16495
16455
16453
16430
16428
16427
16389
16375
16368
16367
16365
16335
16323
16317
16316
16299
16261
16260
16229
16174
16164
16162
16125
16084
16072
16049
16048
16028
15986
15958
15947
15913
15904
15894
15854
15837
15804
15785
15765
15755
15742
15738
15736
15717
15691
15636
15612
15548
15542
15490
15456
15450
15442
15342
15306
15269
15260
15193
15188
15178
15139
15125
15107
15075
15073
15071
15048
15047
15019
15002
14974
14967
14953
14949
14929
14907
14904
14865
14816
14792
14744
14733
14710
14694
14682
14670
14663
14652
14645
14635
14620
14618
14578
14558
14527
14524
14509
14497
14477
14453
14440
14412
14404
14397
14387
14384
14378
14347
14337
14273
14266
14230
14222
14181
14174
14110
14069
14053
14051
14029
14010
13999
13992
13990
13972
13943
13922
13875
13858
13845
13819
13811
13809
13805
13773
13765
13751
13738
13733
13724
13675
13617
13568
13562
13539
13472
13451
13430
13422
13413
13386
13374
13350
13346
13331
13319
13269
13254
13253
13252
13251
13231
13228
13141
13097
13080
13065
13060
13044
12993
12962
12861
12860
12856
12853
12756
12748
12732
12704
12691
12676
12671
12636
12601
12582
12571
12537
12420
12413
12403
12368
12358
12351
12281
12278
12256
12204
12201
12177
12166
12155
12116
12016
11995
11971
11960
11918
11914
11910
11891
11825
11791
11784
11776
11770
11767
11747
11744
11734
11724
11697
11680
11670
11662
11626
11565
11544
11508
11506
11503
11452
11439
11436
11420
11403
11400
11395
11388
11354
11344
11335
11288
11287
11229
11226
11209
11197
11174
11136
11129
11128
11107
11103
11098
11090
11053
11036
11024
11001
10934
10920
10896
10871
10868
10865
10828
10816
10751
10734
10729
10709
10699
10670
10654
10644
10642
10609
10605
10575
10548
10544
10532
10496
10494
10491
10488
10475
10464
10456
10421
10366
10346
10344
10340
10337
10309
10295
10274
10264
10259
10242
10232
10230
10218
10217
10184
10172
10168
10152
10133
10123
10089
10066
9985
9984
9976
9946
9936
9925
9885
9879
9873
9866
9850
9842
9828
9823
9816
9804
9783
9750
9721
9701
9693
9691
9665
9655
9649
9634
9623
9602
9578
9574
9525
9504
9366
9339
9326
9325
9320
9301
9272
9203
9188
9172
9129
9121
9101
9092
9088
9068
9057
9055
9034
9001
8950
8948
8929
8925
8918
8903
8877
8849
8820
8799
8793
8788
8784
8773
8758
8753
8732
8691
8680
8669
8661
8656
8645
8628
8586
8583
8582
8561
8532
8531
8505
8487
8471
8468
8446
8437
8395
8389
8293
8271
8270
8248
8245
8239
8233
8227
8179
8175
8153
8135
8129
8090
8050
8012
7992
7978
7916
7909
7891
7880
7853
7851
7817
7816
7814
7811
7792
7741
7731
7721
7695
7653
7633
7612
7610
7605
7599
7585
7580
7559
7557
7551
7517
7459
7447
7432
7402
7395
7382
7370
7351
7349
7292
7284
7274
7245
7241
7234
7211
7204
7201
7197
7141
7078
7055
7050
7039
7005
7000
6996
6975
6947
6904
6899
6889
6887
6868
6829
6789
6713
6689
6687
6682
6673
6671
6661
6631
6619
6602
6585
6582
6580
6543
6530
6528
6502
6476
6468
6461
6401
6390
6384
6379
6360
6313
6289
6227
6126
6032
5982
5981
5950
5933
5886
5874
5842
5838
5826
5775
5771
5767
5765
5732
5711
5710
5701
5679
5670
5665
5660
5642
5629
5605
5597
5586
5555
5554
5507
5494
5474
5465
5445
5421
5420
5418
5402
5375
5371
5366
5363
5349
5337
5318
5313
5291
5212
5184
5164
5139
5138
5128
5111
5083
5053
4988
4987
4965
4879
4861
4860
4848
4833
4812
4808
4746
4705
4672
4665
4646
4632
4616
4561
4555
4551
4541
4531
4530
4495
4482
4454
4420
4419
4399
4355
4346
4260
4255
4212
4211
4202
4167
4124
4114
4113
4095
4086
4073
4016
3930
3920
3905
3896
3873
3866
3859
3846
3838
3836
3833
3821
3809
3773
3764
3762
3759
3738
3703
3654
3607
3569
3517
3495
3476
3475
3421
3345
3327
3326
3312
3309
3290
3243
3192
3186
3179
3175
3164
3160
3154
3147
3144
3138
3134
3114
3109
3094
3090
3087
3076
3060
3048
3031
3023
3015
3014
2975
2964
2955
2926
2924
2858
2842
2786
2759
2743
2702
2676
2656
2648
2608
2586
2560
2548
2498
2494
2487
2484
2477
2438
2427
2419
2412
2377
2355
2339
2318
2307
2299
2282
2277
2207
2189
2155
2099
2052
2012
2001
1987
1983
1973
1966
1962
1946
1944
1936
1919
1881
1874
1859
1852
1833
1831
1828
1821
1809
1785
1776
1772
1712
1687
1683
1676
1670
1646
1644
1641
1640
1614
1579
1563
1545
1532
1504
1492
1468
1366
1363
1356
1341
1338
1329
1289
1262
1250
1249
1247
1239
1215
1177
1168
1161
1154
1149
1143
1141
1129
1055
1029
1010
1009
1004
997
979
975
967
964
959
922
903
894
883
863
860
760
748
741
734
697
682
680
670
664
662
634
571
544
529
473
436
384
373
362
307
301
284
277
259
239
237
208
205
195
144
120
119
116
74
59
28
10
k
