8
51
57
60
108
124
136
165
179
213
270
294
328
353
354
355
411
484
491
496
504
509
564
574
587
597
613
618
628
635
667
676
677
687
695
705
719
730
760
763
778
791
804
843
863
905
921
940
966
970
983
1039
1047
1055
1104
1124
1131
1135
1139
1200
1216
1243
1244
1254
1279
1317
1325
1376
1395
1405
1410
1434
1611
1612
1652
1664
1676
1714
1736
1750
1761
1770
1774
1777
1827
1843
1874
1904
1919
1941
1986
2046
2052
2095
2120
2153
2166
2173
2223
2240
2244
2257
2273
2296
2304
2328
2367
2382
2393
2396
2473
2479
2501
2512
2531
2543
2564
2566
2595
2596
2600
2626
2629
2630
2668
2700
2707
2723
2737
2764
2778
2781
2791
2798
2850
2853
2868
2881
2923
2930
2941
2955
2981
2997
3007
3048
3051
3074
3091
3095
3097
3103
3115
3118
3183
3198
3206
3262
3269
3306
3310
3314
3319
3322
3352
3383
3384
3386
3402
3404
3424
3429
3438
3494
3512
3592
3628
3631
3636
3663
3665
3688
3689
3705
3717
3749
3765
3796
3837
3844
3861
3878
3884
3895
3922
3935
3936
3948
3965
4028
4034
4050
4065
4088
4131
4164
4211
4233
4283
4291
4304
4308
4324
4350
4354
4356
4368
4374
4384
4403
4417
4429
4437
4455
4480
4493
4494
4506
4517
4521
4538
4542
4557
4566
4580
4613
4629
4639
4684
4702
4713
4721
4724
4728
4752
4761
4771
4842
4877
4899
4934
4941
4984
4986
5004
5016
5017
5042
5055
5056
5063
5068
5077
5101
5110
5163
5165
5195
5196
5201
5211
5226
5290
5303
5305
5317
5320
5328
5392
5395
5406
5433
5437
5451
5456
5475
5485
5514
5572
5574
5601
5659
5694
5707
5748
5757
5766
5770
5773
5786
5798
5804
5805
5813
5831
5845
5908
5910
5934
5935
5940
5948
5952
5977
5992
6002
6052
6057
6126
6132
6133
6152
6167
6191
6196
6210
6223
6281
6294
6298
6314
6367
6438
6463
6469
6481
6522
6537
6538
6560
6632
6767
6768
6780
6827
6842
6861
6863
6919
6962
6971
6990
7032
7033
7049
7052
7059
7105
7116
7129
7146
7152
7159
7210
7263
7267
7293
7305
7313
7346
7396
7409
7413
7428
7473
7517
7555
7588
7607
7614
7635
7637
7663
7666
7683
7692
7702
7714
7724
7778
7801
7852
7861
7870
7882
7890
7940
7948
7953
7983
7990
7969
7956
7896
7880
7870
7777
7740
7694
7677
7660
7645
7631
7617
7532
7458
7452
7396
7373
7370
7254
7130
7086
7079
7071
7058
7044
7032
7026
7021
7015
6974
6972
6960
6936
6933
6885
6868
6854
6820
6788
6783
6778
6766
6762
6732
6730
6695
6693
6686
6669
6667
6662
6627
6619
6618
6592
6556
6551
6530
6529
6517
6512
6483
6482
6464
6438
6429
6423
6395
6383
6381
6360
6334
6326
6290
6250
6246
6243
6221
6157
6155
6146
6114
6096
6067
6027
5984
5964
5963
5958
5920
5919
5902
5877
5830
5816
5815
5752
5739
5729
5694
5645
5641
5609
5588
5587
5563
5545
5515
5506
5496
5469
5448
5404
5369
5362
5339
5310
5304
5300
5297
5284
5280
5273
5268
5244
5239
5229
5219
5198
5187
5163
5139
5135
5134
5112
5053
5039
5007
5002
4963
4934
4912
4911
4906
4901
4894
4885
4881
4875
4862
4815
4803
4800
4795
4787
4781
4760
4757
4728
4722
4710
4694
4680
4670
4667
4628
4619
4614
4604
4590
4553
4535
4500
4487
4467
4437
4433
4429
4426
4424
4420
4417
4395
4352
4343
4331
4319
4277
4268
4233
4232
4224
4189
4114
4111
4098
4087
4070
4064
4049
4045
4035
3993
3982
3952
3920
3914
3907
3892
3886
3883
3860
3810
3809
3795
3783
3770
3761
3739
3724
3704
3652
3619
3614
3611
3561
3560
3557
3532
3515
3500
3467
3419
3394
3373
3339
3336
3332
3293
3277
3264
3252
3236
3233
3216
3175
3158
3101
3053
3032
3018
2976
2953
2945
2883
2836
2794
2742
2732
2706
2694
2691
2675
2656
2655
2637
2613
2584
2581
2567
2559
2545
2529
2514
2508
2456
2451
2423
2369
2340
2319
2294
2291
2228
2221
2190
2184
2168
2162
2158
2141
2138
2112
2107
2106
2078
2037
2029
2027
2025
2012
2009
2004
1971
1960
1948
1946
1938
1921
1870
1834
1833
1828
1736
1726
1668
1658
1653
1581
1575
1570
1513
1500
1490
1474
1440
1407
1372
1365
1364
1342
1326
1261
1259
1232
1210
1205
1177
1112
1101
1093
1060
1042
1036
978
964
961
948
946
939
934
918
911
902
900
899
895
867
857
848
845
826
782
780
739
715
712
681
665
626
599
578
543
507
481
446
429
416
413
408
401
393
375
338
318
290
264
263
237
184
122
103
66
65
58
32
25
14
k
