1
14
29
52
69
84
86
131
143
146
149
151
172
191
209
223
270
304
320
335
342
343
346
364
365
406
408
410
416
427
482
507
527
530
539
595
631
638
647
692
728
757
781
825
868
893
906
917
921
927
928
934
935
945
950
955
959
973
988
1003
1007
1020
1098
1128
1234
1237
1241
1271
1272
1312
1346
1365
1387
1397
1403
1426
1433
1466
1475
1482
1491
1512
1522
1528
1531
1543
1549
1583
1590
1632
1688
1702
1708
1709
1713
1779
1781
1787
1791
1832
1834
1844
1876
1883
1893
1947
1957
1975
1992
2002
2022
2069
2093
2118
2119
2129
2194
2195
2197
2208
2217
2223
2316
2332
2335
2349
2383
2422
2426
2434
2442
2458
2479
2498
2500
2517
2531
2575
2601
2603
2684
2762
2766
2787
2791
2812
2825
2829
2883
2902
2910
2936
2946
2966
3002
3006
3015
3017
3019
3033
3055
3116
3125
3190
3211
3231
3234
3251
3254
3278
3291
3299
3329
3333
3359
3389
3403
3411
3481
3492
3498
3547
3575
3609
3659
3668
3684
3703
3707
3709
3790
3843
3855
3859
3873
3882
3889
3925
3942
3991
3938
3928
3921
3903
3902
3898
3875
3854
3851
3846
3841
3830
3814
3813
3812
3756
3743
3740
3731
3699
3692
3662
3647
3636
3606
3597
3542
3498
3490
3461
3424
3422
3404
3396
3337
3333
3331
3328
3317
3314
3302
3262
3235
3234
3149
3136
3117
3113
3087
3083
3066
3047
3015
3013
3012
2933
2901
2889
2863
2837
2829
2811
2773
2769
2753
2682
2650
2628
2627
2590
2583
2582
2547
2536
2535
2517
2497
2433
2408
2387
2362
2336
2329
2313
2303
2296
2291
2284
2280
2267
2236
2234
2213
2208
2156
2128
2121
2111
2089
2053
2025
2013
1997
1974
1954
1950
1913
1876
1794
1792
1780
1727
1719
1689
1657
1648
1610
1596
1593
1548
1532
1519
1485
1484
1459
1443
1441
1435
1413
1390
1350
1291
1242
1237
1205
1194
1146
1109
1083
1012
1004
997
990
984
982
937
884
876
829
732
725
699
673
661
657
655
639
633
612
609
573
533
526
525
516
515
487
452
417
401
394
381
366
358
341
314
288
284
266
241
239
140
111
102
98
97
96
94
90
85
80
67
59
42
34
25
23
13
5
1
k
