10
65
67
80
125
134
155
188
231
245
267
280
295
341
357
374
400
409
423
429
435
444
454
481
492
495
507
520
527
553
574
584
585
609
668
700
714
747
789
839
893
925
928
937
938
949
966
992
995
1002
1014
1017
1027
1032
1048
1085
1127
1142
1146
1172
1178
1198
1221
1229
1262
1271
1280
1311
1327
1353
1361
1369
1378
1423
1429
1454
1470
1504
1524
1561
1569
1583
1628
1685
1686
1689
1723
1761
1803
1832
1903
1931
1940
1980
2011
2039
2041
2051
2082
2087
2141
2149
2210
2240
2244
2245
2297
2317
2336
2339
2343
2348
2359
2368
2381
2416
2433
2437
2490
2491
2571
2591
2597
2609
2612
2623
2626
2627
2653
2656
2669
2679
2692
2704
2716
2718
2723
2728
2736
2774
2779
2821
2825
2827
2828
2853
2879
2895
2904
2923
2978
3062
3070
3079
3089
3113
3165
3276
3288
3348
3392
3403
3419
3420
3439
3440
3449
3477
3487
3491
3502
3530
3560
3638
3648
3655
3677
3716
3718
3777
3779
3804
3817
3822
3823
3835
3837
3840
3852
3863
3890
3894
3908
3915
3933
3995
4024
4042
4061
4114
4125
4128
4153
4182
4183
4207
4216
4270
4271
4286
4304
4308
4312
4318
4347
4356
4358
4360
4363
4365
4371
4372
4378
4379
4382
4385
4398
4408
4413
4425
4429
4466
4482
4528
4571
4574
4584
4602
4619
4653
4659
4668
4685
4699
4754
4788
4822
4828
4844
4855
4868
4870
4884
4901
4908
4914
4941
4959
4960
4964
4967
4989
4999
5002
5053
5139
5140
5152
5184
5187
5198
5205
5265
5272
5281
5300
5324
5339
5353
5372
5400
5408
5442
5447
5481
5522
5544
5557
5569
5596
5602
5613
5619
5624
5632
5636
5637
5668
5676
5677
5695
5720
5732
5766
5790
5791
5804
5824
5878
5968
6007
6053
6069
6085
6094
6095
6105
6129
6142
6197
6233
6258
6307
6329
6337
6372
6374
6376
6424
6454
6515
6522
6536
6565
6612
6620
6638
6649
6654
6685
6689
6691
6704
6720
6778
6789
6793
6818
6823
6936
6939
6946
6972
6982
7044
7092
7094
7117
7141
7147
7149
7162
7221
7262
7266
7297
7305
7312
7351
7360
7399
7464
7505
7517
7560
7605
7678
7738
7756
7783
7837
7838
7883
7913
7932
7961
8043
8052
8059
8070
8162
8184
8230
8242
8251
8272
8292
8336
8356
8359
8368
8371
8377
8449
8456
8464
8481
8504
8551
8556
8558
8581
8601
8610
8627
8636
8643
8655
8713
8727
8735
8739
8741
8766
8770
8787
8804
8810
8833
8846
8872
8906
8914
8948
8950
8954
8957
8982
9000
9057
9090
9119
9138
9142
9145
9146
9177
9199
9200
9216
9227
9231
9232
9244
9280
9284
9293
9296
9322
9327
9338
9340
9350
9353
9370
9393
9409
9457
9464
9486
9507
9521
9531
9535
9538
9547
9562
9580
9583
9592
9599
9668
9711
9738
9746
9753
9774
9839
9856
9861
9871
9884
9941
9975
9980
9981
9982
9987
9996
9997
9983
9974
9969
9968
9921
9903
9877
9846
9830
9776
9740
9693
9652
9649
9604
9571
9558
9552
9544
9506
9505
9500
9487
9435
9357
9354
9299
9263
9223
9182
9179
9098
9096
9079
9070
9056
9014
9004
9002
8995
8969
8938
8913
8844
8821
8813
8779
8764
8743
8698
8615
8609
8607
8605
8591
8563
8546
8524
8487
8485
8482
8461
8357
8345
8315
8302
8292
8275
8253
8249
8241
8238
8202
8109
8095
8084
8067
8028
8002
7997
7959
7923
7900
7836
7833
7793
7764
7756
7732
7705
7690
7679
7673
7642
7599
7580
7517
7507
7437
7380
7358
7350
7346
7311
7304
7303
7295
7261
7231
7224
7223
7221
7219
7211
7182
7180
7178
7118
7077
7052
7036
6998
6975
6962
6902
6880
6848
6838
6832
6799
6786
6776
6739
6727
6696
6688
6680
6671
6665
6647
6635
6609
6608
6607
6601
6572
6566
6551
6547
6528
6502
6475
6452
6396
6373
6372
6353
6347
6301
6222
6212
6179
6177
6167
6161
6149
6108
6095
6094
6076
6044
6029
6018
5984
5972
5957
5954
5930
5924
5921
5832
5822
5809
5795
5772
5771
5722
5685
5669
5656
5641
5638
5628
5618
5603
5591
5582
5552
5550
5522
5516
5501
5486
5483
5482
5445
5442
5438
5410
5405
5399
5336
5332
5326
5312
5291
5289
5264
5248
5245
5240
5235
5231
5192
5162
5131
5117
5097
5039
5018
5014
5009
5005
4991
4976
4970
4955
4930
4926
4925
4920
4863
4856
4846
4829
4792
4747
4739
4732
4708
4679
4677
4673
4666
4659
4626
4620
4618
4582
4577
4576
4570
4568
4563
4550
4532
4513
4507
4493
4482
4460
4421
4385
4383
4329
4295
4293
4286
4285
4284
4273
4264
4261
4248
4245
4239
4214
4208
4194
4179
4171
4166
4158
4111
4088
4078
4077
4076
4064
4026
3994
3992
3975
3966
3938
3926
3920
3903
3839
3838
3828
3816
3767
3766
3750
3714
3695
3679
3675
3638
3620
3606
3605
3546
3520
3503
3491
3435
3407
3400
3394
3344
3302
3294
3274
3272
3264
3256
3250
3232
3227
3208
3200
3191
3178
3156
3136
3127
3125
3113
3101
3070
3059
3052
3046
3038
3011
3007
2991
2980
2973
2949
2935
2866
2865
2859
2801
2780
2762
2740
2737
2705
2629
2621
2613
2576
2549
2543
2510
2509
2497
2495
2494
2468
2464
2454
2434
2415
2394
2378
2334
2318
2314
2286
2277
2249
2219
2209
2204
2203
2185
2145
2142
2086
2071
2038
2035
2025
1972
1966
1961
1888
1882
1831
1827
1821
1819
1788
1770
1762
1692
1685
1681
1674
1658
1654
1624
1607
1605
1604
1600
1506
1495
1475
1448
1406
1269
1251
1242
1237
1223
1186
1140
1134
1112
1103
1097
942
937
930
874
852
837
822
813
794
758
743
738
732
682
656
647
624
618
591
552
531
517
509
500
492
473
470
448
442
433
427
421
416
412
385
361
357
282
276
255
248
221
210
201
179
175
159
146
134
127
124
110
89
k
