1
2
31
47
108
131
138
165
209
237
326
328
352
428
447
474
495
508
533
550
555
583
602
610
627
650
654
657
715
751
763
828
853
889
892
894
930
937
983
984
988
1007
1009
1019
1040
1092
1121
1124
1128
1134
1147
1160
1178
1188
1210
1238
1262
1295
1316
1403
1437
1462
1463
1474
1485
1489
1502
1508
1527
1554
1572
1582
1591
1604
1631
1690
1707
1714
1739
1748
1791
1803
1830
1849
1855
1877
1941
1945
1953
1955
1965
1968
2017
2030
2034
2086
2094
2115
2129
2150
2153
2181
2201
2217
2225
2230
2260
2293
2298
2300
2309
2314
2324
2328
2352
2379
2385
2400
2406
2423
2461
2469
2474
2543
2608
2621
2637
2676
2690
2725
2735
2776
2799
2805
2817
2869
2870
2893
2900
2915
2994
2997
3050
3070
3095
3139
3191
3227
3238
3268
3283
3291
3307
3321
3370
3376
3385
3404
3430
3445
3476
3488
3499
3559
3561
3572
3611
3624
3679
3715
3749
3754
3760
3775
3776
3784
3785
3807
3845
3847
3857
3877
3881
3923
3925
3981
4071
4082
4103
4130
4141
4143
4146
4156
4163
4191
4209
4234
4240
4272
4285
4293
4366
4390
4409
4414
4418
4420
4424
4431
4447
4462
4479
4537
4545
4559
4579
4587
4595
4596
4618
4630
4653
4662
4677
4692
4756
4776
4829
4852
4893
4910
4918
4932
4984
5005
5030
5044
5054
5057
5073
5113
5124
5132
5137
5143
5148
5160
5194
5224
5225
5230
5297
5314
5323
5339
5350
5379
5394
5430
5450
5507
5517
5526
5539
5574
5587
5639
5643
5656
5665
5678
5721
5762
5776
5806
5833
5872
5873
5990
6006
6007
6035
6038
6041
6066
6166
6167
6188
6218
6223
6249
6263
6290
6298
6315
6324
6333
6357
6375
6406
6427
6456
6457
6475
6477
6481
6515
6517
6535
6559
6578
6598
6628
6660
6681
6682
6685
6686
6702
6716
6725
6734
6779
6793
6846
6946
6949
6959
6977
6991
7009
7049
7072
7074
7104
7161
7163
7165
7180
7199
7210
7289
7305
7310
7320
7335
7346
7371
7427
7431
7439
7450
7453
7459
7464
7510
7528
7531
7549
7558
7579
7643
7655
7680
7724
7762
7764
7856
7883
7911
7919
7921
7941
7949
7961
7999
8004
8041
8050
8062
8075
8088
8100
8107
8177
8186
8239
8259
8264
8280
8299
8322
8326
8344
8348
8378
8381
8397
8399
8411
8422
8437
8455
8459
8484
8494
8499
8502
8510
8516
8521
8557
8586
8587
8630
8640
8676
8703
8711
8712
8723
8727
8732
8751
8810
8820
8841
8860
8862
8876
8880
8897
8946
8973
9020
9023
9050
9110
9178
9208
9209
9234
9258
9294
9310
9312
9322
9327
9358
9382
9426
9439
9451
9474
9477
9495
9524
9542
9582
9602
9604
9616
9618
9624
9631
9657
9661
9680
9681
9703
9707
9716
9718
9770
9799
9802
9809
9830
9879
9883
9895
9901
9916
9924
9925
9928
9938
9951
9965
9976
9987
9996
10010
10035
10036
10054
10066
10077
10086
10105
10121
10141
10154
10173
10178
10187
10220
10223
10242
10265
10277
10325
10329
10355
10366
10372
10378
10434
10441
10484
10492
10532
10548
10554
10577
10587
10599
10731
10737
10747
10749
10779
10786
10800
10817
10834
10842
10844
10851
10862
10868
10901
10905
10946
10947
10951
10985
11041
11045
11056
11092
11094
11113
11241
11247
11262
11353
11356
11380
11435
11450
11468
11485
11486
11507
11531
11564
11590
11594
11610
11617
11640
11682
11687
11704
11744
11769
11821
11872
11873
11887
11929
11933
11960
11978
12031
12052
12073
12076
12095
12141
12155
12180
12191
12217
12218
12235
12236
12244
12260
12262
12269
12294
12307
12308
12343
12363
12379
12391
12395
12407
12417
12449
12450
12489
12520
12541
12564
12577
12611
12637
12638
12647
12684
12708
12712
12713
12714
12732
12785
12790
12792
12814
12824
12830
12840
12877
12915
12979
12989
12992
12993
13005
13008
13033
13047
13049
13063
13083
13086
13101
13109
13124
13128
13144
13179
13180
13217
13283
13296
13318
13321
13338
13394
13481
13494
13502
13505
13556
13598
13603
13606
13627
13669
13697
13699
13757
13778
13783
13790
13824
13835
13841
13848
13851
13857
13907
13916
13943
13959
13965
13980
13985
14034
14041
14049
14067
14084
14113
14129
14143
14148
14181
14205
14263
14296
14306
14334
14353
14388
14395
14406
14429
14448
14472
14493
14498
14511
14548
14579
14596
14601
14624
14639
14677
14685
14702
14719
14727
14743
14745
14748
14812
14816
14831
14834
14853
14895
14896
14912
14927
14939
14952
14958
14964
14984
15057
15079
15138
15150
15155
15163
15175
15257
15281
15322
15324
15339
15352
15356
15379
15387
15423
15471
15476
15477
15488
15533
15569
15581
15582
15593
15598
15603
15629
15698
15720
15722
15727
15815
15817
15848
15913
15928
15937
15939
15975
15987
15996
16011
16031
16044
16052
16075
16082
16115
16125
16126
16152
16165
16198
16215
16227
16242
16310
16322
16337
16403
16418
16431
16438
16447
16476
16507
16511
16565
16569
16575
16579
16635
16646
16658
16665
16669
16675
16687
16700
16702
16715
16722
16751
16783
16799
16802
16837
16886
16921
16947
16968
17001
17015
17027
17046
17051
17086
17092
17100
17106
17121
17137
17181
17217
17258
17282
17307
17315
17345
17353
17357
17392
17467
17468
17489
17537
17542
17557
17560
17599
17605
17647
17659
17663
17685
17712
17715
17720
17736
17738
17745
17782
17783
17802
17806
17826
17833
17839
17849
17878
17883
17898
17900
17944
17947
17986
18029
18045
18055
18111
18115
18124
18128
18146
18188
18193
18197
18241
18246
18252
18266
18308
18311
18317
18329
18374
18376
18429
18432
18495
18509
18525
18543
18559
18560
18564
18588
18603
18610
18616
18621
18623
18625
18635
18642
18664
18667
18707
18724
18735
18751
18765
18778
18812
18835
18867
18887
18897
18916
18918
18953
18955
18962
18972
18976
19002
19026
19041
19045
19052
19081
19116
19120
19121
19139
19153
19174
19179
19199
19206
19226
19228
19234
19278
19280
19301
19318
19347
19366
19385
19419
19479
19529
19563
19566
19585
19597
19598
19601
19606
19631
19636
19647
19658
19674
19686
19700
19731
19762
19775
19793
19823
19845
19856
19863
19883
19885
19899
19901
19908
19919
19927
19934
19939
19948
19953
19955
20041
20052
20079
20101
20105
20122
20209
20222
20244
20251
20265
20293
20294
20318
20327
20339
20353
20369
20381
20384
20387
20428
20467
20490
20542
20549
20560
20581
20596
20650
20656
20669
20683
20721
20722
20762
20770
20787
20822
20831
20852
20855
20873
20888
20908
20927
20929
20950
20987
21037
21085
21097
21107
21111
21115
21117
21124
21132
21154
21170
21189
21211
21245
21246
21301
21365
21375
21376
21425
21446
21448
21461
21507
21542
21580
21584
21631
21644
21665
21695
21699
21725
21728
21772
21828
21829
21840
21845
21850
21873
21907
21919
21924
21958
21986
21997
22057
22086
22091
22105
22107
22152
22154
22222
22235
22240
22264
22291
22293
22319
22320
22331
22375
22383
22384
22406
22467
22474
22481
22484
22494
22510
22600
22605
22656
22657
22661
22664
22671
22678
22700
22703
22768
22769
22792
22793
22797
22822
22828
22846
22853
22889
22910
22913
22920
22921
22957
22971
22985
22991
23028
23041
23044
23065
23099
23110
23129
23156
23183
23213
23226
23241
23267
23276
23302
23351
23355
23363
23377
23386
23394
23396
23438
23439
23445
23448
23449
23455
23512
23525
23552
23556
23560
23561
23598
23609
23649
23660
23684
23712
23719
23725
23749
23750
23773
23796
23810
23824
23835
23848
23850
23866
23880
23883
23921
23927
23946
23947
23948
23950
23970
23988
23993
24002
24028
24045
24065
24077
24119
24122
24165
24215
24224
24231
24237
24242
24244
24259
24269
24276
24281
24314
24349
24381
24404
24409
24415
24427
24434
24528
24540
24564
24571
24637
24638
24663
24682
24688
24712
24804
24807
24811
24824
24830
24851
24862
24868
24916
24925
24955
24976
25017
25026
25038
25044
25054
25068
25076
25091
25094
25154
25174
25176
25184
25215
25279
25304
25320
25340
25342
25384
25390
25397
25446
25500
25592
25596
25629
25703
25721
25749
25867
25877
25885
25924
25936
25939
25951
25969
26005
26017
26036
26063
26071
26087
26095
26102
26123
26158
26161
26162
26174
26207
26217
26237
26254
26271
26272
26287
26294
26318
26319
26322
26327
26345
26348
26370
26423
26429
26430
26451
26457
26475
26476
26491
26501
26523
26526
26550
26566
26611
26612
26619
26627
26629
26644
26650
26657
26671
26715
26760
26771
26774
26804
26805
26813
26817
26836
26884
26903
26923
26931
26946
26965
27010
27068
27077
27129
27158
27194
27210
27237
27285
27306
27329
27335
27336
27344
27352
27366
27381
27425
27426
27438
27445
27479
27505
27531
27546
27554
27585
27588
27594
27613
27638
27653
27672
27680
27682
27699
27702
27717
27726
27743
27792
27825
27838
27845
27850
27889
27928
27929
27968
28029
28042
28054
28062
28066
28092
28101
28110
28143
28146
28176
28181
28188
28204
28220
28235
28249
28252
28254
28264
28293
28313
28331
28343
28375
28428
28431
28450
28455
28464
28467
28475
28498
28501
28520
28529
28532
28534
28544
28592
28644
28651
28652
28656
28674
28676
28679
28700
28709
28715
28762
28767
28794
28829
28853
28885
28896
28898
28925
28936
28962
28993
29001
29041
29043
29087
29095
29097
29137
29146
29148
29166
29189
29293
29296
29312
29354
29367
29382
29392
29396
29461
29488
29535
29603
29707
29718
29747
29761
29821
29844
29889
29898
29899
29959
29979
29993
30023
30025
30040
30087
30121
30130
30152
30167
30179
30183
30185
30201
30225
30232
30256
30263
30277
30297
30348
30369
30376
30377
30427
30443
30459
30468
30472
30481
30488
30492
30497
30523
30559
30576
30600
30621
30683
30700
30704
30710
30721
30727
30748
30760
30762
30787
30853
30863
30891
30899
30977
31014
31049
31054
31067
31070
31084
31088
31104
31112
31133
31144
31147
31148
31149
31230
31248
31271
31306
31353
31359
31450
31465
31474
31522
31549
31555
31580
31589
31603
31629
31698
31709
31726
31727
31790
31835
31840
31897
31906
31912
31932
31951
31987
32024
32102
32120
32206
32222
32223
32255
32257
32274
32286
32314
32354
32359
32361
32406
32435
32445
32453
32527
32530
32550
32552
32555
32660
32664
32670
32674
32676
32683
32711
32725
32745
32800
32802
32813
32849
32878
32901
32906
32917
32969
32977
32984
33067
33088
33091
33104
33109
33131
33142
33207
33215
33220
33223
33228
33267
33352
33380
33389
33390
33431
33489
33520
33528
33542
33565
33582
33647
33665
33668
33771
33772
33807
33824
33840
33842
33855
33899
33922
33995
34004
34010
34027
34040
34044
34052
34064
34071
34093
34098
34139
34165
34182
34202
34247
34254
34288
34293
34304
34305
34325
34326
34331
34409
34419
34421
34470
34536
34538
34546
34575
34577
34586
34588
34629
34632
34634
34641
34740
34744
34750
34759
34766
34873
34883
34894
34904
34937
34939
35010
35011
35052
35065
35075
35082
35092
35106
35155
35198
35210
35257
35262
35285
35300
35336
35362
35407
35440
35445
35466
35492
35493
35505
35509
35511
35528
35529
35532
35535
35537
35547
35548
35549
35566
35617
35629
35636
35641
35647
35687
35706
35717
35723
35747
35753
35774
35799
35813
35839
35851
35882
35925
35969
35988
35998
36011
36032
36064
36129
36142
36190
36196
36231
36232
36245
36251
36256
36265
36291
36298
36448
36455
36465
36485
36505
36512
36545
36617
36621
36626
36637
36663
36695
36706
36717
36752
36786
36797
36803
36826
36831
36842
36846
36847
36870
36907
36931
36948
36956
36958
36965
36977
37071
37082
37109
37147
37158
37178
37193
37207
37228
37235
37244
37250
37277
37291
37298
37299
37309
37312
37327
37338
37366
37368
37380
37390
37412
37420
37460
37584
37630
37644
37654
37670
37693
37702
37717
37727
37767
37782
37820
37831
37863
37875
37892
37894
37896
37917
37918
37926
37985
38002
38048
38094
38098
38135
38166
38167
38180
38182
38187
38241
38257
38264
38286
38304
38334
38342
38357
38404
38419
38433
38494
38501
38512
38525
38536
38537
38539
38577
38585
38605
38639
38655
38672
38685
38687
38700
38728
38730
38732
38774
38822
38843
38874
38880
38916
38922
38925
38967
38969
38980
38988
38993
39007
39013
39037
39073
39085
39105
39129
39169
39199
39231
39256
39257
39279
39291
39293
39301
39306
39311
39312
39335
39342
39371
39373
39412
39430
39465
39532
39550
39563
39567
39605
39648
39649
39654
39688
39694
39701
39709
39730
39737
39777
39854
39864
39957
39986
40002
40003
40017
40022
40031
40042
40050
40068
40108
40110
40116
40117
40127
40141
40213
40251
40258
40271
40286
40300
40366
40386
40387
40402
40406
40409
40425
40431
40464
40498
40509
40534
40555
40558
40572
40578
40587
40621
40635
40694
40696
40720
40727
40747
40760
40764
40777
40836
40866
40889
40911
40920
40941
40945
40947
40962
41011
41019
41076
41093
41118
41127
41149
41150
41181
41224
41255
41256
41295
41317
41361
41380
41395
41422
41432
41433
41443
41471
41491
41494
41568
41591
41627
41643
41660
41686
41700
41705
41728
41733
41746
41749
41775
41788
41819
41876
41885
41901
41905
41934
41936
41962
41976
41984
41989
41993
42027
42067
42073
42102
42128
42140
42203
42229
42231
42235
42248
42270
42294
42357
42376
42379
42386
42392
42400
42417
42427
42457
42478
42513
42514
42529
42536
42543
42545
42576
42580
42591
42693
42719
42746
42774
42776
42781
42838
42871
42897
42958
42967
42972
42999
43005
43015
43045
43061
43062
43098
43133
43167
43225
43230
43274
43288
43301
43322
43337
43339
43364
43384
43418
43432
43438
43440
43466
43469
43501
43508
43528
43584
43587
43597
43614
43659
43684
43693
43719
43737
43746
43792
43824
43829
43853
43861
43891
44001
44033
44034
44051
44057
44063
44084
44093
44097
44099
44173
44205
44238
44243
44256
44265
44274
44304
44337
44352
44354
44360
44362
44387
44388
44392
44400
44404
44417
44419
44425
44537
44574
44622
44639
44644
44651
44652
44654
44660
44696
44729
44736
44787
44790
44814
44822
44823
44878
44884
44887
44902
44923
44930
44937
44949
44974
44990
45002
45004
45010
45036
45045
45054
45060
45094
45111
45159
45181
45191
45192
45235
45262
45302
45306
45338
45355
45385
45414
45420
45425
45439
45440
45463
45493
45501
45520
45534
45577
45586
45606
45612
45634
45639
45642
45691
45695
45707
45729
45767
45807
45821
45838
45870
45913
45928
45968
45973
45986
45989
46000
46010
46017
46087
46093
46102
46108
46112
46117
46139
46164
46172
46188
46212
46215
46258
46346
46349
46358
46365
46370
46397
46403
46409
46420
46428
46459
46463
46479
46480
46481
46527
46652
46719
46727
46730
46758
46765
46773
46781
46794
46800
46826
46837
46854
46862
46875
46908
46921
46948
46971
47013
47019
47030
47055
47060
47070
47076
47112
47162
47164
47170
47233
47254
47269
47291
47309
47374
47388
47395
47414
47479
47492
47524
47535
47572
47593
47672
47687
47742
47780
47914
47915
47962
47987
48001
48005
48010
48029
48031
48057
48069
48101
48139
48158
48193
48202
48228
48257
48274
48295
48297
48308
48312
48355
48369
48376
48419
48422
48455
48487
48525
48527
48597
48602
48626
48629
48638
48689
48705
48717
48744
48746
48756
48804
48807
48817
48853
48863
48876
48920
48923
48943
48946
48951
48958
48961
48962
48989
49026
49078
49088
49128
49152
49162
49187
49211
49232
49276
49286
49297
49320
49328
49360
49397
49400
49423
49483
49510
49514
49555
49633
49637
49644
49662
49698
49714
49724
49726
49728
49732
49743
49745
49754
49760
49762
49769
49781
49783
49793
49843
49864
49882
49892
49930
49961
49968
49981
49992
50006
50041
50083
50093
50121
50132
50139
50182
50231
50245
50314
50350
50360
50381
50470
50501
50540
50555
50561
50575
50619
50624
50649
50660
50664
50689
50696
50713
50721
50742
50743
50761
50791
50902
50909
50940
50950
50951
50980
51002
51021
51039
51090
51103
51154
51166
51204
51212
51256
51284
51288
51307
51337
51365
51398
51405
51420
51439
51452
51470
51480
51601
51612
51618
51643
51652
51701
51743
51772
51787
51791
51799
51827
51832
51851
51871
51880
51904
51917
51924
51933
51936
51942
51944
51972
51981
52013
52018
52085
52087
52104
52122
52138
52158
52174
52200
52226
52233
52245
52251
52301
52318
52331
52346
52365
52405
52436
52452
52501
52547
52560
52613
52632
52652
52692
52726
52739
52760
52806
52814
52894
52943
52950
52966
53008
53047
53058
53075
53084
53088
53099
53134
53140
53145
53162
53219
53231
53255
53266
53291
53320
53337
53368
53389
53401
53408
53429
53443
53452
53458
53467
53481
53488
53493
53511
53528
53554
53581
53589
53593
53606
53624
53659
53662
53665
53677
53711
53737
53744
53751
53753
53756
53765
53771
53777
53786
53818
53821
53823
53837
53844
53847
53868
53884
53887
53906
53911
53919
53955
54029
54040
54085
54095
54119
54144
54224
54270
54272
54283
54285
54305
54345
54359
54364
54378
54388
54411
54420
54421
54442
54456
54478
54522
54526
54548
54556
54572
54614
54636
54662
54664
54665
54718
54764
54783
54785
54824
54828
54839
54858
54899
54954
54957
54978
55024
55026
55051
55070
55090
55162
55186
55194
55224
55234
55244
55305
55316
55320
55335
55343
55401
55409
55411
55428
55431
55438
55487
55497
55529
55583
55596
55624
55625
55643
55655
55659
55661
55667
55704
55705
55738
55749
55769
55787
55824
55828
55857
55885
55936
55948
55995
55998
56013
56027
56032
56048
56075
56081
56082
56093
56105
56125
56127
56146
56174
56211
56223
56343
56355
56360
56397
56422
56454
56464
56474
56519
56520
56568
56569
56623
56643
56688
56692
56712
56768
56781
56794
56806
56812
56821
56847
56863
56869
56870
56893
56911
56913
56921
56939
56945
56950
56953
56964
56980
57003
57005
57037
57056
57074
57075
57099
57154
57173
57195
57198
57236
57237
57258
57261
57335
57340
57374
57402
57403
57417
57425
57428
57441
57443
57444
57465
57471
57494
57506
57517
57543
57547
57559
57586
57595
57645
57699
57712
57731
57775
57825
57837
57928
57933
57950
57967
57984
57996
58006
58061
58078
58089
58103
58105
58125
58162
58164
58173
58175
58194
58217
58225
58238
58249
58253
58259
58275
58292
58319
58359
58361
58373
58391
58392
58400
58445
58457
58471
58473
58475
58476
58481
58494
58523
58525
58538
58540
58571
58586
58591
58606
58669
58677
58681
58687
58689
58705
58744
58779
58780
58792
58798
58813
58828
58847
58872
58887
58898
58923
58962
58973
59003
59004
59013
59028
59043
59091
59109
59142
59145
59152
59163
59169
59181
59209
59235
59242
59250
59251
59256
59266
59302
59341
59350
59385
59387
59401
59408
59420
59431
59449
59451
59481
59492
59511
59517
59525
59530
59639
59642
59644
59719
59721
59749
59767
59770
59796
59813
59824
59848
59851
59857
59868
59874
59912
59970
59979
60044
60045
60062
60086
60103
60130
60142
60170
60172
60205
60210
60214
60224
60248
60284
60290
60322
60362
60368
60384
60402
60404
60470
60473
60498
60516
60519
60520
60538
60550
60616
60677
60683
60688
60711
60713
60783
60801
60808
60822
60848
60929
60939
60943
60983
61001
61073
61086
61095
61097
61105
61130
61133
61140
61182
61195
61197
61227
61235
61259
61290
61317
61335
61356
61393
61396
61401
61407
61411
61416
61421
61427
61428
61445
61471
61472
61490
61501
61515
61522
61528
61532
61535
61581
61584
61604
61631
61633
61650
61672
61673
61681
61730
61738
61756
61814
61815
61830
61854
61866
61886
61894
61910
61924
61925
61930
61933
61936
61989
61992
61998
62002
62017
62020
62028
62033
62041
62065
62077
62119
62156
62159
62166
62169
62202
62216
62256
62286
62287
62320
62347
62360
62452
62464
62518
62529
62581
62600
62613
62619
62621
62690
62691
62725
62726
62741
62743
62783
62844
62894
62898
62902
62918
62953
62986
63037
63041
63042
63053
63084
63162
63169
63174
63188
63220
63232
63235
63250
63254
63280
63362
63363
63405
63427
63459
63515
63523
63539
63646
63648
63683
63737
63743
63780
63788
63795
63802
63828
63835
63874
63887
63888
63945
63961
63962
64004
64005
64008
64013
64031
64043
64044
64061
64074
64079
64081
64087
64102
64117
64118
64147
64151
64164
64172
64202
64203
64245
64247
64263
64273
64274
64302
64310
64361
64400
64408
64420
64433
64438
64458
64471
64488
64513
64524
64546
64569
64571
64582
64608
64640
64674
64712
64716
64720
64745
64764
64810
64812
64820
64856
64871
64893
64904
64909
64925
64940
64980
64992
65045
65065
65087
65115
65173
65190
65196
65204
65234
65264
65347
65349
65398
65399
65400
65423
65431
65435
65445
65479
65481
65493
65533
65591
65596
65602
65605
65620
65632
65666
65667
65705
65715
65758
65779
65820
65842
65857
65865
65909
65939
65942
65975
65986
66027
66034
66050
66051
66065
66076
66103
66126
66152
66161
66171
66183
66200
66202
66216
66232
66236
66257
66264
66291
66305
66316
66343
66353
66390
66424
66447
66464
66473
66558
66602
66613
66624
66634
66661
66666
66669
66683
66741
66753
66774
66785
66792
66820
66824
66833
66845
66851
66859
66909
66916
66919
66923
66943
66950
66959
66983
67002
67007
67018
67028
67040
67112
67115
67129
67134
67135
67171
67213
67228
67233
67258
67268
67270
67274
67342
67388
67404
67418
67432
67474
67493
67507
67536
67568
67569
67592
67616
67622
67623
67642
67653
67699
67724
67750
67761
67784
67785
67801
67832
67834
67850
67870
67876
67909
67931
67940
67945
67985
67992
67998
68037
68044
68057
68061
68063
68084
68092
68113
68132
68143
68175
68180
68209
68227
68242
68274
68336
68464
68485
68492
68502
68504
68531
68545
68546
68556
68584
68595
68598
68599
68628
68655
68656
68658
68659
68662
68670
68688
68726
68729
68746
68759
68786
68802
68842
68847
68885
68935
68947
68950
68981
68987
69003
69008
69009
69010
69019
69033
69039
69056
69104
69124
69146
69168
69174
69178
69193
69234
69239
69248
69269
69270
69354
69400
69418
69429
69431
69462
69463
69465
69506
69510
69512
69517
69561
69562
69587
69689
69696
69703
69747
69755
69773
69779
69787
69793
69798
69815
69850
69860
69866
69906
69930
69936
69946
69954
69958
69965
69990
70013
70023
70027
70052
70069
70093
70101
70117
70160
70172
70192
70274
70296
70313
70345
70367
70382
70393
70409
70417
70490
70492
70504
70508
70518
70530
70533
70538
70544
70585
70618
70626
70643
70663
70697
70718
70734
70735
70736
70766
70783
70800
70820
70833
70848
70937
70963
70975
70982
70983
70991
70997
71028
71089
71092
71103
71131
71138
71145
71169
71170
71200
71232
71245
71290
71306
71314
71321
71330
71426
71464
71556
71578
71624
71656
71677
71691
71758
71764
71784
71787
71809
71815
71820
71892
71938
71947
71948
71954
71978
72006
72021
72028
72037
72112
72139
72159
72166
72191
72213
72216
72221
72228
72229
72249
72252
72258
72269
72282
72290
72341
72358
72363
72377
72400
72408
72422
72430
72443
72475
72515
72566
72574
72584
72594
72602
72656
72674
72676
72720
72741
72762
72764
72765
72782
72796
72852
72904
72912
72915
72917
72960
72963
72965
72980
73004
73006
73027
73096
73133
73139
73163
73168
73212
73219
73286
73311
73346
73355
73386
73390
73393
73395
73422
73425
73444
73453
73511
73558
73567
73630
73655
73669
73704
73708
73733
73751
73767
73783
73872
73884
73911
73920
73923
73927
73946
73947
73962
73984
73987
73996
74091
74099
74126
74133
74140
74152
74161
74213
74214
74233
74282
74291
74299
74300
74314
74359
74374
74414
74426
74434
74439
74446
74494
74512
74549
74570
74573
74580
74584
74604
74664
74673
74674
74694
74722
74747
74753
74776
74785
74828
74830
74876
74889
74922
74923
74937
74948
74956
75005
75006
75059
75071
75092
75099
75125
75163
75213
75258
75278
75280
75286
75299
75316
75363
75391
75400
75486
75500
75537
75556
75572
75576
75609
75611
75624
75671
75680
75723
75772
75792
75831
75862
75897
75902
75911
75922
75934
75940
76001
76018
76023
76045
76048
76050
76082
76119
76147
76156
76158
76167
76224
76250
76276
76326
76339
76387
76473
76509
76534
76554
76565
76569
76573
76586
76590
76597
76656
76680
76688
76690
76702
76717
76721
76756
76807
76810
76827
76833
76893
76904
76917
76931
76946
76981
76987
77049
77074
77082
77105
77114
77117
77128
77138
77140
77162
77195
77198
77201
77209
77231
77252
77256
77279
77283
77314
77320
77340
77388
77391
77401
77424
77435
77439
77444
77465
77663
77693
77712
77731
77797
77824
77830
77836
77844
77848
77869
77912
77930
77931
77986
77987
77999
78041
78058
78127
78147
78151
78176
78182
78200
78215
78222
78233
78234
78248
78294
78297
78298
78348
78356
78399
78409
78425
78433
78435
78448
78458
78476
78499
78509
78550
78586
78612
78616
78639
78647
78648
78651
78685
78783
78798
78801
78810
78811
78853
78891
78940
78974
79004
79029
79033
79040
79041
79044
79046
79071
79133
79140
79150
79151
79153
79209
79211
79212
79226
79227
79231
79232
79268
79282
79284
79307
79322
79333
79342
79363
79379
79398
79458
79459
79462
79470
79486
79493
79523
79553
79583
79584
79598
79600
79649
79674
79691
79696
79722
79725
79726
79755
79761
79773
79819
79824
79901
79911
79955
79960
79964
80003
80017
80036
80045
80047
80063
80067
80095
80109
80125
80149
80176
80180
80181
80196
80204
80209
80236
80269
80286
80320
80334
80377
80400
80420
80434
80442
80462
80465
80481
80488
80524
80601
80621
80623
80645
80663
80665
80674
80703
80713
80795
80818
80837
80840
80867
80876
80892
80901
80908
80912
80947
80954
80957
80966
80994
81012
81022
81036
81044
81062
81109
81153
81155
81167
81184
81187
81200
81211
81232
81251
81285
81314
81315
81355
81364
81377
81386
81422
81440
81497
81505
81515
81523
81524
81569
81586
81587
81636
81645
81704
81749
81799
81835
81851
81911
81929
81930
81933
81972
81977
81980
81990
82061
82138
82177
82188
82206
82209
82220
82225
82287
82338
82343
82366
82391
82408
82445
82493
82509
82516
82533
82536
82543
82548
82558
82628
82634
82665
82685
82687
82699
82728
82757
82800
82813
82822
82849
82860
82903
82913
82928
82952
83010
83013
83044
83045
83057
83076
83102
83103
83112
83179
83196
83223
83224
83236
83314
83318
83385
83389
83426
83428
83480
83493
83501
83515
83525
83543
83554
83624
83642
83658
83663
83664
83686
83696
83760
83769
83775
83776
83785
83808
83836
83856
83932
83947
83980
84001
84003
84013
84031
84041
84049
84052
84065
84079
84088
84089
84123
84161
84164
84198
84201
84216
84256
84271
84324
84359
84374
84386
84409
84461
84486
84501
84532
84534
84556
84599
84612
84626
84643
84658
84685
84693
84761
84764
84772
84773
84807
84829
84864
84895
84907
84913
84926
84944
84976
85006
85017
85025
85029
85046
85093
85099
85167
85225
85230
85249
85250
85254
85262
85267
85292
85311
85326
85340
85343
85349
85363
85370
85387
85389
85401
85409
85458
85462
85472
85487
85491
85511
85516
85539
85542
85570
85571
85604
85705
85716
85771
85782
85818
85830
85878
85920
85946
85962
85992
86000
86006
86028
86029
86063
86089
86092
86103
86121
86132
86175
86200
86205
86242
86249
86251
86291
86309
86343
86358
86360
86370
86373
86394
86398
86402
86404
86418
86443
86478
86484
86528
86550
86562
86580
86583
86610
86617
86668
86674
86752
86753
86759
86763
86798
86810
86845
86882
86906
86934
86942
86954
86966
86979
87003
87020
87040
87046
87052
87075
87095
87114
87143
87156
87168
87172
87197
87222
87237
87239
87246
87254
87268
87280
87281
87310
87313
87434
87453
87537
87545
87551
87560
87567
87578
87587
87605
87643
87693
87720
87764
87771
87773
87774
87814
87819
87851
87880
87913
87920
87927
87986
87988
87993
88001
88017
88020
88025
88035
88038
88071
88072
88084
88103
88120
88159
88171
88186
88190
88207
88260
88282
88283
88292
88295
88298
88323
88336
88368
88382
88388
88390
88449
88482
88490
88505
88513
88523
88530
88542
88550
88554
88576
88598
88609
88611
88664
88707
88717
88746
88754
88762
88767
88798
88812
88835
88879
88895
88935
88952
88979
88999
89030
89033
89036
89050
89089
89103
89120
89147
89151
89153
89179
89183
89218
89261
89266
89327
89345
89399
89402
89418
89436
89449
89477
89492
89497
89499
89526
89533
89538
89600
89629
89675
89690
89701
89706
89715
89730
89765
89801
89823
89892
89924
89980
90021
90065
90073
90096
90115
90123
90145
90156
90240
90267
90279
90283
90285
90300
90356
90367
90393
90395
90428
90437
90457
90462
90464
90484
90497
90514
90547
90570
90611
90637
90645
90689
90721
90731
90734
90746
90776
90780
90789
90797
90804
90810
90817
90823
90852
90868
90877
90925
90950
90981
91020
91046
91066
91068
91081
91116
91150
91152
91200
91233
91240
91287
91289
91305
91324
91344
91368
91388
91401
91416
91436
91453
91483
91496
91498
91516
91518
91520
91525
91538
91554
91582
91584
91621
91632
91647
91699
91718
91724
91737
91798
91804
91850
91851
91852
91865
91908
91911
91938
91952
91953
91954
91979
91985
92021
92037
92042
92045
92079
92096
92120
92123
92125
92162
92189
92228
92231
92269
92302
92325
92376
92401
92404
92414
92470
92494
92503
92504
92510
92515
92546
92583
92606
92619
92647
92657
92704
92752
92758
92770
92797
92802
92860
92878
92946
92968
92969
92985
92987
93004
93012
93031
93068
93071
93122
93133
93135
93144
93150
93159
93188
93202
93213
93216
93243
93304
93318
93326
93343
93358
93400
93426
93431
93493
93516
93517
93547
93550
93557
93565
93644
93665
93671
93692
93717
93722
93763
93765
93771
93773
93780
93813
93825
93835
93837
93858
93864
93875
93879
93893
93919
93922
93929
93950
93968
93971
94021
94032
94052
94053
94071
94079
94096
94110
94120
94124
94172
94191
94192
94200
94213
94219
94226
94234
94255
94300
94310
94318
94368
94382
94421
94446
94450
94471
94486
94494
94512
94525
94532
94533
94571
94597
94621
94624
94653
94665
94690
94755
94784
94878
94881
94892
94894
94898
94909
94910
94927
94932
94935
94960
94981
95011
95057
95096
95132
95133
95142
95168
95204
95225
95228
95246
95295
95298
95338
95379
95392
95415
95422
95423
95426
95464
95467
95489
95590
95592
95611
95629
95630
95650
95680
95689
95716
95722
95734
95751
95766
95786
95787
95818
95819
95842
95843
95847
95874
95896
95898
95900
95935
95966
95980
96001
96002
96014
96034
96064
96071
96072
96085
96107
96108
96119
96140
96220
96242
96258
96281
96287
96318
96348
96370
96385
96386
96392
96420
96427
96435
96509
96527
96555
96559
96573
96648
96666
96690
96701
96718
96734
96745
96781
96822
96835
96841
96850
96861
96894
96962
96978
97013
97094
97096
97098
97140
97152
97176
97202
97214
97227
97228
97248
97249
97271
97287
97293
97304
97310
97357
97360
97376
97387
97392
97423
97425
97426
97432
97448
97449
97461
97466
97495
97500
97533
97583
97586
97600
97608
97612
97633
97650
97653
97657
97754
97771
97816
97839
97845
97863
97870
97877
97889
97895
97896
97897
97913
98009
98015
98035
98041
98044
98085
98089
98090
98117
98143
98145
98159
98194
98230
98286
98295
98314
98350
98373
98374
98384
98387
98394
98409
98411
98422
98475
98476
98538
98564
98579
98590
98610
98617
98621
98631
98654
98688
98742
98773
98781
98786
98855
98867
98916
98937
98971
99056
99095
99112
99130
99131
99136
99147
99159
99163
99166
99181
99190
99195
99199
99210
99256
99257
99259
99266
99280
99339
99351
99357
99373
99376
99383
99410
99442
99446
99466
99489
99490
99520
99592
99593
99599
99617
99619
99622
99623
99662
99665
99671
99681
99693
99713
99722
99723
99742
99749
99853
99874
99988
99968
99953
99952
99944
99907
99879
99876
99859
99845
99834
99825
99823
99820
99809
99807
99721
99700
99672
99635
99631
99624
99615
99603
99597
99542
99527
99489
99467
99465
99460
99443
99405
99403
99386
99380
99359
99342
99308
99296
99285
99275
99262
99246
99242
99216
99204
99179
99162
99138
99107
99103
99102
98996
98991
98989
98973
98902
98889
98871
98835
98830
98827
98823
98800
98794
98791
98769
98723
98718
98679
98668
98656
98651
98647
98638
98568
98537
98532
98517
98510
98475
98452
98428
98414
98389
98371
98364
98361
98313
98309
98306
98299
98283
98273
98268
98228
98214
98203
98170
98168
98163
98154
98121
98116
98105
98097
98074
98047
98019
97982
97968
97939
97919
97884
97799
97755
97735
97722
97718
97700
97667
97663
97619
97611
97593
97589
97585
97537
97515
97492
97476
97473
97470
97463
97431
97416
97412
97406
97382
97374
97353
97348
97343
97306
97293
97263
97250
97225
97206
97178
97149
97146
97066
97063
97016
97008
96974
96958
96944
96936
96931
96906
96892
96885
96884
96866
96847
96845
96797
96724
96671
96667
96659
96650
96644
96608
96581
96565
96526
96523
96515
96504
96501
96453
96450
96430
96401
96386
96380
96362
96360
96344
96337
96336
96327
96323
96321
96301
96272
96269
96257
96253
96223
96218
96202
96191
96169
96161
96149
96134
96129
96121
96097
96035
96031
96029
96015
95991
95964
95944
95941
95937
95927
95919
95894
95893
95890
95884
95879
95876
95872
95837
95823
95807
95795
95776
95772
95765
95730
95729
95712
95711
95700
95698
95685
95648
95637
95636
95622
95573
95571
95565
95543
95520
95492
95489
95477
95468
95456
95446
95384
95345
95334
95302
95279
95254
95252
95229
95219
95215
95204
95188
95172
95163
95149
95133
95112
95075
95045
95040
95031
94989
94964
94963
94918
94893
94808
94772
94758
94757
94750
94749
94746
94710
94686
94675
94617
94614
94611
94587
94580
94534
94519
94509
94394
94382
94330
94311
94300
94287
94255
94245
94240
94231
94196
94193
94189
94188
94187
94172
94169
94168
94141
94127
94124
94121
94074
94067
94053
94042
94034
93999
93976
93964
93925
93908
93890
93849
93831
93820
93810
93808
93805
93801
93793
93791
93713
93703
93684
93664
93623
93594
93588
93580
93533
93513
93496
93456
93449
93441
93425
93399
93392
93386
93373
93368
93351
93289
93169
93164
93132
93095
93070
93062
93045
93021
92995
92975
92955
92899
92894
92889
92886
92843
92837
92738
92734
92699
92689
92663
92603
92589
92583
92569
92565
92546
92532
92514
92509
92493
92450
92405
92342
92330
92324
92321
92291
92184
92164
92162
92133
92127
92060
92023
92011
92003
91975
91966
91943
91876
91853
91815
91811
91780
91764
91748
91727
91722
91709
91703
91700
91691
91673
91658
91617
91573
91506
91498
91448
91445
91443
91442
91441
91422
91401
91386
91368
91366
91360
91281
91275
91266
91258
91249
91228
91220
91218
91173
91158
91155
91130
91115
91111
91085
91063
91052
91042
91020
91004
90981
90966
90948
90902
90885
90860
90849
90840
90829
90825
90821
90789
90772
90755
90737
90729
90676
90672
90647
90638
90593
90581
90575
90562
90549
90525
90508
90507
90478
90466
90452
90412
90405
90379
90375
90355
90335
90284
90279
90277
90229
90200
90193
90154
90117
90099
90092
90085
90075
90058
90042
90027
90024
90018
90008
89993
89991
89956
89955
89925
89921
89903
89895
89887
89875
89857
89846
89832
89772
89761
89753
89747
89743
89714
89658
89639
89615
89608
89574
89563
89526
89525
89518
89492
89472
89464
89463
89422
89420
89410
89387
89368
89352
89295
89247
89239
89236
89215
89193
89120
89112
89083
89057
89050
88989
88986
88972
88943
88874
88867
88851
88801
88798
88792
88776
88773
88736
88729
88724
88696
88667
88658
88652
88650
88599
88524
88498
88483
88479
88445
88436
88433
88431
88415
88391
88354
88346
88345
88322
88316
88265
88255
88253
88229
88193
88158
88148
88142
88127
88086
88075
88036
88028
88022
87969
87956
87934
87893
87877
87871
87860
87843
87824
87785
87762
87748
87739
87723
87651
87642
87633
87616
87591
87569
87556
87502
87495
87451
87421
87398
87387
87374
87349
87337
87296
87295
87282
87280
87272
87264
87249
87229
87220
87214
87174
87158
87154
87127
87105
87044
87012
86990
86989
86978
86935
86930
86928
86925
86921
86902
86885
86772
86755
86747
86721
86683
86661
86621
86618
86565
86539
86482
86472
86401
86400
86397
86385
86381
86380
86358
86334
86317
86301
86233
86215
86212
86173
86095
86075
86071
86066
86065
86053
86030
86013
86007
85992
85979
85931
85918
85908
85885
85872
85864
85837
85816
85777
85712
85694
85685
85681
85651
85626
85591
85581
85562
85550
85528
85427
85424
85416
85377
85370
85331
85315
85298
85291
85256
85236
85222
85213
85203
85189
85116
85089
85085
85079
85035
85021
85012
85008
85005
84996
84994
84992
84957
84941
84934
84931
84915
84900
84899
84885
84884
84878
84869
84868
84867
84866
84857
84836
84790
84788
84782
84757
84738
84732
84685
84666
84632
84626
84620
84606
84537
84533
84500
84479
84469
84464
84451
84445
84423
84418
84403
84395
84374
84358
84355
84349
84339
84335
84325
84310
84292
84280
84274
84272
84232
84197
84186
84164
84147
84120
84110
84046
84018
84013
84003
83977
83955
83953
83952
83951
83933
83932
83931
83913
83882
83850
83846
83844
83828
83824
83823
83822
83745
83685
83639
83629
83623
83621
83601
83577
83561
83539
83519
83483
83469
83454
83449
83419
83349
83308
83295
83273
83261
83188
83174
83171
83117
83104
83102
83093
83085
83060
83021
83016
82969
82961
82943
82930
82925
82884
82861
82818
82810
82779
82740
82727
82717
82677
82663
82657
82655
82631
82611
82604
82590
82575
82539
82495
82486
82461
82449
82448
82435
82410
82373
82316
82305
82294
82284
82277
82276
82228
82199
82185
82148
82146
82122
82100
82096
82078
82050
82048
82039
82033
82019
82014
82010
81971
81965
81939
81896
81877
81850
81818
81815
81803
81789
81786
81759
81753
81749
81730
81713
81618
81613
81601
81567
81530
81513
81496
81477
81469
81382
81351
81325
81302
81274
81263
81252
81238
81201
81193
81136
81122
81111
81098
81095
81061
81054
81046
81031
81015
80974
80949
80937
80918
80858
80841
80826
80788
80772
80769
80753
80698
80663
80648
80626
80622
80616
80614
80586
80580
80574
80547
80546
80535
80501
80482
80456
80447
80417
80390
80367
80345
80316
80290
80254
80196
80153
80145
80144
80132
80125
80095
80074
80048
80030
79942
79920
79918
79901
79884
79870
79854
79823
79812
79810
79780
79762
79687
79653
79645
79600
79591
79580
79574
79537
79516
79509
79493
79490
79469
79460
79423
79407
79405
79377
79376
79345
79336
79325
79305
79301
79288
79284
79282
79257
79244
79230
79219
79208
79185
79126
79101
79052
79037
79020
79005
78985
78941
78931
78907
78897
78886
78869
78856
78843
78832
78830
78793
78785
78784
78763
78741
78723
78722
78704
78703
78661
78652
78641
78623
78599
78583
78571
78570
78554
78553
78549
78512
78509
78492
78460
78457
78451
78438
78437
78401
78390
78317
78305
78304
78248
78230
78222
78178
78164
78134
78130
78124
78092
78067
78061
78048
78039
77989
77978
77973
77918
77894
77885
77881
77875
77862
77850
77846
77843
77816
77796
77789
77720
77715
77698
77672
77640
77638
77629
77626
77578
77553
77503
77467
77463
77452
77438
77437
77428
77425
77409
77408
77400
77375
77361
77357
77321
77305
77300
77294
77272
77267
77254
77228
77199
77152
77117
77085
77065
77023
77010
76997
76968
76967
76943
76937
76923
76890
76801
76787
76784
76780
76777
76769
76765
76763
76744
76708
76696
76640
76625
76611
76578
76573
76564
76539
76531
76526
76512
76496
76468
76458
76457
76448
76444
76425
76404
76384
76352
76329
76314
76312
76302
76288
76260
76258
76243
76234
76223
76188
76183
76180
76179
76172
76149
76141
76136
76126
76118
76070
76053
76038
76031
76005
76002
75998
75944
75926
75924
75923
75898
75896
75871
75860
75845
75828
75792
75777
75765
75740
75705
75639
75576
75539
75527
75523
75502
75496
75455
75412
75371
75361
75324
75323
75316
75260
75242
75227
75204
75203
75162
75151
75108
75058
75053
75045
75043
75040
75036
75003
75001
74998
74990
74928
74922
74885
74869
74860
74834
74770
74763
74760
74759
74748
74743
74736
74719
74716
74691
74686
74666
74657
74648
74625
74608
74590
74586
74583
74555
74476
74466
74456
74436
74429
74359
74327
74320
74306
74274
74193
74191
74188
74186
74146
74142
74139
74107
74105
74074
74066
74041
74033
74026
73975
73949
73940
73907
73895
73883
73882
73813
73803
73798
73792
73791
73760
73727
73692
73678
73673
73664
73657
73581
73557
73517
73456
73444
73434
73430
73427
73425
73419
73418
73405
73400
73392
73391
73336
73319
73317
73255
73250
73233
73214
73183
73181
73168
73166
73141
73105
73051
73045
73042
73029
73022
73020
73019
73017
72988
72982
72949
72917
72870
72869
72834
72813
72792
72770
72748
72737
72732
72731
72718
72694
72681
72675
72659
72606
72573
72548
72545
72539
72509
72469
72463
72462
72459
72416
72412
72410
72391
72354
72275
72265
72250
72239
72214
72212
72200
72185
72166
72159
72153
72143
72112
72097
72067
72062
72061
72054
72034
72032
72016
71998
71988
71980
71977
71913
71880
71855
71846
71842
71803
71799
71790
71786
71776
71697
71693
71678
71673
71668
71659
71644
71638
71591
71536
71497
71492
71490
71426
71413
71384
71372
71371
71340
71288
71264
71243
71226
71224
71219
71214
71167
71149
71146
71096
71086
71080
71073
71069
71054
71044
71024
71018
70972
70966
70929
70925
70919
70915
70912
70888
70872
70858
70811
70810
70796
70782
70774
70772
70718
70703
70677
70671
70637
70630
70593
70543
70501
70500
70444
70441
70431
70420
70407
70400
70394
70357
70355
70343
70330
70311
70282
70273
70259
70248
70245
70156
70155
70131
70124
70121
70089
70075
70048
69987
69976
69975
69965
69893
69871
69839
69831
69828
69826
69808
69783
69772
69753
69724
69695
69685
69665
69648
69622
69586
69503
69501
69476
69460
69457
69448
69447
69428
69411
69336
69308
69305
69293
69277
69265
69247
69239
69219
69216
69191
69140
69138
69122
69115
69087
69072
69054
69015
69009
68981
68973
68970
68956
68945
68928
68841
68815
68806
68795
68755
68754
68681
68643
68642
68623
68619
68582
68539
68511
68423
68382
68368
68360
68334
68321
68309
68293
68284
68256
68240
68216
68208
68204
68161
68143
68119
68087
68080
68043
68036
68005
67998
67973
67964
67937
67928
67926
67913
67862
67856
67849
67842
67837
67822
67751
67676
67632
67599
67584
67580
67552
67540
67522
67514
67481
67455
67450
67425
67404
67368
67359
67355
67338
67321
67313
67299
67260
67237
67214
67210
67176
67070
67063
67055
67026
67003
66990
66976
66974
66966
66945
66936
66918
66855
66824
66819
66804
66763
66758
66700
66666
66661
66625
66606
66605
66598
66577
66568
66565
66561
66550
66546
66528
66492
66481
66466
66442
66387
66372
66363
66354
66337
66286
66276
66265
66261
66258
66244
66230
66223
66221
66188
66178
66156
66145
66135
66119
66105
66063
66058
66050
66018
65956
65944
65918
65896
65892
65880
65861
65845
65797
65794
65786
65745
65734
65720
65719
65698
65684
65679
65677
65675
65672
65628
65613
65608
65597
65589
65582
65573
65565
65499
65453
65434
65410
65397
65392
65377
65373
65356
65342
65327
65326
65319
65315
65303
65298
65295
65289
65275
65246
65245
65242
65236
65234
65225
65210
65199
65173
65160
65128
65103
65067
65057
65021
65016
64999
64990
64951
64938
64933
64931
64927
64920
64900
64877
64850
64808
64802
64774
64735
64720
64719
64679
64640
64614
64580
64577
64566
64545
64535
64527
64486
64484
64447
64396
64379
64356
64268
64257
64249
64214
64209
64189
64174
64136
64132
64116
64062
64052
64031
64013
63940
63926
63912
63893
63866
63842
63766
63749
63738
63630
63622
63618
63606
63579
63559
63530
63523
63521
63502
63491
63472
63453
63436
63424
63414
63400
63370
63338
63324
63319
63294
63276
63244
63239
63237
63223
63195
63188
63155
63086
63080
63075
63070
63046
63031
63020
63007
62991
62964
62963
62961
62924
62906
62887
62878
62873
62871
62857
62839
62822
62817
62783
62741
62698
62685
62678
62670
62667
62664
62654
62651
62646
62628
62619
62594
62590
62584
62583
62572
62512
62502
62501
62413
62398
62384
62369
62357
62281
62278
62251
62214
62202
62198
62175
62162
62101
62093
62082
62050
62010
62001
61983
61951
61909
61875
61850
61849
61819
61768
61734
61727
61701
61696
61682
61659
61653
61628
61612
61604
61601
61579
61486
61474
61447
61441
61394
61393
61385
61342
61335
61328
61271
61261
61253
61207
61148
61125
61117
61115
61101
61069
61066
61050
61039
61033
61006
60960
60896
60853
60847
60822
60812
60781
60779
60767
60706
60694
60686
60662
60604
60600
60597
60588
60551
60544
60492
60421
60419
60410
60322
60288
60245
60233
60231
60198
60163
60139
60127
60080
60076
60054
60045
60027
60000
59987
59945
59927
59918
59875
59865
59854
59845
59831
59825
59806
59791
59708
59704
59691
59632
59631
59626
59610
59608
59595
59590
59581
59569
59534
59494
59485
59474
59462
59459
59454
59430
59417
59334
59328
59324
59298
59285
59284
59256
59230
59220
59208
59193
59169
59161
59150
59141
59138
59134
59133
59130
59124
59123
59109
59093
59071
59055
59015
59013
59006
58983
58975
58965
58899
58884
58877
58867
58857
58851
58845
58830
58823
58819
58817
58804
58788
58782
58773
58771
58769
58756
58751
58716
58707
58680
58670
58642
58625
58603
58583
58555
58542
58523
58484
58482
58479
58468
58427
58424
58398
58380
58369
58350
58340
58321
58312
58292
58250
58233
58213
58212
58207
58202
58167
58165
58159
58147
58103
58079
58072
58067
58052
58047
58043
58036
58034
58033
58026
58023
58015
57926
57923
57912
57909
57887
57864
57863
57855
57817
57792
57765
57737
57728
57725
57714
57703
57668
57648
57637
57617
57610
57598
57597
57589
57587
57559
57551
57532
57517
57460
57456
57432
57419
57379
57364
57360
57351
57347
57340
57293
57274
57270
57269
57234
57227
57215
57211
57143
57125
57121
57086
57064
57046
57020
57016
57012
57005
57002
56944
56931
56926
56890
56889
56884
56875
56857
56810
56802
56782
56774
56769
56762
56756
56729
56710
56707
56694
56691
56686
56668
56632
56608
56603
56552
56523
56507
56506
56473
56437
56399
56398
56378
56318
56306
56274
56273
56241
56234
56168
56162
56161
56152
56148
56144
56143
56113
56084
56082
56073
56054
56036
56030
55998
55990
55950
55939
55938
55935
55933
55924
55922
55914
55889
55880
55859
55858
55833
55824
55805
55770
55759
55741
55696
55691
55688
55687
55672
55649
55641
55629
55628
55620
55507
55503
55495
55488
55487
55483
55468
55442
55436
55350
55312
55307
55294
55281
55253
55204
55190
55187
55186
55170
55161
55160
55143
55126
55123
55115
55081
54996
54966
54890
54839
54827
54823
54817
54762
54735
54713
54687
54676
54664
54656
54625
54610
54608
54603
54468
54444
54433
54411
54383
54381
54377
54357
54351
54321
54308
54306
54299
54289
54243
54228
54222
54203
54165
54143
54125
54120
54073
54070
54055
54027
54026
54016
53994
53963
53955
53950
53944
53936
53935
53920
53913
53901
53881
53860
53856
53848
53841
53819
53810
53806
53731
53723
53718
53711
53673
53649
53648
53642
53641
53571
53566
53510
53475
53429
53417
53416
53415
53403
53373
53357
53354
53351
53337
53326
53299
53296
53291
53286
53230
53203
53199
53177
53155
53148
53139
53106
53104
53103
53098
53073
53044
53038
53028
53023
52954
52953
52929
52923
52908
52887
52885
52872
52787
52779
52765
52729
52719
52690
52683
52677
52676
52640
52624
52575
52514
52497
52459
52419
52417
52368
52367
52346
52337
52292
52286
52281
52259
52239
52224
52203
52188
52147
52127
52087
52086
52047
52036
52022
51996
51995
51958
51940
51932
51924
51921
51919
51918
51899
51862
51832
51830
51827
51806
51791
51779
51776
51773
51760
51738
51710
51684
51678
51675
51657
51625
51622
51601
51586
51534
51514
51483
51462
51428
51389
51367
51366
51341
51311
51289
51285
51278
51273
51259
51243
51236
51227
51209
51200
51190
51183
51158
51124
51077
51046
51027
51018
51001
50930
50898
50891
50887
50859
50858
50809
50808
50787
50784
50783
50776
50761
50756
50731
50686
50674
50628
50596
50583
50520
50514
50386
50384
50378
50349
50336
50327
50303
50296
50290
50267
50253
50211
50192
50188
50180
50149
50132
50127
50115
50114
50103
50096
50091
50088
50057
50038
50037
49977
49960
49952
49946
49942
49906
49904
49879
49821
49816
49814
49805
49802
49790
49777
49762
49759
49750
49735
49719
49697
49691
49690
49670
49654
49615
49608
49583
49548
49541
49528
49519
49515
49514
49495
49494
49478
49474
49468
49429
49408
49400
49398
49388
49372
49366
49362
49354
49333
49311
49282
49276
49232
49231
49220
49201
49169
49141
49117
49090
49076
48986
48947
48946
48915
48864
48835
48833
48822
48819
48785
48776
48771
48740
48727
48717
48659
48655
48645
48605
48587
48557
48553
48530
48479
48468
48465
48457
48441
48433
48381
48327
48303
48291
48289
48259
48207
48198
48190
48161
48145
48120
48116
48094
48084
48051
47998
47977
47936
47928
47899
47869
47818
47789
47782
47729
47709
47648
47647
47643
47613
47609
47594
47593
47592
47587
47580
47549
47533
47494
47448
47430
47427
47423
47361
47356
47335
47289
47281
47260
47241
47195
47178
47174
47173
47154
47141
47136
47125
47114
47003
47000
46992
46965
46938
46935
46931
46930
46870
46868
46857
46845
46835
46810
46809
46794
46767
46757
46745
46740
46726
46698
46684
46667
46639
46605
46572
46567
46544
46542
46537
46467
46444
46398
46371
46342
46279
46232
46214
46158
46131
46094
46044
46015
45995
45991
45977
45976
45942
45873
45844
45841
45837
45836
45746
45744
45742
45726
45720
45707
45688
45672
45639
45614
45587
45531
45528
45522
45491
45464
45462
45443
45409
45407
45397
45383
45377
45369
45341
45336
45333
45331
45304
45287
45254
45243
45233
45220
45209
45189
45179
45173
45142
45100
45095
45089
45085
45001
44979
44944
44918
44897
44859
44828
44827
44820
44777
44755
44746
44690
44670
44628
44553
44541
44531
44524
44494
44488
44451
44445
44438
44425
44397
44359
44357
44355
44329
44323
44297
44277
44265
44256
44248
44241
44212
44202
44179
44177
44165
44098
44076
44067
44052
44044
44016
43981
43961
43946
43934
43911
43906
43901
43871
43870
43869
43842
43833
43822
43812
43771
43757
43750
43738
43704
43686
43675
43673
43666
43664
43595
43588
43579
43571
43556
43497
43436
43422
43420
43367
43347
43341
43310
43291
43280
43265
43264
43260
43245
43193
43184
43168
43163
43135
43115
43077
43046
43011
42968
42938
42925
42918
42888
42882
42873
42858
42855
42839
42836
42826
42818
42780
42764
42763
42716
42698
42686
42649
42638
42578
42570
42534
42523
42517
42515
42501
42493
42462
42449
42445
42403
42377
42371
42323
42276
42272
42268
42252
42244
42233
42231
42225
42214
42206
42190
42161
42139
42076
42056
42044
42038
42036
41987
41984
41976
41975
41952
41905
41879
41862
41840
41823
41801
41721
41694
41660
41642
41636
41627
41619
41608
41595
41559
41503
41476
41455
41427
41400
41383
41349
41339
41338
41331
41294
41280
41270
41264
41230
41218
41176
41153
41146
41138
41099
41098
41076
41066
41062
41057
41014
40991
40981
40971
40970
40969
40911
40860
40826
40812
40809
40804
40801
40785
40779
40725
40677
40628
40609
40557
40533
40527
40504
40494
40476
40458
40456
40447
40442
40434
40424
40421
40409
40399
40387
40385
40383
40356
40342
40328
40314
40302
40283
40205
40046
40021
40010
39938
39935
39929
39923
39901
39884
39857
39855
39802
39800
39773
39748
39732
39644
39633
39632
39623
39605
39593
39591
39585
39536
39512
39500
39462
39383
39358
39316
39313
39259
39209
39202
39148
39124
39121
39100
39076
39066
39057
39012
39000
38999
38977
38940
38931
38923
38912
38900
38871
38864
38860
38857
38854
38828
38823
38819
38795
38757
38737
38712
38677
38656
38646
38631
38623
38610
38604
38576
38518
38440
38399
38339
38303
38268
38267
38259
38248
38202
38190
38162
38150
38143
38130
38113
38104
38046
37993
37940
37924
37922
37916
37911
37908
37899
37885
37882
37782
37757
37728
37721
37692
37657
37654
37584
37476
37439
37413
37395
37393
37337
37308
37300
37285
37209
37207
37185
37157
37156
37107
37084
37077
37076
37053
37008
36996
36864
36859
36842
36818
36781
36775
36763
36731
36698
36608
36594
36567
36535
36530
36505
36502
36483
36447
36421
36412
36393
36389
36385
36348
36333
36326
36304
36291
36278
36275
36274
36254
36202
36187
36145
36144
36117
36066
35977
35967
35936
35918
35916
35914
35911
35906
35883
35840
35820
35792
35778
35760
35756
35738
35727
35725
35720
35712
35689
35621
35605
35600
35598
35592
35588
35541
35506
35464
35411
35385
35374
35370
35368
35332
35301
35265
35262
35249
35221
35175
35171
35152
35135
35133
35084
35077
35057
35036
34979
34951
34909
34875
34873
34844
34836
34807
34799
34748
34718
34694
34648
34615
34595
34590
34585
34491
34482
34481
34478
34452
34439
34433
34425
34386
34381
34316
34315
34294
34275
34256
34217
34154
34142
34136
34132
34093
34086
34072
34069
34025
34011
33977
33971
33947
33936
33911
33878
33870
33868
33796
33792
33779
33740
33723
33716
33609
33576
33562
33560
33541
33511
33496
33484
33475
33444
33438
33396
33385
33379
33330
33328
33319
33305
33295
33268
33243
33214
33213
33140
33136
33089
33086
33075
33048
33005
33000
32961
32943
32932
32881
32873
32865
32852
32846
32823
32818
32806
32794
32790
32787
32674
32667
32657
32641
32638
32637
32612
32605
32591
32574
32554
32538
32515
32476
32473
32461
32450
32447
32444
32439
32427
32403
32395
32389
32381
32363
32352
32338
32335
32331
32330
32328
32269
32244
32223
32220
32201
32181
32176
32173
32147
32121
32098
32074
32031
32029
32007
31984
31974
31939
31903
31892
31886
31882
31825
31818
31800
31789
31738
31736
31714
31511
31508
31483
31463
31461
31448
31330
31254
31250
31227
31210
31148
31102
31092
31056
31051
31005
30980
30957
30945
30943
30942
30897
30894
30889
30880
30855
30853
30850
30846
30843
30834
30831
30829
30816
30814
30792
30787
30770
30759
30756
30692
30679
30643
30639
30622
30600
30589
30578
30573
30571
30545
30471
30454
30427
30419
30412
30410
30345
30298
30297
30293
30261
30260
30223
30222
30214
30210
30205
30186
30184
30173
30160
30139
30096
30083
30082
30071
30040
30032
30020
30010
29991
29984
29982
29949
29945
29905
29878
29861
29855
29812
29775
29771
29769
29765
29740
29721
29708
29699
29634
29613
29610
29560
29556
29534
29532
29473
29441
29438
29433
29408
29379
29371
29362
29349
29344
29324
29311
29277
29257
29232
29229
29226
29175
29162
29080
29055
29004
28996
28980
28979
28910
28902
28788
28783
28768
28734
28732
28710
28708
28698
28663
28633
28618
28611
28549
28502
28501
28456
28394
28342
28336
28335
28328
28323
28273
28269
28243
28200
28193
28191
28068
28066
27998
27934
27923
27913
27894
27891
27868
27865
27802
27797
27769
27758
27754
27722
27653
27617
27561
27551
27548
27539
27461
27436
27435
27426
27413
27362
27360
27352
27333
27319
27316
27292
27280
27255
27225
27193
27187
27175
27130
27122
27118
27096
27082
27014
27002
26998
26964
26963
26921
26900
26895
26853
26848
26830
26827
26815
26806
26783
26756
26747
26700
26681
26657
26653
26608
26573
26560
26555
26549
26530
26528
26464
26460
26450
26442
26434
26416
26405
26375
26372
26321
26292
26282
26263
26231
26187
26186
26178
26153
26086
26061
26053
26046
26003
26001
25961
25926
25905
25897
25893
25890
25886
25845
25837
25835
25790
25778
25776
25763
25729
25714
25707
25705
25677
25671
25667
25663
25656
25654
25642
25640
25606
25590
25492
25473
25472
25455
25453
25447
25446
25388
25359
25358
25348
25342
25325
25289
25278
25275
25261
25210
25183
25178
25174
25157
25143
25114
25100
25088
25062
25058
25028
25016
24982
24980
24965
24948
24922
24846
24810
24793
24748
24676
24620
24597
24593
24591
24568
24529
24496
24483
24478
24428
24421
24407
24399
24384
24370
24351
24343
24338
24326
24310
24301
24283
24258
24239
24233
24219
24210
24209
24207
24187
24171
24148
24143
24139
24124
24119
24097
24060
24057
24045
23973
23896
23844
23813
23810
23795
23738
23713
23707
23653
23651
23648
23646
23622
23600
23574
23552
23542
23476
23431
23360
23342
23336
23327
23312
23261
23240
23220
23218
23158
23135
23124
23067
23043
23035
23019
23012
22977
22947
22946
22931
22860
22815
22771
22739
22711
22661
22659
22596
22573
22536
22531
22514
22511
22508
22507
22506
22487
22482
22466
22433
22427
22403
22400
22368
22367
22364
22323
22250
22230
22221
22187
22094
22074
22064
22034
22033
22028
22008
21993
21992
21974
21948
21925
21894
21892
21890
21885
21884
21881
21868
21846
21831
21799
21781
21777
21771
21733
21671
21641
21636
21629
21597
21549
21542
21494
21480
21468
21462
21420
21410
21406
21399
21390
21387
21371
21367
21360
21307
21272
21262
21255
21249
21177
21126
21115
21099
21075
21052
21045
21044
21037
20958
20957
20948
20939
20907
20889
20869
20858
20775
20736
20731
20706
20652
20650
20647
20606
20600
20596
20592
20590
20546
20518
20485
20477
20441
20425
20404
20346
20303
20295
20292
20278
20206
20192
20189
20186
20176
20168
20165
20150
20147
20137
20125
20069
20021
20004
19989
19940
19932
19931
19896
19873
19861
19840
19824
19802
19799
19792
19760
19743
19715
19708
19706
19664
19654
19647
19589
19517
19492
19476
19454
19400
19399
19394
19327
19321
19317
19213
19198
19193
19168
19143
19113
19086
19060
19031
18978
18965
18953
18911
18851
18848
18835
18794
18774
18739
18732
18701
18670
18652
18630
18622
18604
18595
18583
18567
18541
18525
18516
18470
18452
18444
18425
18423
18363
18337
18308
18306
18277
18245
18240
18210
18192
18186
18178
18170
18130
18090
18081
18070
18057
18026
18000
17935
17926
17901
17900
17861
17854
17839
17822
17806
17803
17796
17790
17787
17779
17690
17676
17598
17596
17588
17563
17548
17537
17467
17453
17418
17406
17386
17384
17371
17366
17362
17344
17296
17286
17271
17267
17259
17258
17240
17200
17114
17112
17091
17089
17047
17000
16933
16927
16920
16898
16896
16886
16876
16860
16828
16797
16753
16743
16717
16680
16676
16563
16561
16525
16520
16500
16497
16459
16458
16402
16393
16349
16348
16339
16307
16277
16261
16241
16195
16186
16168
16153
16091
16083
16076
16066
16052
16040
16019
16005
15997
15983
15974
15962
15959
15933
15914
15910
15891
15874
15847
15826
15797
15791
15773
15741
15724
15712
15686
15611
15596
15594
15589
15580
15573
15572
15541
15533
15530
15520
15500
15478
15472
15446
15439
15430
15415
15411
15387
15377
15296
15291
15268
15228
15182
15178
15160
15119
15115
15113
15107
15100
15045
15035
15032
15010
14995
14986
14953
14863
14846
14812
14783
14778
14777
14746
14723
14679
14662
14657
14606
14548
14529
14512
14434
14335
14316
14292
14276
14274
14266
14242
14199
14173
14132
14075
14053
14036
14014
14008
13964
13944
13896
13888
13882
13879
13873
13829
13827
13805
13740
13737
13733
13723
13672
13657
13652
13651
13640
13639
13620
13606
13593
13590
13563
13554
13530
13500
13499
13490
13479
13460
13456
13435
13412
13388
13379
13356
13329
13298
13279
13275
13254
13229
13216
13182
13173
13160
13153
13146
13124
13059
13038
12992
12981
12975
12965
12963
12903
12900
12897
12889
12857
12845
12830
12825
12809
12799
12775
12739
12735
12667
12634
12619
12609
12605
12596
12591
12578
12551
12545
12518
12494
12456
12359
12352
12343
12334
12330
12295
12263
12259
12234
12223
12198
12178
12161
12160
12147
12117
12096
12087
12061
12037
12020
11970
11962
11954
11911
11890
11886
11877
11869
11867
11855
11843
11833
11818
11759
11734
11726
11693
11678
11675
11570
11563
11536
11535
11528
11507
11499
11467
11466
11457
11448
11396
11393
11380
11373
11334
11310
11293
11264
11261
11235
11222
11210
11191
11162
11161
11154
11152
11138
11136
11130
11125
11090
11080
10972
10919
10917
10914
10907
10893
10870
10868
10864
10840
10777
10774
10726
10720
10694
10676
10634
10600
10584
10579
10554
10515
10495
10480
10461
10451
10443
10442
10427
10403
10394
10390
10382
10371
10364
10340
10334
10305
10252
10240
10237
10204
10159
10156
10155
10146
10142
10141
10126
10096
10063
10054
10008
10006
9902
9900
9896
9890
9854
9844
9821
9757
9719
9643
9626
9617
9587
9494
9487
9478
9423
9406
9345
9340
9311
9310
9298
9294
9278
9261
9259
9258
9237
9216
9186
9161
9149
9145
9112
9069
9039
9029
8996
8975
8959
8932
8930
8891
8878
8852
8807
8795
8777
8757
8749
8741
8722
8708
8650
8642
8641
8631
8586
8584
8560
8549
8500
8485
8472
8450
8445
8389
8362
8358
8347
8330
8325
8310
8284
8269
8259
8227
8223
8216
8213
8210
8182
8170
8137
8128
8120
8106
8060
8040
8025
7984
7983
7930
7887
7881
7876
7871
7852
7833
7831
7825
7804
7750
7729
7714
7664
7663
7618
7612
7610
7601
7572
7571
7570
7547
7546
7532
7522
7501
7500
7462
7430
7423
7417
7411
7406
7339
7315
7312
7251
7236
7200
7196
7180
7173
7172
7157
7147
7110
7101
7062
7051
7043
7026
7006
6981
6889
6884
6859
6841
6831
6817
6803
6773
6748
6743
6731
6726
6718
6712
6701
6700
6648
6609
6597
6589
6582
6579
6571
6560
6521
6509
6506
6481
6475
6457
6456
6455
6417
6406
6392
6361
6357
6351
6335
6318
6296
6233
6202
6193
6182
6163
6154
6090
6008
5971
5961
5954
5949
5917
5869
5853
5848
5817
5812
5804
5787
5781
5770
5740
5730
5674
5672
5634
5630
5629
5590
5579
5577
5575
5571
5564
5558
5556
5541
5540
5538
5526
5521
5506
5468
5412
5408
5382
5344
5343
5332
5328
5321
5275
5252
5248
5215
5213
5145
5139
5126
5112
5088
5049
5039
5032
5014
4998
4991
4959
4952
4908
4896
4894
4854
4832
4813
4809
4787
4764
4736
4691
4652
4651
4606
4601
4598
4585
4557
4516
4507
4490
4481
4477
4457
4454
4419
4383
4356
4337
4335
4315
4305
4298
4283
4251
4200
4191
4183
4162
4133
4109
4104
4071
4051
4047
3960
3912
3895
3851
3838
3828
3805
3804
3803
3772
3768
3740
3725
3713
3679
3678
3671
3648
3638
3601
3591
3588
3581
3540
3535
3489
3448
3435
3413
3399
3393
3391
3329
3318
3280
3201
3175
3164
3140
3123
3117
3059
3055
3023
3010
2999
2984
2982
2965
2949
2935
2886
2875
2873
2859
2844
2790
2781
2762
2749
2745
2742
2719
2710
2677
2669
2651
2632
2620
2618
2603
2567
2565
2557
2552
2544
2518
2516
2500
2448
2442
2425
2392
2291
2256
2240
2203
2193
2184
2179
2171
2169
2165
2163
2153
2116
2111
2057
2014
2000
1988
1986
1978
1972
1952
1948
1929
1928
1927
1892
1883
1879
1877
1873
1815
1725
1709
1705
1678
1674
1658
1632
1620
1596
1555
1546
1530
1497
1491
1481
1469
1463
1430
1428
1426
1405
1343
1313
1312
1303
1272
1237
1231
1204
1188
1183
1181
1165
1150
1137
1091
1074
1072
1028
1025
1016
980
970
966
960
951
938
930
922
915
881
851
822
819
805
734
724
715
707
627
588
550
549
526
451
441
423
417
415
407
342
303
282
252
234
216
175
167
144
124
94
48
7
k
