28
91
94
99
105
106
141
146
156
177
207
214
239
252
259
267
269
279
322
326
371
384
410
412
443
446
464
534
538
562
586
593
609
635
638
684
693
721
734
739
778
800
826
864
899
918
927
951
972
1048
1065
1066
1083
1106
1126
1134
1161
1163
1166
1195
1242
1277
1278
1300
1306
1321
1336
1349
1375
1404
1440
1461
1477
1512
1514
1519
1545
1552
1566
1576
1593
1597
1620
1622
1626
1636
1685
1707
1712
1715
1740
1750
1760
1799
1816
1819
1826
1830
1847
1854
1872
1889
1894
1965
1973
2020
2032
2114
2128
2142
2144
2170
2182
2186
2195
2247
2266
2271
2275
2280
2285
2291
2305
2307
2316
2334
2352
2448
2467
2480
2482
2580
2597
2598
2606
2612
2624
2634
2675
2706
2774
2810
2823
2835
2878
2906
2922
2946
2970
3007
3011
3014
3016
3061
3076
3098
3136
3155
3161
3164
3204
3211
3222
3276
3314
3339
3342
3359
3366
3381
3386
3411
3415
3423
3435
3478
3493
3495
3546
3560
3561
3567
3574
3588
3590
3615
3629
3656
3661
3664
3670
3671
3794
3800
3807
3809
3836
3863
3864
3903
3952
3954
3975
3998
4001
4045
4101
4113
4145
4157
4165
4179
4189
4208
4237
4246
4250
4262
4268
4286
4313
4359
4369
4377
4398
4407
4416
4426
4436
4445
4461
4475
4517
4553
4558
4563
4573
4578
4587
4588
4600
4649
4653
4659
4675
4685
4699
4703
4717
4736
4750
4759
4792
4818
4843
4858
4868
4874
4876
4890
4987
5007
5023
5031
5038
5039
5052
5075
5077
5143
5151
5152
5161
5192
5208
5215
5227
5267
5273
5308
5335
5344
5370
5390
5395
5448
5479
5480
5485
5503
5510
5547
5562
5565
5581
5598
5629
5665
5667
5671
5695
5706
5709
5712
5744
5754
5757
5771
5839
5888
5912
5922
5928
5930
5937
5956
5995
6013
6021
6042
6057
6066
6074
6091
6102
6159
6175
6177
6182
6187
6194
6196
6198
6205
6208
6219
6226
6250
6254
6258
6381
6424
6450
6481
6512
6528
6532
6540
6590
6597
6605
6611
6647
6652
6656
6659
6674
6702
6705
6741
6815
6877
6919
6942
6949
6951
6958
6963
7025
7040
7128
7130
7159
7193
7233
7257
7260
7267
7292
7293
7300
7301
7307
7309
7323
7329
7359
7363
7395
7410
7412
7430
7431
7447
7480
7490
7534
7547
7554
7565
7592
7593
7617
7631
7657
7666
7674
7700
7701
7715
7751
7764
7846
7897
7910
7911
7944
7946
7950
7956
7972
7984
8024
8025
8029
8040
8051
8068
8078
8092
8133
8184
8210
8216
8226
8252
8364
8369
8376
8411
8436
8437
8477
8484
8492
8502
8506
8531
8563
8565
8571
8604
8621
8649
8669
8719
8731
8762
8829
8833
8839
8842
8862
8869
8887
8891
8892
8897
8902
8907
8955
8962
8968
8977
8978
8984
8994
8996
9036
9044
9046
9080
9094
9125
9138
9156
9168
9172
9215
9220
9237
9239
9257
9287
9305
9317
9321
9340
9344
9357
9362
9387
9392
9413
9456
9468
9509
9511
9519
9539
9563
9575
9576
9578
9587
9598
9618
9625
9633
9638
9691
9693
9715
9776
9783
9804
9834
9898
9915
9985
10007
10014
10017
10090
10093
10103
10109
10147
10161
10235
10300
10323
10345
10376
10417
10424
10499
10500
10507
10529
10541
10574
10621
10638
10646
10677
10706
10713
10736
10742
10745
10750
10759
10843
10870
10872
10919
10941
10957
10958
10973
10992
11011
11013
11018
11045
11051
11064
11106
11108
11124
11141
11148
11157
11171
11185
11246
11249
11277
11278
11283
11291
11313
11315
11316
11383
11392
11400
11403
11408
11457
11468
11470
11494
11499
11516
11524
11531
11569
11593
11608
11622
11645
11649
11658
11662
11669
11676
11685
11696
11704
11767
11771
11776
11782
11794
11796
11797
11801
11813
11815
11868
11886
11896
11934
11936
11937
11964
11972
11982
11984
12002
12006
12019
12025
12042
12083
12138
12151
12153
12170
12173
12193
12207
12208
12249
12306
12319
12320
12332
12362
12425
12473
12505
12521
12527
12638
12648
12672
12686
12690
12772
12793
12806
12824
12865
12873
12882
12893
12940
12941
12992
13020
13117
13132
13152
13176
13241
13267
13268
13281
13289
13335
13350
13357
13428
13431
13446
13491
13503
13513
13520
13555
13561
13584
13586
13602
13610
13631
13635
13645
13647
13671
13680
13701
13726
13735
13744
13748
13752
13759
13778
13786
13796
13819
13923
13933
13973
13974
13993
14000
14022
14099
14100
14102
14103
14108
14123
14224
14227
14240
14241
14255
14279
14330
14331
14334
14342
14360
14361
14396
14407
14466
14467
14474
14489
14497
14512
14545
14595
14607
14658
14703
14704
14719
14726
14781
14796
14797
14833
14834
14874
14897
14931
14932
14935
14989
14995
15042
15052
15083
15124
15129
15140
15162
15186
15199
15204
15243
15255
15267
15299
15317
15343
15365
15418
15514
15528
15658
15680
15700
15728
15741
15749
15752
15760
15772
15779
15812
15817
15820
15832
15858
15866
15887
15908
15914
15930
15994
16035
16045
16090
16121
16151
16192
16194
16215
16217
16224
16253
16259
16344
16353
16354
16360
16369
16393
16451
16454
16477
16487
16546
16591
16593
16614
16722
16728
16732
16749
16751
16760
16773
16802
16804
16832
16857
16867
16872
16881
16884
16897
16901
16930
16947
16963
16965
17021
17049
17059
17069
17070
17075
17101
17129
17175
17179
17207
17217
17222
17230
17242
17264
17308
17317
17339
17345
17366
17385
17386
17395
17413
17432
17471
17472
17511
17525
17528
17530
17533
17541
17561
17596
17616
17624
17668
17692
17719
17738
17757
17788
17791
17795
17798
17799
17828
17841
17878
17879
17907
17926
17951
17953
17955
17965
18026
18027
18044
18121
18150
18156
18157
18164
18196
18218
18233
18235
18239
18248
18282
18284
18302
18313
18317
18318
18336
18347
18376
18386
18398
18408
18449
18484
18580
18605
18608
18633
18653
18654
18667
18721
18726
18731
18749
18760
18817
18832
18980
18995
19012
19021
19049
19054
19077
19092
19097
19118
19168
19184
19212
19227
19234
19236
19269
19284
19350
19362
19364
19373
19410
19414
19420
19422
19432
19456
19457
19468
19484
19511
19583
19605
19676
19731
19751
19806
19812
19841
19893
19896
19899
19900
19906
19908
19957
19964
19976
19991
20007
20017
20103
20124
20198
20213
20221
20252
20261
20265
20310
20339
20351
20353
20391
20392
20395
20462
20465
20476
20534
20577
20601
20636
20654
20697
20723
20740
20775
20783
20793
20803
20821
20833
20840
20847
20901
20923
20929
20938
20960
20988
21026
21036
21047
21067
21106
21111
21126
21132
21137
21142
21174
21194
21288
21299
21303
21347
21348
21349
21426
21454
21487
21489
21515
21524
21541
21565
21573
21575
21635
21644
21716
21723
21745
21754
21760
21826
21832
21855
21856
21871
21899
21912
21944
21949
21959
21962
21973
22006
22009
22019
22121
22136
22137
22157
22175
22188
22194
22198
22211
22216
22217
22260
22287
22289
22352
22384
22406
22422
22424
22466
22501
22509
22524
22545
22568
22603
22623
22632
22667
22673
22684
22703
22719
22743
22752
22754
22757
22771
22791
22885
22887
22957
22999
23004
23030
23034
23069
23076
23134
23164
23172
23182
23185
23190
23216
23241
23250
23266
23302
23329
23349
23400
23410
23419
23424
23430
23443
23482
23488
23503
23518
23542
23556
23571
23578
23581
23583
23597
23602
23605
23691
23695
23707
23714
23719
23757
23790
23796
23827
23834
23854
23855
23867
23869
23878
23968
23971
24009
24013
24049
24062
24070
24095
24103
24120
24128
24131
24137
24164
24178
24202
24209
24212
24230
24261
24262
24297
24338
24341
24387
24419
24524
24529
24533
24551
24614
24619
24628
24645
24671
24683
24696
24700
24730
24736
24752
24801
24835
24855
24910
24929
24943
24965
24967
24973
24976
25003
25020
25023
25026
25030
25034
25045
25046
25048
25053
25071
25092
25128
25134
25143
25156
25185
25222
25232
25284
25336
25342
25355
25368
25377
25380
25382
25399
25432
25444
25479
25486
25506
25509
25515
25530
25531
25534
25574
25581
25607
25609
25622
25661
25695
25699
25714
25719
25755
25811
25842
25852
25869
25892
25918
25936
25940
25961
25968
26002
26017
26054
26056
26061
26067
26142
26149
26178
26180
26218
26268
26269
26287
26295
26302
26305
26316
26384
26386
26387
26394
26395
26404
26413
26435
26486
26523
26572
26603
26641
26682
26747
26753
26762
26767
26817
26846
26852
26864
26873
26891
26937
26961
26973
26990
27005
27016
27043
27055
27077
27088
27118
27129
27137
27155
27157
27202
27208
27209
27226
27238
27272
27287
27310
27316
27335
27343
27400
27429
27430
27437
27456
27467
27473
27497
27503
27527
27536
27561
27597
27610
27616
27638
27650
27696
27698
27710
27728
27754
27763
27793
27824
27825
27827
27850
27871
27876
27904
27973
28001
28022
28023
28057
28080
28145
28165
28183
28201
28209
28232
28236
28272
28284
28327
28331
28335
28356
28371
28374
28380
28383
28460
28530
28538
28547
28558
28568
28586
28616
28652
28655
28666
28667
28673
28687
28701
28710
28712
28731
28755
28759
28767
28803
28813
28851
28870
28903
28905
28911
28924
28971
28992
28997
29014
29040
29048
29058
29075
29097
29098
29100
29112
29130
29151
29154
29162
29164
29168
29202
29239
29257
29273
29284
29323
29346
29360
29369
29411
29454
29465
29473
29519
29537
29547
29573
29597
29600
29630
29667
29671
29686
29689
29705
29771
29859
29887
29907
29935
29967
29971
29982
29994
30002
30050
30085
30099
30139
30174
30194
30201
30206
30253
30288
30292
30301
30303
30333
30350
30368
30385
30399
30415
30422
30481
30487
30495
30519
30614
30644
30672
30700
30704
30728
30732
30756
30757
30789
30814
30816
30826
30878
30884
30894
30900
30927
30963
30982
31006
31013
31028
31036
31045
31047
31058
31063
31117
31131
31162
31168
31173
31211
31221
31247
31251
31260
31285
31304
31340
31351
31396
31472
31475
31568
31591
31597
31601
31602
31636
31648
31705
31718
31733
31741
31750
31782
31805
31839
31904
31936
31960
31963
32000
32009
32031
32033
32043
32069
32093
32212
32243
32250
32273
32274
32278
32319
32346
32376
32406
32429
32436
32448
32492
32509
32518
32531
32578
32601
32719
32729
32730
32756
32853
32858
32885
32892
32927
32962
32968
32977
32982
32994
33013
33024
33028
33040
33058
33088
33094
33168
33178
33229
33256
33268
33289
33321
33328
33338
33343
33361
33371
33394
33414
33422
33429
33478
33499
33578
33587
33596
33610
33624
33671
33675
33688
33696
33781
33784
33793
33839
33866
33871
33873
33885
33898
33911
33956
33990
34018
34047
34165
34228
34241
34246
34269
34277
34298
34300
34334
34356
34395
34401
34406
34421
34430
34471
34481
34544
34561
34574
34582
34583
34603
34638
34661
34663
34677
34680
34694
34703
34712
34716
34738
34741
34748
34768
34770
34775
34781
34800
34841
34918
34924
34960
34967
34995
35004
35059
35091
35109
35168
35189
35274
35275
35293
35350
35352
35391
35396
35406
35417
35427
35453
35473
35511
35515
35517
35526
35534
35537
35553
35555
35566
35572
35579
35585
35589
35618
35660
35675
35693
35700
35701
35735
35766
35790
35809
35826
35853
35879
35885
35951
35969
36018
36037
36047
36059
36062
36079
36124
36147
36151
36197
36258
36282
36284
36289
36326
36330
36341
36367
36407
36463
36476
36483
36485
36517
36522
36544
36588
36589
36612
36650
36652
36675
36717
36739
36744
36754
36769
36773
36777
36866
36891
36894
36897
36912
36919
36924
36938
36950
37016
37040
37047
37057
37060
37086
37106
37115
37161
37166
37170
37191
37200
37307
37353
37369
37370
37378
37399
37414
37415
37447
37493
37511
37521
37522
37541
37561
37596
37602
37610
37657
37664
37682
37734
37783
37796
37846
37896
37937
37961
37972
38062
38064
38067
38094
38110
38120
38143
38144
38150
38167
38185
38191
38210
38221
38251
38264
38285
38313
38318
38321
38344
38354
38376
38398
38408
38409
38417
38435
38454
38480
38508
38509
38513
38549
38599
38606
38623
38639
38687
38721
38738
38805
38810
38835
38870
38961
38973
38988
38990
39000
39001
39075
39078
39091
39093
39096
39097
39130
39136
39159
39218
39232
39252
39265
39299
39300
39319
39332
39355
39364
39381
39398
39470
39488
39493
39546
39562
39568
39588
39594
39616
39623
39624
39650
39653
39664
39665
39666
39669
39702
39708
39722
39725
39732
39807
39851
39864
39876
39899
39904
39905
39935
39958
39959
39983
39989
39996
40023
40024
40036
40040
40049
40056
40083
40120
40161
40192
40214
40220
40238
40244
40258
40283
40296
40376
40412
40416
40439
40440
40487
40491
40494
40504
40521
40527
40528
40581
40595
40605
40645
40647
40698
40705
40715
40766
40784
40804
40823
40849
40859
40871
40881
40913
40938
40949
40980
41013
41054
41061
41071
41075
41108
41119
41179
41193
41217
41264
41284
41291
41296
41312
41335
41346
41379
41398
41405
41419
41435
41461
41462
41463
41497
41503
41517
41552
41573
41618
41665
41666
41679
41690
41704
41711
41713
41719
41739
41752
41787
41849
41861
41887
41901
41941
41962
41964
41966
42045
42087
42104
42117
42124
42128
42139
42164
42167
42210
42253
42256
42289
42314
42326
42353
42373
42385
42399
42406
42428
42431
42441
42465
42484
42493
42502
42516
42549
42551
42560
42569
42632
42645
42651
42657
42718
42746
42747
42785
42797
42870
42881
42886
42897
42916
42941
42947
42966
42986
42988
42999
43011
43019
43034
43036
43111
43122
43127
43167
43180
43221
43231
43272
43279
43292
43311
43325
43330
43407
43414
43423
43441
43457
43473
43483
43510
43518
43546
43560
43562
43692
43721
43750
43758
43768
43777
43782
43783
43809
43856
43868
43873
43886
43894
43908
43913
43970
43992
44001
44056
44072
44102
44123
44176
44180
44213
44228
44262
44284
44310
44315
44346
44368
44379
44388
44398
44401
44411
44413
44421
44452
44456
44470
44471
44491
44500
44503
44511
44525
44545
44557
44615
44620
44622
44634
44678
44682
44716
44728
44769
44781
44814
44868
44886
45010
45028
45075
45148
45160
45187
45199
45212
45219
45258
45294
45372
45409
45425
45439
45473
45478
45496
45497
45518
45577
45586
45590
45623
45633
45641
45652
45677
45692
45705
45721
45749
45760
45761
45763
45786
45828
45831
45846
45853
45881
45895
45901
45903
45905
45929
45947
45950
45959
45982
45988
46005
46009
46029
46038
46040
46047
46081
46096
46097
46104
46110
46117
46130
46142
46176
46177
46203
46204
46234
46250
46254
46335
46343
46345
46349
46357
46361
46363
46425
46432
46493
46504
46534
46545
46569
46573
46576
46593
46625
46628
46630
46638
46643
46645
46665
46673
46674
46681
46697
46714
46717
46718
46719
46747
46767
46774
46798
46804
46861
46885
46922
46931
46949
46954
46963
46972
46978
46986
47023
47063
47116
47130
47134
47135
47153
47163
47164
47166
47205
47213
47268
47296
47313
47314
47327
47447
47451
47452
47464
47471
47474
47490
47493
47516
47560
47612
47634
47638
47678
47695
47725
47747
47762
47788
47796
47804
47810
47815
47855
47856
47871
47884
47937
47961
47994
48009
48013
48072
48095
48144
48169
48203
48218
48353
48398
48403
48405
48468
48471
48620
48631
48653
48671
48748
48765
48780
48795
48802
48823
48825
48851
48854
48860
48874
48903
48906
48912
48926
48928
48954
48968
49009
49016
49030
49076
49087
49091
49093
49095
49125
49194
49220
49225
49229
49259
49293
49319
49330
49368
49380
49405
49479
49485
49489
49517
49527
49540
49587
49612
49629
49636
49661
49677
49691
49710
49722
49742
49765
49852
49868
49869
49877
49885
49887
49902
49972
49974
49976
49986
49992
50001
50010
50046
50056
50082
50088
50150
50157
50158
50187
50198
50200
50224
50228
50246
50291
50368
50396
50409
50415
50428
50436
50447
50450
50457
50470
50505
50522
50527
50532
50557
50563
50573
50598
50633
50651
50694
50724
50785
50808
50830
50849
50888
50891
50908
50928
50967
50989
50996
51043
51045
51086
51103
51104
51124
51128
51130
51142
51169
51199
51201
51211
51216
51228
51255
51262
51276
51286
51287
51328
51337
51340
51360
51414
51428
51435
51441
51468
51490
51506
51507
51558
51593
51618
51627
51648
51697
51698
51727
51738
51766
51790
51791
51815
51826
51853
51878
51880
51935
51942
51947
51979
51990
52010
52013
52049
52087
52093
52098
52103
52131
52227
52255
52262
52278
52292
52310
52328
52358
52359
52376
52428
52469
52480
52495
52518
52535
52592
52596
52613
52616
52625
52647
52651
52692
52694
52704
52705
52713
52753
52755
52778
52795
52809
52839
52845
52850
52868
52895
52912
52942
52947
52964
52993
53000
53007
53009
53013
53040
53046
53060
53085
53171
53189
53211
53217
53251
53307
53315
53317
53326
53425
53429
53437
53459
53470
53501
53508
53544
53545
53547
53548
53557
53570
53583
53634
53638
53652
53684
53700
53710
53714
53737
53739
53745
53795
53797
53818
53820
53831
53836
53845
53846
53847
53870
53885
53924
53927
53939
53968
53992
53996
54001
54004
54017
54023
54043
54065
54111
54159
54168
54198
54210
54227
54238
54249
54251
54284
54359
54383
54390
54433
54439
54456
54466
54550
54558
54559
54563
54567
54670
54682
54700
54745
54765
54778
54785
54794
54823
54835
54842
54849
54871
54946
54966
54994
55006
55008
55014
55046
55105
55111
55113
55125
55131
55154
55189
55199
55217
55218
55263
55276
55284
55288
55290
55310
55311
55376
55378
55381
55439
55475
55480
55489
55494
55499
55505
55522
55532
55552
55576
55589
55595
55608
55634
55641
55645
55646
55647
55649
55660
55674
55685
55695
55696
55709
55712
55713
55714
55717
55730
55789
55821
55828
55849
55860
55891
55917
55926
55927
55942
55957
55960
55969
55971
55975
55980
55997
56017
56030
56031
56038
56046
56082
56129
56202
56210
56244
56270
56290
56314
56340
56353
56364
56365
56427
56453
56485
56510
56517
56520
56535
56576
56588
56596
56603
56605
56611
56615
56632
56637
56654
56680
56701
56744
56772
56777
56823
56843
56844
56850
56863
56886
56918
56935
56957
56969
56995
57022
57052
57057
57069
57072
57090
57108
57145
57200
57215
57226
57243
57244
57253
57254
57263
57264
57273
57276
57324
57340
57394
57423
57424
57453
57454
57468
57512
57560
57566
57586
57603
57615
57663
57694
57754
57781
57790
57800
57835
57885
57950
57961
57962
57975
58012
58023
58033
58079
58132
58133
58171
58173
58179
58196
58212
58227
58228
58245
58249
58268
58278
58317
58336
58337
58376
58381
58382
58387
58413
58416
58417
58422
58423
58429
58437
58452
58462
58487
58500
58508
58509
58515
58555
58565
58572
58588
58593
58613
58615
58653
58671
58678
58689
58721
58775
58789
58792
58794
58827
58860
58894
58897
58916
58945
58961
58968
58970
59014
59023
59032
59040
59089
59094
59097
59099
59156
59224
59233
59247
59250
59285
59288
59299
59443
59448
59458
59490
59492
59501
59526
59536
59560
59569
59571
59577
59581
59590
59607
59634
59648
59687
59692
59693
59709
59719
59720
59740
59744
59745
59775
59794
59834
59843
59847
59877
59881
59914
59922
59925
59926
59930
59955
59963
59965
59981
59984
59998
60027
60054
60060
60076
60079
60098
60119
60120
60127
60149
60168
60206
60213
60219
60239
60256
60309
60333
60355
60358
60359
60387
60399
60409
60424
60431
60436
60437
60450
60454
60481
60484
60488
60491
60492
60493
60513
60524
60594
60595
60597
60599
60602
60606
60615
60640
60648
60667
60718
60741
60753
60763
60768
60783
60795
60803
60837
60871
60881
60924
60925
60926
60930
60955
60987
60992
61026
61032
61061
61069
61093
61131
61132
61158
61170
61174
61233
61254
61257
61263
61282
61294
61301
61356
61369
61374
61408
61418
61428
61444
61447
61462
61466
61469
61484
61536
61538
61539
61602
61625
61672
61745
61763
61766
61785
61812
61823
61825
61827
61837
61958
61978
61993
62059
62111
62118
62150
62198
62247
62261
62262
62271
62304
62318
62377
62384
62459
62466
62515
62527
62530
62548
62566
62579
62590
62603
62619
62655
62673
62681
62700
62732
62747
62777
62806
62856
62857
62880
62883
62885
62900
62917
62944
62948
62972
62975
62985
62986
62991
63047
63056
63058
63071
63078
63087
63094
63096
63117
63120
63145
63162
63187
63219
63237
63279
63280
63296
63311
63348
63356
63361
63381
63439
63462
63478
63486
63542
63564
63590
63596
63680
63694
63695
63712
63723
63724
63759
63767
63808
63814
63815
63826
63843
63951
63962
64042
64164
64195
64199
64203
64204
64213
64214
64224
64235
64236
64246
64248
64254
64256
64266
64274
64291
64297
64304
64310
64355
64361
64364
64427
64440
64463
64536
64543
64565
64598
64666
64668
64745
64760
64788
64816
64821
64846
64862
64868
64964
65042
65105
65106
65132
65135
65194
65210
65214
65224
65260
65271
65296
65299
65335
65339
65369
65400
65442
65451
65461
65472
65482
65532
65533
65570
65578
65592
65595
65605
65633
65639
65709
65734
65778
65780
65798
65812
65826
65838
65839
65947
65950
65962
65964
65968
65991
65992
66003
66021
66035
66057
66062
66065
66098
66107
66128
66133
66185
66199
66203
66239
66243
66250
66294
66311
66321
66329
66334
66354
66361
66402
66416
66445
66497
66498
66514
66520
66557
66561
66575
66607
66609
66626
66659
66663
66684
66704
66716
66755
66780
66786
66856
66867
66900
66941
66949
66959
66983
66988
66996
67031
67045
67051
67061
67071
67081
67082
67112
67130
67167
67199
67222
67230
67231
67243
67247
67278
67288
67315
67370
67377
67393
67426
67431
67465
67486
67490
67553
67566
67589
67610
67611
67643
67678
67691
67692
67705
67724
67729
67754
67759
67761
67782
67818
67843
67872
67907
67908
67918
67925
67926
67936
67953
67993
68010
68020
68039
68043
68049
68090
68092
68129
68137
68139
68195
68205
68206
68223
68234
68244
68288
68289
68332
68350
68372
68373
68395
68398
68424
68428
68445
68466
68473
68494
68509
68531
68552
68567
68588
68609
68638
68641
68648
68649
68654
68660
68679
68702
68705
68727
68741
68756
68763
68767
68798
68851
68864
68871
68877
68943
68946
68961
68973
68997
69001
69005
69006
69040
69049
69054
69055
69078
69079
69080
69088
69090
69098
69120
69121
69132
69148
69157
69177
69195
69201
69204
69224
69251
69262
69284
69308
69319
69331
69339
69413
69490
69501
69514
69519
69552
69608
69609
69629
69665
69673
69727
69740
69754
69757
69789
69810
69811
69828
69832
69855
69906
69917
69933
69956
69957
69962
70000
70006
70016
70022
70025
70091
70111
70123
70165
70191
70194
70202
70247
70314
70319
70324
70337
70357
70371
70381
70385
70386
70390
70391
70420
70439
70453
70454
70493
70516
70517
70530
70536
70565
70613
70620
70631
70652
70684
70696
70705
70735
70753
70761
70763
70838
70883
70886
70909
70992
71000
71038
71039
71054
71060
71066
71090
71125
71141
71148
71183
71189
71232
71237
71249
71261
71263
71266
71277
71290
71298
71313
71318
71336
71338
71345
71356
71407
71435
71494
71526
71533
71544
71600
71601
71639
71658
71678
71683
71686
71688
71697
71705
71716
71741
71770
71785
71807
71848
71870
71901
71917
71939
71955
71984
71997
72000
72032
72041
72068
72115
72189
72219
72241
72271
72280
72293
72305
72310
72331
72352
72357
72430
72469
72471
72484
72489
72514
72534
72546
72563
72572
72582
72585
72633
72642
72750
72751
72842
72903
72906
72916
72955
72977
72979
73035
73038
73041
73068
73100
73105
73118
73147
73151
73154
73172
73226
73230
73244
73246
73258
73270
73293
73322
73347
73352
73367
73373
73406
73409
73429
73464
73470
73516
73555
73559
73569
73586
73661
73703
73711
73737
73760
73768
73794
73802
73804
73824
73838
73861
73903
73917
73997
74028
74034
74036
74068
74116
74123
74130
74143
74148
74211
74255
74280
74299
74309
74381
74383
74419
74447
74448
74477
74487
74491
74514
74556
74576
74579
74606
74611
74635
74639
74691
74717
74740
74763
74779
74780
74793
74829
74850
74898
74909
74911
74954
74964
75059
75085
75123
75133
75142
75184
75197
75241
75257
75266
75271
75283
75303
75329
75335
75363
75380
75416
75427
75436
75453
75454
75457
75463
75479
75486
75488
75505
75520
75543
75554
75614
75635
75661
75662
75663
75682
75729
75730
75750
75753
75763
75783
75831
75837
75848
75872
75888
75896
75897
75911
75953
75956
75969
76013
76045
76117
76126
76133
76154
76167
76190
76224
76236
76242
76311
76323
76367
76369
76420
76437
76476
76506
76515
76526
76579
76584
76586
76601
76614
76645
76654
76705
76726
76738
76751
76843
76865
76890
76894
76957
76962
76963
76966
76968
76979
77007
77027
77030
77055
77057
77083
77103
77109
77124
77126
77198
77209
77221
77232
77242
77268
77273
77292
77293
77321
77333
77335
77361
77430
77467
77473
77477
77596
77652
77692
77705
77707
77710
77728
77770
77801
77802
77864
77878
77887
77894
77908
77914
77943
77947
77955
77956
78025
78029
78062
78143
78187
78232
78249
78277
78278
78285
78300
78323
78353
78385
78386
78460
78484
78544
78582
78587
78621
78623
78639
78643
78649
78656
78657
78713
78715
78762
78790
78804
78845
78855
78870
78948
78961
79002
79004
79011
79082
79094
79115
79117
79168
79172
79199
79210
79216
79222
79279
79308
79330
79355
79370
79390
79393
79434
79441
79451
79513
79538
79540
79567
79669
79685
79716
79719
79722
79749
79754
79772
79814
79834
79880
79887
79890
79913
79993
79989
79975
79959
79922
79908
79882
79879
79844
79833
79815
79809
79808
79796
79777
79723
79675
79673
79618
79616
79525
79514
79443
79434
79414
79404
79390
79381
79373
79314
79279
79277
79274
79254
79220
79167
79162
79148
79137
79119
79117
79109
79107
79090
79074
79071
79070
79040
79035
79022
78995
78990
78934
78912
78897
78887
78865
78771
78770
78712
78692
78683
78661
78655
78650
78615
78611
78602
78593
78537
78518
78504
78482
78453
78431
78421
78399
78395
78380
78340
78329
78326
78297
78292
78291
78284
78273
78267
78206
78203
78191
78164
78160
78153
78128
78105
78096
78080
78073
78048
78026
78012
78007
77997
77987
77982
77965
77948
77939
77935
77895
77887
77872
77870
77804
77759
77757
77750
77744
77699
77669
77647
77646
77627
77598
77595
77581
77575
77557
77533
77510
77475
77468
77467
77450
77401
77354
77327
77287
77276
77258
77248
77215
77211
77202
77191
77177
77157
77145
77141
77129
77125
77118
77109
77106
77097
77078
77047
77021
77018
76999
76979
76957
76956
76938
76901
76833
76814
76799
76787
76748
76739
76725
76724
76672
76652
76650
76647
76623
76621
76613
76586
76582
76579
76565
76551
76543
76540
76538
76530
76484
76468
76441
76376
76355
76341
76278
76243
76191
76162
76160
76142
76125
76084
76080
76039
76033
75988
75987
75972
75965
75945
75936
75896
75888
75887
75877
75858
75828
75823
75796
75737
75736
75700
75652
75644
75627
75596
75562
75518
75475
75461
75420
75407
75405
75346
75314
75310
75275
75234
75208
75185
75168
75164
75153
75100
75075
75064
75056
75055
74989
74986
74968
74960
74946
74942
74893
74884
74878
74853
74839
74830
74815
74791
74786
74779
74775
74765
74743
74717
74683
74667
74662
74655
74629
74611
74606
74604
74563
74549
74541
74538
74509
74477
74462
74450
74420
74419
74397
74381
74349
74337
74311
74280
74195
74188
74174
74173
74152
74140
74118
74110
74083
74060
74058
74024
73993
73971
73960
73954
73896
73877
73867
73849
73847
73844
73843
73842
73837
73830
73804
73802
73790
73787
73760
73739
73724
73660
73640
73639
73620
73619
73612
73601
73592
73489
73478
73472
73468
73429
73401
73393
73378
73373
73335
73288
73285
73280
73273
73261
73232
73228
73184
73153
73144
73118
73082
73079
73053
73049
73027
72984
72963
72944
72920
72906
72865
72810
72787
72763
72760
72753
72739
72721
72647
72629
72563
72558
72535
72530
72510
72491
72483
72449
72433
72432
72358
72316
72265
72250
72239
72222
72192
72183
72143
72117
72105
72077
72042
72030
72022
71970
71969
71958
71939
71937
71920
71918
71894
71884
71883
71872
71852
71844
71799
71776
71738
71724
71703
71698
71623
71616
71601
71579
71568
71559
71536
71533
71529
71511
71500
71446
71410
71408
71402
71341
71301
71270
71265
71249
71248
71146
71135
71126
71045
71033
71016
70969
70920
70887
70861
70856
70852
70850
70835
70820
70801
70788
70732
70706
70702
70699
70665
70663
70643
70616
70609
70600
70574
70573
70546
70530
70517
70508
70503
70490
70459
70422
70420
70404
70393
70368
70359
70358
70339
70338
70332
70315
70293
70267
70263
70250
70245
70219
70217
70214
70212
70170
70165
70158
70131
70119
70109
70101
70096
70049
70018
70010
70000
69997
69974
69962
69960
69952
69942
69899
69876
69874
69870
69859
69851
69842
69833
69827
69821
69815
69813
69805
69801
69767
69765
69739
69670
69624
69582
69562
69553
69524
69523
69510
69488
69487
69466
69452
69433
69412
69411
69408
69404
69396
69393
69344
69335
69334
69315
69273
69261
69185
69183
69105
69054
69025
69019
69016
69015
69002
68982
68939
68938
68921
68891
68870
68861
68835
68827
68807
68785
68781
68774
68768
68767
68763
68720
68678
68670
68643
68626
68615
68596
68585
68569
68549
68543
68530
68495
68470
68464
68452
68431
68405
68388
68370
68342
68319
68297
68288
68273
68271
68263
68255
68239
68228
68136
68133
68112
68107
68099
67967
67959
67957
67948
67943
67936
67931
67929
67922
67849
67847
67827
67811
67767
67738
67727
67701
67686
67683
67666
67630
67624
67616
67610
67609
67570
67561
67544
67506
67500
67470
67465
67434
67430
67411
67409
67400
67386
67315
67255
67225
67200
67174
67171
67148
67146
67143
67123
67114
67102
67092
67090
67067
67056
67003
66994
66986
66964
66958
66940
66934
66925
66920
66911
66906
66892
66890
66881
66877
66875
66874
66818
66789
66784
66771
66738
66734
66723
66673
66670
66589
66581
66530
66513
66511
66498
66467
66437
66424
66413
66403
66389
66386
66323
66320
66300
66298
66272
66263
66260
66259
66201
66195
66182
66162
66105
66086
66075
66064
66026
65951
65925
65901
65896
65808
65806
65802
65744
65742
65739
65679
65667
65662
65660
65652
65640
65633
65621
65619
65600
65591
65575
65546
65524
65519
65509
65506
65469
65454
65423
65399
65377
65318
65316
65312
65301
65261
65245
65191
65189
65177
65171
65150
65097
65066
65026
64975
64946
64935
64926
64919
64898
64871
64867
64851
64850
64827
64825
64766
64764
64760
64726
64719
64693
64674
64647
64626
64585
64579
64546
64529
64526
64524
64498
64496
64455
64426
64410
64404
64333
64331
64303
64281
64271
64270
64244
64239
64227
64222
64219
64190
64187
64180
64178
64172
64170
64167
64158
64142
64113
64112
64064
64059
64049
64048
64031
64023
64015
64001
63996
63987
63952
63932
63893
63859
63856
63823
63821
63795
63774
63718
63658
63640
63636
63614
63542
63537
63496
63492
63481
63468
63453
63426
63412
63325
63281
63274
63272
63265
63232
63206
63171
63154
63152
63122
63112
63110
63102
63082
63055
62978
62925
62920
62915
62892
62884
62866
62852
62822
62760
62734
62690
62647
62612
62607
62603
62534
62504
62497
62479
62461
62446
62443
62420
62392
62383
62359
62343
62338
62336
62321
62300
62284
62257
62203
62197
62182
62169
62152
62140
62138
62133
62122
62095
62058
62040
62022
62021
61999
61958
61942
61940
61908
61899
61896
61863
61861
61850
61835
61827
61826
61789
61786
61781
61775
61747
61737
61710
61704
61694
61688
61682
61632
61624
61606
61585
61506
61498
61492
61463
61441
61438
61406
61404
61403
61338
61320
61317
61316
61302
61294
61288
61271
61268
61216
61214
61209
61194
61185
61149
61140
61122
61121
61091
61069
61053
60996
60986
60944
60926
60904
60885
60883
60881
60876
60844
60828
60797
60770
60741
60740
60732
60716
60708
60705
60703
60699
60691
60651
60630
60597
60594
60590
60588
60565
60552
60549
60545
60541
60540
60514
60510
60504
60467
60444
60434
60389
60356
60331
60330
60310
60282
60279
60256
60212
60158
60156
60072
60065
60030
60018
59977
59933
59921
59920
59917
59906
59870
59796
59784
59778
59775
59757
59744
59724
59718
59701
59689
59680
59673
59615
59602
59567
59561
59534
59513
59485
59484
59481
59475
59462
59457
59445
59397
59346
59345
59334
59325
59282
59277
59217
59196
59192
59177
59174
59173
59160
59144
59130
59114
59109
59097
59095
59079
59037
59034
59028
59013
58985
58973
58963
58954
58925
58883
58862
58860
58787
58786
58740
58635
58614
58571
58559
58546
58506
58455
58450
58448
58412
58367
58355
58351
58299
58297
58278
58274
58270
58242
58223
58196
58141
58124
58097
58094
58077
58074
58060
58031
57999
57964
57946
57936
57905
57904
57781
57725
57704
57679
57678
57673
57631
57620
57591
57549
57504
57489
57441
57411
57319
57294
57293
57225
57212
57185
57128
57122
57073
57053
57051
57045
56967
56950
56938
56933
56892
56875
56856
56847
56812
56803
56783
56758
56734
56712
56705
56698
56676
56670
56657
56639
56632
56493
56466
56462
56456
56389
56387
56373
56370
56332
56294
56256
56228
56225
56165
56162
56134
56126
56060
56018
55938
55932
55930
55926
55922
55913
55897
55893
55872
55869
55844
55809
55801
55760
55724
55717
55714
55692
55676
55594
55591
55554
55538
55480
55473
55449
55448
55426
55398
55342
55333
55326
55299
55277
55253
55217
55163
55149
55142
55139
55131
55128
55117
55105
55102
55100
55029
55011
54976
54966
54947
54945
54941
54918
54912
54909
54879
54862
54795
54785
54752
54732
54722
54721
54716
54705
54697
54656
54648
54613
54599
54594
54590
54544
54534
54531
54505
54494
54472
54379
54354
54339
54320
54310
54303
54294
54293
54280
54229
54220
54171
54104
54040
54035
54017
54006
53998
53986
53979
53944
53918
53868
53791
53768
53729
53709
53677
53661
53657
53656
53642
53633
53626
53599
53567
53558
53555
53553
53552
53498
53477
53476
53450
53439
53411
53407
53390
53384
53363
53354
53335
53334
53330
53328
53321
53311
53269
53246
53223
53201
53197
53181
53171
53149
53116
53109
53093
53092
53037
53023
52999
52969
52951
52947
52945
52927
52913
52861
52860
52856
52839
52789
52781
52763
52758
52742
52709
52677
52666
52631
52621
52617
52603
52572
52568
52558
52506
52493
52467
52447
52442
52410
52387
52383
52373
52338
52308
52304
52302
52269
52198
52185
52177
52166
52138
52136
52126
52118
52094
52085
52064
52062
52042
52031
52024
52022
51976
51958
51907
51859
51839
51837
51803
51797
51784
51777
51767
51751
51746
51737
51731
51730
51716
51708
51706
51672
51670
51632
51597
51594
51588
51579
51574
51544
51505
51490
51444
51412
51362
51347
51313
51303
51289
51222
51205
51184
51183
51176
51112
51084
51074
51055
50977
50965
50945
50937
50934
50919
50899
50896
50835
50833
50821
50818
50804
50773
50770
50730
50726
50701
50698
50681
50666
50656
50617
50595
50592
50564
50562
50536
50532
50523
50522
50511
50474
50471
50451
50426
50369
50361
50326
50317
50270
50213
50211
50206
50199
50167
50148
50131
50124
50108
50104
50101
50038
50030
50023
49999
49978
49915
49908
49881
49860
49851
49842
49818
49809
49793
49766
49762
49745
49737
49732
49719
49713
49703
49675
49662
49658
49612
49608
49584
49565
49550
49532
49520
49508
49481
49480
49460
49435
49424
49396
49361
49347
49345
49294
49273
49270
49248
49246
49213
49154
49153
49145
49101
49059
49021
49012
49006
49002
48977
48967
48948
48923
48922
48876
48866
48861
48828
48818
48813
48795
48777
48770
48764
48747
48743
48742
48726
48720
48688
48676
48668
48645
48644
48637
48628
48611
48589
48566
48537
48514
48471
48461
48446
48443
48438
48423
48373
48372
48250
48238
48230
48220
48154
48109
48058
48007
47970
47958
47956
47931
47909
47903
47889
47828
47823
47757
47699
47686
47680
47672
47670
47613
47609
47581
47555
47538
47521
47474
47463
47462
47416
47317
47231
47196
47192
47188
47184
47177
47170
47160
47140
47135
47130
47099
47095
47069
47049
47048
47037
46992
46945
46937
46928
46924
46923
46920
46913
46884
46879
46872
46844
46823
46820
46804
46756
46736
46708
46690
46684
46643
46632
46612
46586
46566
46535
46508
46503
46479
46476
46468
46445
46435
46405
46382
46376
46365
46329
46303
46291
46284
46266
46265
46231
46208
46166
46163
46162
46114
46112
46065
46058
46038
46016
45977
45970
45921
45909
45873
45859
45840
45834
45781
45769
45753
45748
45713
45697
45694
45671
45549
45548
45538
45523
45515
45508
45497
45483
45475
45460
45454
45430
45412
45407
45333
45273
45272
45252
45232
45222
45221
45190
45136
45126
45125
45121
45119
45107
45103
45101
45066
45046
45040
45032
45021
45017
45009
45000
44991
44987
44971
44908
44902
44810
44793
44785
44780
44776
44772
44755
44753
44739
44736
44735
44722
44719
44718
44671
44650
44645
44641
44621
44595
44576
44546
44504
44491
44485
44430
44402
44377
44342
44322
44317
44314
44281
44254
44251
44249
44219
44180
44139
44123
44112
44106
44100
44089
44087
44078
44057
44010
43988
43987
43974
43917
43900
43868
43846
43833
43830
43818
43808
43787
43758
43697
43695
43693
43633
43630
43617
43614
43611
43609
43595
43585
43578
43538
43481
43477
43470
43444
43423
43414
43393
43390
43382
43379
43376
43375
43342
43296
43295
43271
43248
43233
43158
43150
43093
43077
43066
43040
42987
42984
42981
42881
42880
42861
42849
42773
42767
42741
42740
42708
42660
42588
42507
42504
42485
42466
42463
42459
42454
42421
42418
42324
42279
42272
42245
42237
42231
42212
42210
42207
42206
42179
42115
42107
42034
42016
42007
41999
41967
41966
41960
41861
41853
41834
41828
41804
41776
41768
41729
41727
41710
41703
41690
41682
41670
41669
41666
41637
41623
41613
41563
41494
41493
41464
41439
41435
41424
41398
41371
41344
41332
41325
41306
41250
41244
41229
41171
41156
41154
41149
41146
41110
41108
41068
41067
41061
41048
41041
41023
41022
40965
40961
40942
40906
40873
40871
40852
40844
40807
40796
40788
40742
40730
40709
40708
40665
40648
40590
40581
40571
40547
40546
40539
40506
40462
40459
40458
40457
40449
40446
40439
40425
40393
40386
40351
40340
40289
40276
40272
40267
40233
40206
40184
40182
40170
40167
40158
40157
40091
40049
40024
40010
39979
39977
39928
39924
39920
39912
39836
39829
39814
39813
39776
39765
39758
39741
39734
39725
39639
39638
39621
39594
39590
39582
39547
39530
39516
39497
39493
39468
39373
39370
39352
39323
39315
39253
39218
39217
39190
39186
39165
39158
39088
39084
38983
38977
38969
38965
38958
38922
38891
38874
38870
38866
38848
38783
38766
38742
38710
38704
38684
38664
38662
38632
38590
38575
38564
38554
38549
38545
38535
38494
38466
38464
38452
38451
38445
38427
38402
38381
38376
38327
38322
38286
38280
38279
38272
38271
38256
38245
38237
38208
38174
38157
38156
38147
38136
38089
38084
38075
38067
38066
38060
38056
38040
38018
37952
37905
37903
37884
37864
37833
37774
37773
37768
37758
37737
37736
37734
37726
37720
37701
37695
37694
37688
37670
37628
37545
37542
37532
37505
37504
37501
37493
37490
37459
37410
37406
37342
37310
37299
37246
37213
37208
37191
37162
37161
37146
37116
37111
37101
37099
37093
37068
37057
37056
37049
37048
37030
37007
36994
36993
36963
36942
36920
36909
36906
36901
36897
36878
36864
36862
36843
36804
36788
36690
36656
36648
36643
36640
36604
36589
36578
36566
36564
36563
36560
36551
36534
36533
36510
36506
36501
36426
36358
36285
36283
36282
36259
36256
36252
36234
36218
36204
36188
36187
36166
36135
36132
36124
36106
36087
36078
36067
36060
36015
36014
35980
35953
35944
35901
35881
35841
35781
35775
35712
35696
35691
35660
35651
35632
35629
35612
35609
35598
35581
35554
35521
35494
35468
35442
35433
35428
35427
35412
35398
35387
35369
35362
35343
35282
35275
35255
35247
35238
35224
35216
35131
35127
35123
35111
35093
35087
35062
35052
35046
35028
34998
34989
34960
34935
34926
34886
34860
34841
34840
34839
34834
34822
34810
34790
34782
34752
34733
34679
34675
34657
34641
34626
34624
34622
34612
34606
34570
34508
34500
34459
34452
34419
34411
34391
34377
34373
34364
34348
34301
34300
34279
34265
34212
34202
34198
34195
34194
34189
34170
34155
34154
34136
34113
34105
34103
34061
34056
34051
34040
34039
33951
33929
33926
33919
33917
33909
33872
33839
33833
33823
33793
33774
33766
33762
33746
33717
33712
33703
33653
33645
33633
33591
33585
33562
33541
33502
33489
33460
33451
33435
33415
33413
33402
33383
33380
33340
33284
33280
33266
33246
33224
33213
33211
33208
33203
33158
33091
33061
33056
33037
33026
32999
32965
32937
32923
32900
32893
32871
32863
32846
32822
32821
32783
32754
32726
32708
32704
32703
32697
32696
32686
32666
32651
32637
32635
32615
32607
32591
32539
32512
32460
32440
32426
32420
32402
32395
32391
32378
32301
32269
32231
32227
32215
32213
32208
32192
32191
32174
32173
32128
32126
32116
32114
32063
32055
32052
32030
32011
31969
31965
31926
31910
31862
31851
31843
31792
31780
31769
31734
31699
31678
31658
31642
31549
31544
31537
31517
31504
31397
31389
31366
31364
31363
31338
31321
31314
31312
31285
31272
31248
31238
31213
31201
31186
31183
31152
31103
31079
31075
31062
31020
30989
30984
30961
30944
30830
30828
30814
30765
30747
30735
30692
30640
30630
30601
30598
30581
30567
30546
30541
30517
30466
30434
30402
30398
30395
30376
30367
30323
30281
30278
30256
30242
30229
30211
30162
30147
30138
30129
30127
30123
30091
30090
30002
29999
29994
29992
29949
29942
29933
29928
29926
29923
29920
29903
29889
29864
29853
29826
29813
29806
29797
29784
29765
29758
29742
29741
29719
29705
29653
29649
29616
29582
29565
29556
29530
29523
29509
29501
29471
29445
29388
29342
29337
29265
29256
29247
29244
29240
29206
29176
29166
29123
29069
29063
29056
29052
29047
29046
29041
29025
29011
29002
28984
28957
28951
28947
28944
28920
28910
28885
28883
28824
28823
28807
28788
28743
28727
28712
28698
28693
28648
28635
28624
28619
28615
28596
28577
28576
28560
28559
28557
28545
28524
28482
28441
28404
28362
28258
28255
28239
28237
28224
28221
28196
28186
28174
28166
28160
28077
28009
28000
27992
27974
27955
27944
27942
27932
27909
27824
27819
27814
27813
27785
27756
27735
27725
27721
27702
27700
27696
27665
27650
27582
27560
27550
27526
27503
27494
27478
27473
27417
27407
27391
27347
27342
27314
27282
27259
27229
27201
27197
27092
27090
27088
27080
27075
27026
27012
27010
27009
26976
26921
26914
26884
26868
26864
26794
26784
26761
26751
26722
26718
26695
26691
26674
26663
26649
26634
26612
26598
26585
26557
26535
26527
26508
26498
26466
26410
26396
26304
26280
26219
26118
26090
26079
26074
26063
26019
26007
25998
25992
25991
25979
25944
25927
25911
25906
25879
25877
25872
25845
25838
25826
25792
25751
25719
25705
25703
25656
25610
25605
25583
25580
25548
25506
25455
25443
25371
25366
25362
25360
25311
25278
25272
25251
25244
25218
25216
25155
25109
25069
25065
25057
25037
25028
25026
25023
24985
24962
24933
24901
24897
24884
24879
24873
24814
24775
24752
24728
24714
24697
24694
24688
24683
24658
24636
24564
24519
24503
24444
24425
24419
24403
24379
24378
24377
24375
24313
24296
24273
24258
24252
24228
24227
24219
24198
24191
24180
24120
24116
24105
24078
24070
24062
24051
24036
24022
23995
23983
23953
23933
23927
23924
23918
23908
23907
23895
23881
23848
23826
23798
23790
23788
23734
23720
23674
23659
23655
23651
23640
23625
23620
23593
23581
23563
23553
23525
23509
23508
23485
23454
23453
23443
23431
23393
23390
23381
23376
23346
23344
23327
23326
23317
23299
23251
23250
23241
23190
23180
23133
23107
23076
23054
23033
23030
23012
22995
22968
22939
22927
22917
22897
22887
22880
22794
22776
22737
22734
22703
22698
22668
22664
22645
22608
22583
22533
22492
22425
22411
22392
22383
22352
22346
22321
22299
22292
22273
22242
22241
22182
22133
22066
22057
22046
22021
22017
21960
21944
21908
21876
21848
21819
21753
21744
21726
21712
21704
21685
21622
21577
21563
21553
21544
21524
21515
21508
21455
21444
21439
21406
21388
21365
21322
21286
21282
21254
21245
21226
21195
21173
21164
21156
21154
21140
21112
21106
21105
21103
21090
21085
21017
20966
20954
20952
20946
20939
20937
20921
20919
20885
20862
20861
20839
20822
20821
20817
20806
20800
20772
20771
20746
20745
20680
20679
20667
20654
20627
20622
20613
20611
20588
20576
20573
20565
20538
20529
20528
20517
20504
20501
20489
20487
20452
20422
20410
20397
20377
20350
20348
20343
20336
20311
20295
20283
20261
20191
20188
20172
20157
20156
20123
20118
20105
20095
20088
20087
20082
20070
20044
20038
20033
19949
19946
19904
19898
19890
19862
19840
19826
19803
19794
19773
19763
19714
19707
19681
19676
19660
19651
19650
19627
19625
19569
19542
19525
19506
19477
19472
19467
19456
19438
19403
19397
19391
19382
19358
19314
19295
19268
19235
19234
19230
19227
19212
19211
19209
19205
19138
19137
19132
19109
19058
19053
19023
19020
19001
18996
18973
18962
18956
18955
18951
18931
18913
18902
18897
18890
18878
18861
18821
18817
18791
18759
18733
18699
18688
18650
18641
18639
18600
18574
18527
18519
18480
18454
18447
18418
18413
18397
18386
18377
18372
18361
18328
18321
18307
18285
18254
18243
18238
18235
18219
18208
18101
18094
18045
18027
18024
18018
17942
17931
17912
17895
17887
17885
17880
17872
17862
17857
17842
17820
17813
17802
17794
17790
17768
17711
17684
17670
17635
17620
17601
17594
17543
17514
17510
17470
17433
17409
17398
17371
17360
17310
17290
17216
17090
17058
17009
16994
16993
16986
16977
16936
16935
16933
16907
16902
16880
16860
16840
16830
16816
16809
16756
16739
16733
16725
16674
16671
16668
16654
16652
16649
16639
16636
16564
16553
16518
16502
16438
16404
16389
16384
16347
16333
16282
16220
16184
16153
16117
16105
16083
16056
16037
16009
15996
15966
15964
15941
15884
15863
15843
15839
15766
15751
15675
15673
15668
15660
15655
15639
15605
15589
15564
15561
15560
15558
15528
15446
15437
15420
15411
15399
15336
15317
15316
15311
15241
15199
15194
15188
15182
15170
15087
15068
15035
15029
15020
15012
15000
14991
14986
14930
14895
14841
14834
14819
14809
14772
14708
14639
14627
14609
14598
14591
14582
14543
14513
14486
14418
14399
14398
14337
14329
14317
14286
14272
14261
14256
14203
14188
14153
14151
14148
14087
14086
14071
14056
14014
14003
13994
13983
13975
13909
13883
13881
13827
13768
13710
13684
13670
13668
13666
13665
13658
13639
13634
13630
13616
13588
13535
13498
13492
13488
13478
13476
13459
13427
13420
13412
13404
13367
13355
13354
13321
13281
13278
13266
13221
13213
13197
13120
13049
13009
12945
12925
12908
12893
12881
12871
12849
12836
12825
12817
12754
12740
12731
12713
12711
12707
12689
12687
12672
12663
12613
12612
12585
12563
12557
12552
12548
12544
12521
12469
12436
12422
12380
12256
12250
12225
12041
12033
12014
12013
11982
11971
11959
11934
11919
11914
11853
11843
11837
11818
11811
11764
11729
11721
11714
11712
11699
11648
11628
11618
11603
11600
11580
11579
11573
11532
11528
11510
11500
11490
11462
11437
11427
11414
11409
11406
11398
11348
11288
11271
11263
11260
11251
11207
11206
11161
11127
11125
11100
11091
11086
11073
11038
11031
11007
10934
10918
10911
10903
10902
10877
10875
10812
10808
10790
10769
10761
10750
10692
10651
10649
10637
10573
10570
10552
10512
10499
10477
10461
10458
10446
10437
10401
10391
10363
10359
10324
10323
10322
10288
10264
10221
10218
10209
10186
10183
10164
10163
10093
10042
10020
10012
10000
9971
9907
9891
9867
9858
9847
9832
9803
9776
9753
9745
9704
9669
9643
9634
9626
9598
9588
9582
9579
9547
9533
9511
9501
9495
9482
9472
9465
9414
9402
9388
9372
9361
9320
9286
9191
9175
9141
9133
9117
9111
9092
9080
9079
9046
9036
9032
8999
8980
8939
8926
8909
8900
8888
8871
8854
8833
8777
8774
8766
8738
8726
8725
8694
8692
8685
8679
8654
8648
8642
8634
8628
8617
8610
8600
8595
8586
8580
8555
8534
8485
8468
8437
8395
8393
8389
8387
8363
8347
8341
8288
8264
8216
8209
8198
8189
8136
8135
8115
8105
8067
8057
8015
8004
7997
7947
7935
7927
7887
7884
7857
7848
7821
7820
7783
7768
7767
7759
7757
7756
7739
7726
7710
7696
7677
7670
7635
7606
7593
7582
7578
7548
7539
7519
7491
7481
7415
7411
7397
7367
7363
7322
7317
7308
7244
7236
7221
7168
7148
7131
7116
7103
7074
7070
7034
7030
7021
6990
6953
6941
6931
6893
6869
6853
6773
6760
6745
6729
6725
6724
6696
6666
6660
6629
6589
6563
6558
6546
6533
6518
6510
6470
6447
6433
6397
6390
6386
6380
6358
6307
6305
6297
6282
6247
6234
6230
6221
6179
6178
6164
6163
6143
6137
6117
6116
6087
6045
6023
6014
6000
5967
5947
5902
5901
5882
5867
5848
5841
5834
5828
5820
5773
5770
5763
5719
5712
5694
5662
5642
5604
5581
5577
5575
5556
5550
5527
5522
5468
5453
5420
5414
5383
5361
5360
5341
5278
5273
5222
5180
5096
5095
5073
5063
5057
4966
4941
4907
4905
4898
4855
4847
4806
4798
4773
4728
4723
4688
4681
4669
4668
4604
4557
4540
4509
4504
4495
4465
4463
4457
4432
4386
4360
4346
4336
4333
4307
4306
4300
4253
4243
4195
4128
4127
4124
4104
4069
4002
3982
3977
3950
3931
3907
3901
3880
3848
3822
3781
3770
3760
3751
3743
3708
3703
3698
3687
3679
3627
3519
3495
3487
3475
3447
3393
3369
3346
3344
3321
3247
3234
3231
3225
3213
3184
3167
3166
3159
3144
3143
3124
3075
3068
3064
3056
3043
3024
3022
3005
2946
2941
2932
2865
2846
2814
2811
2784
2782
2774
2770
2766
2753
2729
2693
2665
2659
2647
2641
2631
2625
2578
2574
2570
2568
2543
2514
2512
2502
2495
2483
2479
2433
2412
2385
2374
2352
2351
2339
2331
2308
2297
2259
2258
2257
2189
2163
2152
2151
2150
2142
2130
2128
2127
2126
2115
2114
2107
2106
2068
2060
2002
1971
1968
1961
1908
1868
1833
1826
1821
1808
1755
1751
1732
1697
1692
1682
1677
1581
1534
1532
1523
1391
1350
1332
1295
1243
1240
1233
1180
1159
1156
1104
1102
1090
1072
1066
1054
1026
969
965
960
934
925
911
905
859
856
850
804
764
744
741
707
694
648
641
638
570
539
536
534
520
496
415
409
401
398
349
331
330
319
316
255
251
248
232
180
169
136
129
124
108
102
101
89
k
