18
35
56
57
76
95
97
112
147
166
180
194
203
268
283
285
311
332
367
380
410
414
415
432
472
514
539
557
564
565
593
597
624
650
675
729
740
780
793
820
847
870
889
899
936
968
984
1002
1003
1024
1037
1041
1056
1087
1094
1111
1173
1180
1214
1225
1280
1376
1427
1440
1461
1467
1513
1525
1594
1648
1659
1674
1710
1723
1729
1735
1739
1762
1785
1810
1836
1852
1874
1877
1957
1958
1971
1977
1978
1986
2008
2009
2010
2013
2040
2041
2047
2054
2089
2105
2108
2117
2157
2161
2200
2219
2224
2242
2253
2260
2261
2273
2281
2288
2298
2318
2328
2329
2357
2359
2362
2367
2369
2381
2391
2429
2446
2456
2498
2508
2537
2570
2578
2582
2625
2665
2669
2686
2708
2716
2727
2734
2745
2746
2771
2775
2791
2800
2803
2804
2830
2880
2887
2901
2902
2912
2938
2948
2970
2983
3023
3036
3039
3043
3069
3092
3128
3140
3150
3167
3175
3213
3216
3228
3254
3259
3265
3273
3364
3427
3445
3462
3463
3473
3492
3507
3512
3516
3552
3554
3581
3587
3588
3616
3631
3663
3701
3726
3767
3801
3855
3893
3896
3943
3948
3972
3974
3981
3990
4055
4066
4067
4070
4082
4109
4110
4172
4187
4233
4251
4289
4295
4297
4322
4340
4411
4420
4464
4491
4518
4525
4577
4588
4626
4627
4631
4649
4652
4678
4691
4730
4732
4777
4781
4823
4851
4852
4898
4937
4946
4950
4968
4985
4989
4993
5009
5030
5033
5084
5087
5156
5179
5197
5227
5236
5296
5318
5320
5356
5365
5375
5379
5407
5492
5510
5580
5618
5651
5668
5690
5691
5699
5734
5740
5775
5844
5855
5881
5887
5906
5907
5949
5950
5970
5973
5992
6015
6032
6052
6063
6074
6100
6101
6130
6133
6135
6148
6160
6168
6174
6184
6190
6192
6202
6277
6288
6305
6338
6343
6344
6345
6348
6358
6441
6453
6462
6513
6526
6538
6548
6552
6566
6574
6587
6590
6607
6624
6649
6687
6725
6786
6812
6855
6867
6870
6948
6973
6985
7007
7024
7025
7045
7065
7133
7161
7166
7167
7181
7187
7207
7215
7267
7294
7308
7310
7346
7367
7427
7460
7462
7465
7504
7529
7531
7534
7550
7559
7570
7571
7601
7609
7697
7702
7707
7722
7730
7734
7745
7758
7811
7821
7837
7892
7928
7954
7958
7974
7981
8029
8041
8074
8093
8131
8137
8156
8160
8162
8187
8207
8224
8225
8242
8247
8286
8326
8351
8380
8381
8384
8439
8470
8486
8497
8517
8545
8546
8567
8595
8604
8608
8624
8626
8655
8688
8747
8774
8790
8791
8792
8794
8796
8808
8811
8812
8825
8855
8917
8934
8941
8944
8976
8980
9000
9046
9107
9114
9162
9167
9235
9237
9299
9381
9389
9441
9500
9510
9521
9525
9577
9610
9621
9635
9653
9660
9679
9705
9742
9744
9750
9759
9779
9793
9823
9861
9862
9871
9876
9885
9895
9938
9944
9953
9965
9968
9975
9988
10015
10029
10058
10096
10107
10117
10165
10187
10214
10217
10332
10365
10392
10406
10412
10419
10423
10452
10539
10558
10585
10617
10629
10637
10639
10654
10670
10690
10701
10715
10727
10746
10767
10796
10824
10837
10854
10860
10869
10874
10875
10886
10891
10898
10924
10957
11006
11010
11022
11025
11046
11048
11052
11060
11094
11100
11132
11145
11157
11160
11177
11196
11200
11250
11269
11270
11291
11320
11321
11329
11346
11353
11372
11430
11433
11462
11515
11520
11530
11540
11559
11583
11600
11620
11629
11640
11673
11679
11682
11733
11767
11773
11774
11782
11787
11832
11838
11875
11879
11891
11899
11934
11955
11958
11964
11987
11989
12017
12018
12058
12059
12108
12111
12112
12127
12142
12144
12176
12194
12265
12273
12300
12391
12393
12399
12457
12504
12534
12571
12580
12730
12732
12734
12749
12750
12779
12832
12838
12848
12851
12860
12864
12865
12874
12875
12876
12919
12926
12933
12934
12935
12937
12943
12949
12972
12996
13038
13040
13046
13067
13069
13107
13114
13161
13190
13207
13240
13249
13288
13291
13298
13322
13328
13352
13377
13452
13454
13455
13468
13508
13522
13533
13583
13585
13588
13628
13633
13677
13683
13695
13715
13749
13769
13795
13822
13865
13890
13919
13920
13931
13935
13936
13942
13960
13978
13996
14009
14040
14095
14098
14109
14122
14173
14203
14286
14315
14327
14333
14338
14344
14380
14466
14484
14490
14573
14589
14592
14598
14608
14621
14646
14648
14649
14666
14681
14692
14701
14709
14728
14750
14761
14762
14779
14795
14808
14812
14824
14857
14883
14889
14910
14919
14928
14951
14978
14984
14997
15036
15076
15086
15089
15157
15181
15210
15224
15238
15338
15348
15352
15363
15364
15398
15419
15425
15429
15452
15455
15460
15474
15495
15532
15576
15585
15653
15703
15794
15808
15829
15851
15866
15877
15900
15914
15919
15959
15989
16017
16032
16075
16099
16107
16156
16188
16190
16211
16216
16223
16239
16253
16266
16279
16291
16297
16319
16332
16339
16343
16349
16351
16423
16428
16468
16474
16477
16512
16592
16596
16627
16662
16672
16692
16709
16720
16739
16773
16795
16804
16829
16831
16855
16857
16865
16885
16888
16905
16918
16921
16946
16979
16980
17010
17030
17050
17067
17086
17092
17115
17147
17156
17157
17211
17302
17303
17304
17323
17336
17344
17366
17375
17426
17430
17434
17463
17529
17537
17582
17675
17729
17730
17775
17784
17809
17839
17846
17848
17865
17874
17881
17964
18021
18041
18047
18065
18118
18125
18129
18131
18143
18145
18235
18260
18269
18308
18314
18317
18324
18356
18357
18383
18393
18405
18411
18421
18431
18455
18472
18523
18525
18533
18548
18580
18591
18605
18628
18652
18668
18674
18686
18695
18718
18729
18739
18765
18784
18794
18846
18988
19001
19016
19034
19079
19086
19091
19112
19126
19134
19145
19167
19172
19205
19214
19228
19291
19306
19314
19323
19332
19352
19361
19383
19428
19450
19457
19462
19485
19486
19491
19504
19507
19520
19596
19604
19616
19656
19670
19687
19714
19715
19740
19772
19778
19791
19792
19808
19846
19884
19886
19899
19941
19959
20028
20036
20038
20085
20090
20109
20154
20156
20170
20178
20185
20190
20202
20206
20227
20298
20308
20318
20325
20358
20434
20439
20465
20469
20480
20498
20511
20514
20530
20559
20587
20623
20632
20636
20637
20647
20655
20663
20664
20685
20691
20708
20718
20751
20773
20797
20818
20832
20835
20878
20886
20899
20909
20915
20920
20941
20948
20970
20987
20996
21021
21022
21023
21087
21089
21101
21111
21117
21129
21169
21211
21256
21266
21268
21273
21301
21320
21337
21343
21344
21354
21363
21383
21384
21492
21517
21526
21558
21568
21590
21606
21655
21662
21676
21691
21692
21708
21712
21749
21753
21823
21824
21856
21892
21894
21900
21913
21914
21919
21930
21931
21982
22035
22055
22072
22076
22086
22104
22131
22135
22136
22163
22168
22181
22189
22200
22201
22243
22248
22266
22272
22353
22363
22368
22369
22419
22490
22516
22528
22536
22540
22552
22556
22558
22585
22604
22617
22639
22641
22670
22680
22703
22761
22772
22801
22849
22851
22854
22864
22901
22906
22926
23004
23012
23015
23029
23046
23047
23050
23056
23063
23107
23157
23159
23161
23168
23169
23198
23212
23228
23253
23256
23262
23264
23276
23348
23354
23358
23373
23411
23445
23447
23488
23492
23526
23533
23541
23551
23553
23578
23638
23658
23710
23719
23723
23745
23755
23766
23805
23878
23901
23904
23912
23958
23991
24070
24076
24079
24082
24096
24108
24116
24117
24158
24160
24185
24274
24306
24332
24346
24365
24398
24401
24424
24428
24452
24458
24504
24519
24536
24547
24561
24577
24600
24622
24635
24644
24659
24667
24699
24745
24748
24769
24822
24834
24836
24866
24869
24878
24913
24938
24958
24988
25038
25053
25065
25068
25088
25089
25095
25107
25132
25138
25142
25163
25235
25277
25345
25375
25387
25399
25402
25424
25435
25450
25480
25509
25519
25525
25527
25533
25548
25562
25564
25581
25603
25645
25646
25678
25685
25715
25760
25792
25812
25815
25834
25842
25898
25926
25934
25952
25977
25991
26005
26020
26059
26069
26142
26146
26166
26176
26180
26226
26228
26256
26312
26316
26339
26341
26348
26361
26367
26394
26463
26471
26477
26491
26518
26521
26543
26551
26577
26595
26598
26651
26672
26702
26734
26754
26775
26798
26806
26810
26830
26912
26921
26929
26941
26975
26996
27008
27009
27019
27028
27040
27059
27072
27099
27133
27141
27172
27176
27239
27254
27285
27304
27330
27337
27363
27396
27470
27519
27545
27550
27570
27592
27614
27626
27635
27639
27659
27663
27677
27679
27682
27687
27728
27741
27744
27752
27757
27813
27831
27851
27885
27897
27937
27967
28003
28004
28005
28018
28083
28088
28113
28143
28198
28226
28235
28238
28240
28291
28299
28304
28313
28317
28334
28355
28378
28398
28413
28418
28425
28431
28446
28475
28478
28507
28512
28592
28593
28653
28663
28672
28683
28704
28708
28732
28743
28816
28828
28840
28853
28862
28867
28919
28961
29050
29117
29123
29151
29197
29234
29253
29255
29257
29261
29273
29280
29283
29308
29333
29393
29413
29419
29428
29431
29447
29450
29451
29456
29531
29552
29568
29569
29572
29602
29621
29631
29636
29640
29646
29719
29722
29735
29743
29750
29795
29799
29817
29818
29845
29890
29891
29896
29947
29998
30018
30055
30066
30093
30111
30139
30140
30146
30180
30219
30221
30244
30268
30299
30309
30320
30329
30346
30441
30451
30488
30490
30515
30531
30546
30559
30605
30620
30626
30682
30687
30738
30750
30758
30773
30779
30780
30827
30845
30870
30892
30899
30901
30914
30923
30956
30989
31003
31022
31031
31078
31094
31100
31119
31157
31172
31173
31187
31208
31218
31230
31242
31267
31277
31287
31289
31290
31301
31304
31348
31363
31418
31455
31469
31563
31587
31593
31605
31622
31654
31662
31667
31681
31722
31755
31799
31823
31826
31831
31845
31848
31852
31855
31857
31858
31869
31870
31878
31905
31914
31920
31934
31941
31965
31975
32000
32007
32012
32031
32034
32068
32085
32088
32091
32102
32134
32135
32175
32199
32211
32228
32259
32260
32269
32298
32313
32334
32370
32373
32391
32404
32426
32457
32463
32468
32475
32477
32491
32510
32516
32539
32628
32687
32750
32753
32756
32833
32842
32878
32884
32889
32890
32989
32993
33014
33019
33041
33047
33091
33095
33111
33155
33207
33222
33228
33244
33313
33320
33344
33356
33383
33407
33422
33429
33439
33444
33465
33493
33500
33507
33508
33524
33527
33555
33580
33605
33685
33730
33737
33760
33769
33795
33836
33838
33869
33891
33923
33926
33933
33960
33987
34008
34024
34030
34042
34093
34103
34141
34145
34149
34159
34168
34196
34203
34208
34250
34287
34290
34311
34340
34374
34376
34382
34432
34475
34486
34508
34535
34537
34547
34552
34566
34567
34582
34585
34587
34589
34592
34674
34725
34740
34748
34757
34760
34764
34828
34835
34868
34872
34892
34932
34937
34942
34948
34956
35006
35009
35011
35062
35071
35087
35128
35129
35142
35184
35200
35209
35222
35229
35256
35291
35300
35312
35328
35335
35364
35369
35397
35400
35410
35431
35497
35534
35581
35587
35661
35696
35713
35723
35735
35739
35793
35811
35835
35838
35909
35923
35925
35952
35974
36069
36133
36142
36167
36168
36191
36223
36270
36282
36283
36305
36338
36347
36371
36379
36381
36383
36388
36389
36395
36457
36471
36487
36488
36502
36510
36521
36533
36541
36545
36552
36559
36563
36574
36582
36590
36642
36664
36678
36745
36748
36762
36766
36774
36795
36807
36826
36898
36926
36947
36975
36981
36984
37038
37071
37094
37115
37118
37123
37127
37143
37148
37149
37181
37203
37208
37214
37238
37259
37301
37308
37355
37368
37372
37377
37406
37415
37422
37426
37441
37455
37460
37492
37500
37510
37513
37567
37591
37601
37609
37645
37672
37715
37736
37795
37821
37833
37848
37855
37883
37902
37911
37916
37932
37934
37955
37992
38018
38054
38056
38075
38076
38106
38133
38219
38271
38284
38313
38332
38346
38364
38366
38401
38402
38409
38411
38447
38461
38465
38468
38476
38507
38557
38586
38615
38628
38630
38662
38677
38732
38738
38741
38760
38787
38788
38789
38823
38871
38909
38918
38925
38963
38988
38996
39012
39029
39034
39053
39061
39084
39102
39104
39123
39128
39135
39189
39230
39263
39278
39293
39298
39337
39350
39351
39357
39360
39379
39382
39408
39410
39411
39434
39490
39502
39527
39576
39578
39593
39609
39617
39753
39768
39774
39787
39788
39789
39790
39799
39844
39848
39856
39872
39877
39899
39926
39934
39988
39971
39964
39878
39871
39848
39835
39829
39826
39785
39782
39774
39769
39767
39747
39730
39725
39679
39678
39661
39641
39550
39540
39534
39525
39491
39432
39364
39350
39340
39306
39304
39294
39264
39232
39231
39222
39164
39132
39129
39125
39123
39083
39045
39029
38984
38927
38912
38911
38908
38776
38757
38746
38744
38736
38734
38720
38663
38641
38637
38634
38613
38610
38599
38575
38569
38541
38400
38392
38391
38378
38372
38365
38352
38347
38298
38278
38273
38244
38243
38227
38220
38189
38188
38179
38178
38135
38120
38105
38104
38097
38096
38082
38045
38030
37983
37969
37935
37921
37911
37869
37863
37853
37830
37761
37756
37750
37745
37743
37736
37723
37722
37718
37710
37709
37655
37634
37618
37591
37572
37525
37522
37513
37510
37508
37503
37493
37489
37439
37384
37333
37305
37290
37281
37272
37268
37254
37249
37226
37196
37190
37169
37168
37164
37161
37160
37112
37105
37076
37050
37039
37035
37026
37006
37004
36996
36987
36970
36950
36949
36931
36914
36891
36868
36851
36830
36783
36768
36756
36755
36736
36716
36702
36691
36665
36643
36633
36624
36600
36594
36580
36560
36525
36484
36481
36455
36399
36395
36345
36197
36183
36131
36115
36084
36066
36051
36050
36030
36025
35976
35975
35966
35958
35953
35948
35861
35847
35784
35779
35777
35775
35774
35770
35753
35718
35710
35687
35654
35643
35625
35590
35559
35546
35532
35495
35476
35461
35455
35439
35438
35435
35428
35414
35383
35373
35367
35340
35333
35329
35326
35318
35302
35261
35256
35248
35224
35208
35204
35200
35182
35179
35170
35159
35151
35114
35096
35078
35044
35017
35010
35004
34982
34968
34963
34952
34949
34913
34857
34853
34827
34802
34796
34790
34774
34768
34760
34759
34714
34713
34707
34698
34691
34642
34630
34615
34586
34574
34556
34525
34498
34450
34442
34390
34352
34348
34344
34342
34340
34313
34295
34281
34263
34260
34225
34192
34185
34148
34142
34121
34102
34095
34062
33995
33957
33947
33889
33878
33856
33853
33812
33809
33783
33771
33769
33719
33716
33713
33687
33677
33675
33653
33627
33620
33576
33574
33553
33489
33441
33429
33379
33352
33317
33308
33299
33284
33272
33253
33186
33161
33156
33148
33145
33142
33122
33121
33115
33085
33078
33039
33032
33017
33016
33015
33008
32920
32902
32859
32857
32816
32788
32766
32760
32714
32711
32707
32704
32694
32674
32673
32610
32593
32575
32543
32494
32465
32460
32455
32381
32379
32333
32302
32287
32273
32271
32245
32222
32203
32186
32183
32176
32173
32152
32144
32083
32079
32016
32002
31996
31960
31922
31908
31905
31871
31859
31838
31809
31782
31705
31689
31640
31633
31623
31622
31583
31562
31561
31553
31546
31541
31526
31489
31408
31375
31364
31347
31324
31323
31322
31303
31291
31284
31282
31279
31277
31268
31193
31191
31186
31169
31149
31129
31074
31064
31020
31000
30990
30973
30947
30944
30890
30860
30844
30838
30805
30784
30734
30723
30690
30679
30661
30657
30656
30629
30593
30541
30537
30511
30502
30437
30433
30427
30422
30375
30373
30369
30302
30292
30287
30271
30234
30204
30200
30172
30167
30161
30151
30148
30119
30069
30018
30009
29972
29968
29955
29934
29916
29893
29883
29879
29859
29854
29849
29810
29807
29780
29769
29761
29752
29733
29719
29706
29705
29687
29676
29658
29641
29625
29622
29620
29586
29581
29539
29434
29391
29389
29371
29369
29355
29326
29309
29307
29269
29268
29253
29247
29233
29216
29207
29206
29199
29173
29136
29123
29120
29095
29089
29071
29064
29045
29032
28977
28963
28956
28953
28929
28882
28864
28855
28854
28831
28829
28822
28783
28720
28698
28688
28660
28658
28649
28640
28621
28593
28569
28568
28561
28552
28519
28508
28494
28433
28429
28365
28329
28303
28302
28301
28277
28230
28220
28207
28192
28186
28172
28169
28148
28131
28130
28121
28112
28106
28074
28064
28061
28037
28025
27984
27938
27917
27916
27913
27884
27881
27857
27847
27826
27824
27798
27787
27749
27745
27727
27726
27709
27706
27672
27650
27646
27618
27603
27530
27514
27456
27455
27429
27426
27414
27400
27394
27393
27338
27335
27284
27274
27254
27251
27236
27212
27201
27198
27196
27192
27170
27155
27154
27131
27097
27018
26983
26963
26931
26918
26902
26835
26811
26793
26777
26752
26715
26674
26672
26649
26607
26606
26599
26556
26555
26536
26524
26505
26491
26468
26437
26414
26412
26406
26383
26322
26309
26298
26284
26274
26268
26229
26225
26212
26177
26168
26161
26141
26134
26115
26109
26103
26094
26084
26081
26076
26073
26059
26057
26033
26027
25993
25987
25930
25913
25909
25902
25859
25841
25831
25818
25815
25730
25697
25657
25638
25637
25623
25602
25600
25592
25569
25553
25547
25543
25541
25540
25534
25518
25504
25502
25496
25493
25481
25419
25414
25384
25365
25354
25349
25297
25295
25277
25261
25235
25232
25225
25205
25199
25197
25192
25181
25126
25121
25117
25098
25073
25064
25054
25008
24986
24985
24945
24906
24896
24852
24837
24824
24800
24799
24797
24794
24775
24769
24768
24761
24721
24674
24642
24641
24630
24617
24600
24586
24551
24541
24528
24502
24499
24475
24468
24462
24415
24410
24387
24370
24331
24326
24288
24287
24279
24278
24264
24235
24228
24220
24218
24209
24174
24097
24011
24010
23969
23925
23923
23917
23912
23871
23798
23781
23765
23725
23696
23653
23641
23581
23556
23543
23529
23521
23515
23511
23495
23460
23457
23420
23397
23394
23390
23374
23318
23317
23310
23285
23251
23234
23221
23180
23173
23168
23160
23152
23150
23063
23055
23048
22995
22988
22963
22959
22953
22895
22886
22846
22822
22782
22779
22773
22761
22758
22754
22734
22719
22668
22638
22634
22633
22584
22573
22556
22547
22528
22514
22456
22447
22408
22400
22395
22370
22317
22285
22226
22197
22194
22187
22162
22148
22122
22120
22106
22088
22076
22074
22051
22028
22000
21958
21945
21925
21874
21840
21809
21793
21762
21748
21743
21742
21712
21683
21640
21609
21585
21582
21554
21534
21525
21506
21483
21479
21471
21469
21465
21464
21433
21356
21331
21321
21253
21248
21226
21177
21157
21121
21115
21095
21094
21093
21053
21052
21025
21020
21012
20993
20967
20910
20897
20884
20792
20791
20755
20753
20750
20749
20746
20681
20678
20603
20547
20503
20501
20479
20477
20449
20435
20419
20412
20383
20359
20339
20307
20269
20239
20221
20218
20174
20165
20149
20125
20030
20012
20010
19997
19987
19973
19946
19930
19916
19909
19891
19887
19867
19808
19791
19773
19765
19741
19717
19713
19706
19679
19652
19650
19646
19622
19593
19590
19530
19481
19472
19452
19451
19411
19404
19333
19330
19324
19320
19292
19268
19264
19257
19254
19253
19199
19138
19106
19076
19071
19033
19027
19021
19000
18979
18947
18939
18927
18919
18901
18900
18877
18860
18857
18844
18842
18830
18823
18818
18801
18797
18750
18746
18745
18718
18705
18673
18652
18648
18641
18638
18636
18633
18607
18606
18595
18577
18552
18547
18519
18510
18492
18483
18468
18467
18463
18399
18390
18386
18367
18342
18308
18288
18263
18229
18207
18171
18127
18102
18088
18059
18039
18025
18018
18010
17991
17984
17977
17973
17965
17956
17955
17941
17934
17930
17911
17907
17889
17852
17827
17825
17811
17767
17761
17752
17714
17709
17686
17679
17666
17659
17618
17613
17610
17571
17558
17522
17485
17464
17439
17421
17391
17386
17379
17360
17335
17334
17307
17275
17246
17228
17222
17188
17167
17166
17144
17127
17024
16999
16966
16961
16958
16923
16872
16841
16829
16820
16817
16816
16786
16782
16746
16741
16738
16735
16694
16661
16613
16501
16490
16416
16415
16397
16387
16376
16310
16269
16264
16245
16229
16215
16214
16161
16145
16133
16078
16072
16044
15990
15974
15919
15871
15840
15783
15772
15770
15754
15748
15730
15720
15717
15680
15652
15633
15627
15611
15579
15545
15537
15505
15502
15462
15457
15436
15424
15384
15356
15354
15349
15343
15330
15324
15278
15262
15212
15200
15162
15134
15126
15122
15113
15070
15042
15035
15010
14998
14996
14989
14961
14953
14945
14920
14905
14899
14871
14857
14842
14836
14824
14803
14787
14756
14712
14693
14677
14664
14659
14648
14628
14617
14605
14584
14575
14573
14572
14540
14531
14488
14468
14464
14435
14423
14397
14342
14326
14323
14320
14306
14281
14263
14240
14232
14222
14208
14198
14185
14097
14056
14038
14025
14015
14002
13999
13996
13982
13978
13961
13956
13947
13942
13940
13931
13885
13852
13843
13798
13795
13769
13732
13690
13656
13649
13634
13631
13626
13624
13620
13619
13612
13587
13583
13483
13474
13463
13456
13443
13435
13425
13401
13376
13353
13343
13336
13320
13311
13199
13190
13153
13125
13122
13118
13115
13088
13075
13009
12980
12945
12933
12920
12886
12874
12865
12860
12836
12808
12792
12782
12715
12660
12651
12633
12592
12559
12540
12526
12521
12468
12461
12409
12379
12371
12369
12358
12319
12303
12299
12272
12251
12230
12225
12211
12188
12154
12142
12111
12096
12040
12013
11981
11970
11926
11923
11862
11829
11820
11811
11805
11792
11753
11714
11592
11567
11518
11504
11502
11493
11475
11464
11459
11420
11419
11415
11390
11388
11259
11248
11209
11208
11204
11165
11157
11129
11103
11096
11086
11068
11058
11035
10963
10950
10949
10938
10923
10921
10892
10888
10873
10868
10820
10732
10730
10718
10703
10662
10643
10626
10582
10575
10565
10519
10499
10498
10485
10481
10476
10401
10395
10366
10325
10269
10242
10241
10226
10204
10201
10188
10174
10167
10151
10145
10117
10107
10091
10084
10035
10023
9972
9960
9907
9904
9890
9883
9870
9861
9847
9831
9829
9820
9815
9805
9804
9797
9794
9784
9761
9756
9744
9739
9738
9695
9677
9672
9669
9661
9642
9616
9585
9572
9564
9528
9502
9500
9478
9477
9446
9399
9389
9379
9360
9294
9279
9276
9275
9270
9228
9209
9180
9152
9130
9120
9103
9092
9091
9076
9074
9061
9036
8952
8934
8931
8901
8898
8887
8870
8838
8814
8784
8775
8742
8741
8730
8698
8672
8631
8609
8590
8587
8569
8565
8509
8505
8493
8486
8451
8434
8407
8379
8375
8358
8351
8326
8310
8301
8290
8288
8281
8274
8262
8253
8219
8176
8164
8147
8144
8140
8084
8057
8045
8037
8020
8016
7978
7969
7968
7966
7951
7945
7940
7900
7880
7864
7849
7836
7817
7791
7778
7740
7712
7699
7686
7682
7628
7624
7602
7536
7504
7491
7465
7437
7433
7422
7388
7387
7378
7241
7238
7226
7200
7198
7189
7186
7177
7173
7146
7142
7140
7110
7092
7085
7077
7067
7065
7035
7018
7012
7005
7004
6998
6978
6975
6920
6916
6889
6873
6817
6805
6785
6770
6768
6760
6748
6702
6698
6643
6641
6576
6548
6546
6534
6524
6523
6512
6458
6436
6431
6382
6366
6360
6343
6329
6328
6314
6303
6296
6291
6285
6265
6223
6194
6181
6154
6133
6114
6091
6057
6036
5982
5976
5974
5969
5943
5880
5832
5801
5741
5739
5702
5695
5654
5643
5607
5606
5603
5571
5560
5558
5549
5462
5451
5440
5386
5369
5353
5319
5305
5300
5294
5227
5200
5195
5170
5141
5132
5043
5042
5034
5023
4959
4910
4907
4871
4867
4804
4774
4769
4766
4743
4742
4704
4649
4647
4632
4592
4577
4519
4487
4462
4423
4405
4382
4371
4347
4341
4338
4336
4319
4295
4287
4273
4249
4247
4215
4203
4173
4170
4167
4159
4151
4137
4129
4122
4051
4037
4027
4014
4007
3976
3966
3955
3931
3923
3922
3915
3904
3899
3854
3853
3851
3838
3815
3789
3765
3761
3759
3755
3750
3715
3704
3669
3626
3585
3554
3548
3529
3524
3467
3466
3461
3445
3439
3437
3408
3371
3361
3355
3332
3295
3293
3276
3247
3197
3120
3116
3104
3089
3072
3066
3064
3035
2971
2966
2959
2954
2947
2942
2936
2837
2818
2806
2793
2762
2738
2730
2708
2706
2701
2677
2660
2644
2628
2609
2602
2601
2595
2585
2572
2492
2436
2422
2375
2320
2313
2284
2280
2210
2205
2194
2166
2111
2062
2041
2032
2008
1980
1963
1942
1909
1826
1825
1818
1812
1795
1775
1733
1722
1704
1703
1701
1666
1615
1595
1572
1511
1508
1498
1459
1432
1428
1413
1410
1383
1361
1346
1342
1298
1294
1226
1211
1193
1145
1119
1095
1075
1072
1005
999
995
943
920
900
885
872
849
818
787
775
756
742
687
686
680
671
554
550
538
531
508
476
452
440
426
415
372
368
345
336
304
258
252
235
210
207
171
134
107
97
88
86
57
55
49
3
k
