17393
401558
720486
377538
175773
180953
840871
159214
768551
780385
676592
145303
922396
871297
536101
964130
369280
627304
155283
689670
521335
819038
274574
104589
322532
724295
200431
108933
595587
864208
610957
247942
913265
985050
764516
928275
710186
970104
765929
185500
943830
240053
367029
731424
653107
304331
341345
680576
962785
50680
67338
235471
687092
590097
343625
803042
522774
507763
596253
840037
541280
487421
354364
675112
742083
325196
212656
27694
938587
178820
406192
584650
909443
185071
958905
530824
226754
240087
574497
105903
504052
366267
694731
361218
498855
396794
766394
975555
134003
456004
960671
719619
751276
43597
370254
93175
636359
704877
803478
616136
837573
932828
591863
1849
101830
625070
627815
482302
605426
946171
905701
928215
748921
96147
422188
991531
85941
630821
316035
724452
922661
746866
878675
487371
217513
457677
635894
505859
808154
351454
232303
282240
433010
982832
55431
560205
886775
850630
492693
984968
720353
485284
577783
681495
618650
739652
79986
557902
641514
741776
931969
680980
587416
994703
386051
813656
7660
599797
878399
153455
948986
488046
153350
665468
392383
495510
771229
142899
813519
355863
752785
732443
829971
207163
888868
671084
331024
195975
436180
461474
98453
381470
815327
429115
546088
990984
685538
392513
703106
198568
150718
810983
782306
40909
337166
213437
128582
241644
51348
169341
279532
58234
156280
743469
116529
984935
809075
550197
676086
473859
161360
725105
544665
269207
338657
945443
708291
241488
481062
331342
231605
34810
361632
853587
534981
970753
371843
386276
914740
217854
547226
852091
219697
574725
377148
816077
906775
947401
43015
651460
910649
954724
320455
954827
216908
773573
312523
523699
203989
610045
787458
325106
845546
737932
722636
707915
654585
863568
137194
631446
733305
478048
698415
383852
959096
487539
667897
580003
739290
682848
257161
452318
468606
317581
324942
838738
732281
569276
307287
271871
114244
861646
179854
471827
935994
320916
48023
112033
560563
366534
193960
72603
400848
935940
666314
642360
615037
965827
720373
600060
936469
941497
821420
878195
574651
536633
778408
145198
18207
573831
35763
225261
487694
963589
806216
292140
669502
199862
937863
631886
326379
173900
904947
264196
433735
703038
639410
519207
380103
595706
919641
785111
869424
82660
466672
347508
900600
863972
812269
337320
511424
11722
401892
558318
28463
66579
858642
425725
618156
949299
452034
904313
168273
636690
114371
339158
475807
227021
988371
989782
593554
626204
221185
405062
472769
390516
685033
458099
787248
945412
503128
32831
107481
188176
511557
941193
560520
1263
434045
545058
687081
897264
690414
307609
245055
47109
154104
440672
657391
305681
588709
558365
332153
307858
122525
131853
516559
51180
73162
169508
379490
399101
983035
534600
91584
659331
300629
707596
893233
400359
648329
658924
768294
670178
332794
14913
384686
693823
458938
556713
419427
352534
893454
116939
310710
334358
286686
278404
587299
238210
894036
382103
478227
299196
113933
946125
26895
739249
624249
573626
270574
243480
529988
224462
182879
148346
229663
828822
509609
795487
988164
379795
911768
622096
912866
755967
916465
870467
715381
58688
4462
205559
806378
498983
988388
705438
328102
364055
585732
371699
679058
775343
327293
635039
869591
878903
716500
782373
93491
91673
19302
95849
364074
452686
66208
993918
844131
332129
868112
424773
182823
521098
365876
198006
35504
158789
694851
537103
207328
346686
33930
97992
927688
221752
828629
369192
527387
384721
524236
496919
360684
644706
258596
741231
586929
837131
625824
589772
674198
114674
266227
925699
113227
594269
387091
123341
408338
839832
241110
225629
227349
689651
578037
927336
712278
532194
334305
51815
101376
587974
326702
938603
652743
959569
259812
149264
632911
743110
510514
844688
246012
428388
860865
151181
479343
196720
476027
966716
577995
130449
650122
79488
506776
668475
170721
343326
538393
898648
507249
574129
955959
825379
169033
553290
193029
940110
403062
876969
658776
766950
738653
323752
242101
78991
349940
158216
820671
796977
441568
166394
794391
490075
278285
977981
177611
897797
972525
358840
164066
431938
825708
428247
277906
88071
526235
664234
24779
48459
724140
933580
50539
710984
432487
466418
902805
823794
856092
22765
894365
282315
511418
519790
475908
478957
347088
845319
318925
541600
62998
402487
591157
880411
743034
182943
579955
893688
711933
110866
760024
950195
629745
105708
154625
460007
50081
191620
478546
299279
89389
801655
864624
196024
700856
391231
454236
722463
99828
140290
62876
531983
172923
567201
728906
61427
38515
256501
976254
53526
485756
153809
833268
990538
877431
430855
179385
374460
955597
229119
750468
790642
774024
52436
924394
133751
245537
279401
568674
936921
462620
237205
424239
467177
2323
704295
308426
900850
564056
928432
441419
254109
717752
201219
218269
162945
718918
721581
896793
517034
746307
654398
172574
477344
738656
450044
142497
646735
137861
92701
694054
404325
260505
720413
531552
133706
612359
232709
236616
790836
740236
88881
925148
265059
924299
723192
201188
638889
912520
226451
472665
718309
81435
862251
434152
69275
703910
166917
692078
916116
78807
170949
857164
875317
44959
611992
317730
235472
760356
741325
518439
718276
158715
828501
814410
56700
909460
169648
254547
948959
163806
886774
270820
8789
956757
818673
237057
807942
277094
383499
300335
569793
496518
653972
432197
139816
334449
940213
641456
887743
179477
814872
139853
406363
519425
13727
361876
720425
52913
856513
395724
912392
872967
507402
641101
120167
682726
162357
422685
946963
207018
936790
398451
798763
828585
992907
749283
748855
890311
425733
927217
420926
864239
491433
52154
24288
553569
789268
216680
941548
963198
294014
628241
605934
381593
655103
504415
508440
75137
647976
50651
239801
51074
692015
456178
245352
416951
463664
899341
924800
222179
651197
932663
912798
17095
463171
134382
935328
252244
516020
316383
883915
888379
213574
359215
758969
636596
401172
575579
173415
101510
460488
441745
670374
460336
39028
557050
98555
485605
497077
45913
207899
98872
321584
508875
729645
180465
886243
788758
595280
131481
931327
68503
479965
235371
288503
709210
231010
968410
618405
838844
990215
172024
855044
822390
219060
485011
573885
941095
298786
432690
51750
211587
130952
693586
414999
516588
827871
26185
863537
845154
608124
306209
306352
373947
563320
392744
820912
751942
978378
585344
867412
549301
606147
489391
967717
868246
348391
479189
581930
151893
62239
993629
7367
528188
805119
212152
371974
944538
938540
884030
942838
161153
629104
591320
685573
183424
582119
599438
779786
199812
55960
964087
678722
902960
130533
630275
231331
348239
659034
420025
670952
874651
866122
951007
507582
78823
958611
246911
401562
85493
320451
793046
399651
350945
373141
841453
437338
474058
986863
423735
688848
811909
152766
839016
108767
850039
652215
477874
861045
776665
650097
192257
848844
488242
865045
224791
509057
763987
458464
786847
7693
808240
98380
859580
739019
590465
42202
979297
772216
878914
6240
779135
994459
214913
612815
562461
862458
359876
773232
225247
380673
356323
798926
977995
277669
101985
447865
299085
74889
732786
177379
911396
93514
764641
122499
301828
775926
547055
670102
645704
462124
828874
378533
293090
847920
713857
83964
807296
632308
209053
386850
336144
145280
419971
276760
117255
890846
983487
122821
474292
940811
26330
330139
764291
56210
686265
528682
643357
265086
509417
355114
8992
898086
603690
897558
526466
980150
491123
60375
768383
488964
968851
120891
120092
823837
537268
921857
732239
909707
217354
908686
286786
288519
689961
123168
634254
235885
211470
681474
814520
152787
107540
850748
685331
232815
320667
353993
405920
614660
2129
943564
404114
107360
439841
751917
503419
185415
153460
898174
517865
191527
9141
356401
355964
858847
50240
217103
769038
741316
803436
197387
74881
813739
710463
902238
840075
512868
394854
582377
576481
111337
797907
727041
29774
373393
216633
189387
246298
838582
909491
253487
168815
546637
137898
146611
666144
681767
435972
203717
479500
150113
851708
919231
689555
700827
302407
237845
114889
215012
341037
605273
890384
627805
490753
786919
72066
671664
449033
742392
166813
242756
499706
591794
339953
966681
381160
407210
3897
380207
854879
87714
372128
19227
830633
662311
231668
905614
674259
690838
353590
614122
105572
577301
582218
274448
824575
340056
274894
231066
218963
15523
268180
637639
52544
812854
176781
584300
482828
190798
33899
513023
812393
520443
271099
543022
817568
889428
927190
69899
491074
420202
404990
953
847950
699748
174559
842857
27683
744761
554718
652519
255940
681660
723891
959065
953232
406215
730150
877600
454180
239077
27667
871434
651352
50298
958260
324999
354429
584759
486339
349667
798841
847321
582950
621889
598433
238926
396729
502371
586815
517577
491862
567903
580446
813736
577692
640097
926226
867595
883592
827298
799735
416501
36272
730943
391011
360696
676827
761427
357041
232083
486488
389727
173140
780844
371643
975360
953885
587500
154172
889045
76434
981447
281069
132698
864699
558944
249394
600703
546956
985930
942635
421137
582029
174268
967497
703220
459344
822507
220044
374231
895878
775902
964510
740753
630938
175047
884191
984992
494952
689270
848583
358099
38758
474812
288133
389720
318061
544099
185062
570166
452773
552182
570511
679124
944441
476092
98370
843770
836388
707529
372867
971742
77756
156974
283460
499314
581398
229633
866161
384753
674704
992587
49667
739911
523707
227871
716677
500321
72038
373802
17970
37531
597960
467327
269215
189529
823487
737749
525142
973640
515919
437352
412095
931849
890826
63068
901136
836374
160151
523465
313907
5687
230887
215528
942388
160098
63232
543873
30092
974288
460229
649021
205301
764907
131536
436968
608542
74294
606114
852259
915895
611593
391814
938353
311465
792239
854369
916489
195586
567477
677180
845060
501094
861151
669096
652887
18460
270574
717118
800582
256744
651847
598473
844313
560081
975720
580229
713046
804107
521314
175298
519611
93413
945876
698063
349593
155168
485754
463229
564291
642424
348207
643408
344283
589035
445343
638457
942329
421241
109364
651774
242254
422463
282215
502390
539113
809238
254252
759857
521394
526099
615149
198696
312465
37597
493399
822248
999050
630456
482820
861672
973445
134868
178204
401914
969139
302527
915903
262782
540912
362714
260016
598388
284112
844065
505900
248992
652645
991201
728477
847897
981033
285990
491351
91328
559940
215047
758793
968999
673521
805376
464265
184540
823606
129947
606298
284572
237959
811329
177935
467751
354251
799961
328906
894975
801259
869698
904511
137778
172772
936485
992084
215580
60593
55596
110050
396631
748736
376943
3411
783477
224750
271434
207661
382781
964087
399229
33145
315109
952153
648700
191129
342373
809592
130870
326257
448359
953484
755111
374726
465626
676955
12196
755405
630514
555835
830718
853905
84319
928900
669427
734142
213905
279941
296764
918065
879559
953484
421248
60974
1477
615600
712059
382559
619924
179602
230365
494312
798350
19523
499815
59266
753515
568998
355892
230367
156032
129455
115378
227963
745827
922385
608095
509705
820209
658777
597482
374498
483873
332702
817559
989289
638900
290169
895008
184244
65286
943405
765331
152723
251804
548306
876139
503585
774948
717475
721411
58742
370680
904362
961040
286438
765295
277988
544111
857188
956493
576513
394363
858667
925673
102266
784576
391271
54783
952601
359644
180876
194746
729071
299580
407159
593973
323106
579913
352523
931390
30168
823841
752637
483285
253586
156191
642380
19011
39908
195610
763924
252969
45098
118795
351841
851997
698185
44497
76313
887537
268265
146647
150640
188599
713914
315180
116385
411156
847453
807912
428215
317520
37263
487254
818381
145
101824
48498
636416
5872
936206
717881
671030
873752
303136
802240
255649
279336
569662
285801
314533
822077
2072
937777
942907
216757
594269
257894
193776
656992
15496
573394
574619
581453
384046
831535
617129
431750
678364
585069
942840
114022
656222
100352
918819
915040
699203
589433
141595
198548
511135
907047
837210
455155
862928
736582
853843
692725
404285
406419
523503
301608
405697
202965
148425
603793
954927
808413
318489
366524
682125
611845
206711
428856
694980
189640
83966
579763
85260
854538
603873
49476
285421
983484
816642
875425
369274
431967
273080
645453
909140
815281
680585
639194
375999
486482
704723
245465
862060
818057
425046
413195
974243
958290
100214
336282
577556
855771
797112
385491
84062
969092
486757
824698
766455
97924
132087
550802
57542
478060
588180
701688
621996
210457
737786
855315
224216
465892
242163
242136
40374
373640
615691
472626
464588
911321
298143
344223
433840
231000
889034
600724
598253
783378
626160
423613
256939
959194
132442
22035
883488
16716
798133
449492
147502
526673
138854
317342
616921
73319
103036
927434
574657
7340
373375
552946
366983
460851
681690
484039
671226
624088
548858
307827
115009
833467
115987
811784
978146
340882
666538
351839
116986
670441
75327
109237
131843
715641
529043
836184
245556
578623
390960
457118
182078
370327
119303
165046
537351
712578
417969
696468
434920
385245
886050
237617
183763
385083
82078
926963
399701
933897
632046
249606
46519
790361
190474
651262
352485
56254
127411
640230
809550
733941
693057
659169
736853
622377
682275
748912
125010
137721
115870
147206
802806
6907
845768
65289
803576
504072
877836
113847
564882
751448
389259
286090
289139
135554
742467
381580
387588
708034
71476
531481
882413
69044
964619
738502
58921
797683
46491
762935
461390
154368
754385
173216
470275
47386
669469
213570
190508
367985
262364
335543
679726
154275
255764
984119
722394
730712
757133
570895
995672
582614
663274
193151
374082
374240
491534
690342
184614
272243
65053
334062
464492
231283
826780
794841
3455
866932
208849
942075
959425
790417
626029
361561
502845
762681
491931
194322
395779
781737
421921
630842
179484
752853
90063
10868
399034
136404
577706
888836
589082
219495
826053
77427
73936
975407
411586
304883
861833
886026
947382
467445
586155
866053
866388
369246
515223
416755
715039
747046
275320
363229
408905
809035
671209
417539
234344
56908
748676
477684
565024
535755
599712
962667
250403
193556
952272
229893
33388
446899
791765
7003
918250
211995
580109
92168
222459
30126
938847
991661
549780
95364
746701
202172
698234
418580
743913
425153
457785
200740
441916
645429
750358
847741
706974
279383
16545
590851
715249
750300
31339
717543
341496
556180
121353
711373
167931
771701
749726
618315
886501
385515
752199
961394
597449
189939
863132
250193
673330
567512
225696
622563
753001
276396
314062
902299
919308
571288
487482
583456
793852
146994
394201
480023
623843
664417
292587
428475
847433
373045
670070
423786
612046
663965
723423
357554
558211
716612
875287
11578
874031
914378
58571
927416
927109
664516
22989
897446
930961
569025
635393
687128
819693
117792
857607
75599
387144
477041
170040
765981
548184
563931
464594
965977
456743
506112
80437
539064
562663
979292
104752
497181
698479
143049
699628
279131
813387
824154
410173
44086
881453
745478
951969
248628
223040
641951
479907
601191
532769
377384
930670
85246
99930
968869
331565
437646
126940
571733
169188
20639
641115
728256
425678
317659
833460
327638
532309
965523
549386
922156
581379
87582
549513
497256
515506
153918
817479
113398
14682
749402
666306
96620
86230
393640
569717
785790
770929
440779
992873
614169
50165
41275
294017
208486
634352
48210
695444
874388
164295
496486
196426
246510
970283
194824
534161
777803
960781
331267
541163
101971
167822
382245
35934
800858
263526
58665
179473
853382
929914
926272
460396
885514
31078
874391
253881
310027
708156
500007
477941
227156
786910
778256
975131
958708
66867
806906
619063
507009
663128
810522
503288
435933
303013
79273
466664
397517
514017
934253
809745
9168
62819
985556
177043
620054
625218
614504
743565
171663
210314
596844
867027
700522
184643
338567
790973
992386
359525
914306
354236
846911
254334
445272
292403
235176
634854
348646
810698
412036
702009
932975
541443
813463
630008
83746
382931
58883
221757
148047
957145
770884
358980
103523
962341
287996
662029
210435
388805
299138
529927
265527
785723
847780
939502
342040
286733
224285
410685
825486
55408
891916
797251
148953
336491
498428
649785
147694
638740
74176
183314
889937
395143
719449
836984
635189
370506
226623
394296
585076
230299
714870
412283
4374
731202
331513
882586
269706
114872
719896
724623
160871
957893
188412
80057
63079
228635
645268
559242
559760
393153
147257
883030
344760
43236
250960
564148
341745
651254
113988
793097
743311
474500
491988
252838
480913
537918
990395
295498
606714
238981
290419
28027
531268
172069
302078
879315
390378
894671
91428
540363
495575
206466
597825
204911
630719
73383
408374
253167
516749
219489
15952
418976
819544
476013
264968
773665
210627
501390
137292
918118
996782
817601
632201
271842
559700
429299
568722
603101
220200
168133
170330
428279
583763
615802
894297
228303
917943
211608
908641
154661
562056
659570
769832
352611
388695
542920
449000
353941
164176
685186
717467
440207
566790
55035
98158
277240
374811
942837
436146
925561
574740
972010
596912
909035
560009
853538
998810
361667
426163
385466
681838
620521
680248
687537
155113
179882
917020
747807
669486
536697
793993
615935
965185
354122
297514
814975
944456
237237
744948
826176
635772
121510
223625
149317
901880
741284
881878
645197
937218
230682
37624
483896
636123
672404
447052
285949
819848
298240
855527
478202
618091
449887
575781
455066
926962
745207
743125
809976
679434
798449
558856
695493
71802
897106
471909
456018
189792
207575
637432
692573
631043
363159
172969
743426
631332
88708
820805
118924
909101
655293
742408
701057
274639
234597
100213
330565
278854
387983
457899
697607
99137
496069
319950
598513
505092
790413
569613
294300
593612
605806
593198
582387
228630
804389
328056
121286
884932
782898
101494
299651
925336
10755
983095
956366
247735
993910
424250
706844
73300
686251
988727
765374
704811
696214
259874
200678
724193
135478
465670
572557
457527
895501
418896
719091
107822
78299
502838
929699
140682
239291
42792
542267
776413
519672
589104
70951
399973
665765
993329
121520
160131
373491
323358
892766
166273
332128
556000
594113
718609
734992
958263
44214
396359
462828
890989
576755
892839
23792
945065
398410
630384
595483
911235
189652
292897
925264
670208
671725
665083
179109
467562
880973
442191
812305
290100
911600
137730
411047
890302
562797
535916
423698
630331
406016
444071
987837
643634
825969
322003
861750
446055
602188
238965
624881
435600
777765
462630
792332
79515
351129
504489
75320
423530
270185
876001
34266
183501
15011
731197
527695
119110
804676
241623
79398
585535
553832
394116
48440
148398
907297
508733
701366
754908
935663
22560
576362
650698
175695
271614
836317
678154
552628
719769
730788
332757
458918
543294
399102
491205
870388
94026
620661
827580
834377
139118
425652
203021
996343
342462
126465
676043
577383
907230
234590
934416
544689
955172
387665
848507
950259
134893
749439
870660
694218
179262
61472
773447
308802
734305
639780
800041
270368
365429
672289
725200
119281
295855
459099
739331
270217
982300
803815
599322
781792
661311
631359
870556
597052
861268
350700
453925
716953
512073
87028
337
896578
855045
974453
617425
155308
856482
985901
970138
398881
202974
607224
213744
297736
742040
60772
878061
804611
945812
977803
469967
305536
724993
150800
853631
284581
214543
139318
542158
219424
152210
255461
546510
189308
934924
829982
180188
572086
691558
949414
538767
389390
631965
337371
359520
725879
76955
331783
565879
27975
457658
27820
318023
549417
326008
306328
873261
373652
237588
315251
192165
240821
1747
691457
485215
986193
862796
330086
495207
123356
592420
680790
113036
569881
342424
560439
680476
204575
270302
768695
50917
105355
998707
512401
451312
881719
60275
952177
346817
343544
306127
907443
851521
973180
662915
79384
811828
682832
395364
356544
549651
293125
688668
663161
777587
709356
803551
191905
606317
358536
820144
756667
223427
532063
943636
307353
564065
126447
686276
607182
72013
840035
442478
284709
333721
602295
735678
18871
642773
539857
769518
648074
551592
245207
131369
434108
712366
544700
581768
589810
777768
34744
679445
778300
699147
978664
197252
851142
180708
874711
224804
468412
394893
643479
440667
42213
920049
451862
185087
58307
394445
548236
284194
707401
419857
832350
499345
355236
785242
605251
988340
649679
822600
869178
110947
556068
45647
441562
584084
160326
941451
902060
710621
948786
629188
700216
982510
752549
309794
18099
966031
850528
766202
255743
522943
325501
753362
301177
462544
454617
26950
118643
289154
531839
219539
387057
717577
532647
696914
251637
818171
121039
571960
164635
632367
439378
891143
334043
683487
963933
769707
966168
585978
397679
390735
464487
641316
652971
520314
276498
539787
866494
513189
532362
607885
557243
193977
868530
45774
645458
354816
418260
627463
907232
349221
896274
332705
644375
963939
875149
374363
838589
658180
220512
481459
394038
592651
732677
633984
477661
156219
665097
9689
968819
453166
340290
83415
239134
441487
699364
39307
607474
874924
116345
165774
259075
451650
262430
321151
560915
443119
857071
520185
210499
314568
447522
982701
52556
64791
101840
222543
93051
837904
691782
253823
266272
694096
127
601293
289987
596442
369807
216992
588890
870964
768918
16605
139666
73467
218218
493196
368564
379591
791478
461095
85498
986277
438457
610587
322002
644117
697724
579596
387432
991000
692777
782117
598600
771518
705968
986008
712359
51798
64727
523649
558671
987793
712603
81593
566788
814816
993364
238479
512827
575539
364042
912138
49958
174575
440012
534677
635119
630895
351216
104115
461044
6504
478141
142290
978753
2184
26657
728748
177628
885717
471241
995613
821203
482227
872678
510289
934828
10278
717514
20089
344880
646639
304633
777151
449679
13525
152597
52311
551622
302224
276640
457209
994956
771812
856682
536590
307549
925821
921460
419909
232654
770101
919690
9279
779198
681124
132079
442359
467067
130609
184781
984572
693200
407356
437611
69555
709652
483243
510333
498756
561171
924551
935179
193475
374973
764330
163064
404238
326396
721628
337328
695957
522619
89725
54489
196025
336107
589021
621602
867356
523894
375888
951654
737801
266317
324749
390928
430184
508550
116771
219896
266857
359832
103390
788993
998426
500794
633255
202587
556501
71356
64017
981316
506050
639373
463654
946876
360389
307467
561684
288396
761346
360787
957841
884731
529731
163127
551362
953836
798941
33963
196165
385105
596163
974298
163564
194116
610677
2174
417387
679235
913227
418785
826897
875146
101476
94571
180332
853407
864809
396604
270723
252931
182126
893771
619183
163814
383271
572796
502561
769212
81226
237976
305789
212571
408723
711586
824594
465142
473740
510021
426710
350610
866661
405648
86232
845197
152836
642315
674589
41720
625697
215387
588243
774583
859068
285405
152972
61954
390132
93380
960430
231693
333245
248757
115962
755047
320303
349387
981643
812778
85473
114298
867365
604273
649044
138890
972535
990100
701522
308519
695071
913311
630149
392652
608032
276343
723119
269776
946295
48522
308986
820116
265644
661316
234568
129678
224224
609702
860881
505861
820205
870067
378616
237416
557632
357463
585542
663556
568299
710826
128548
676811
327078
34224
193691
98469
518710
401846
87034
335514
227072
576192
954696
126407
913648
137672
748049
503239
315300
822038
15345
521597
428341
913028
922571
786429
29790
875628
957542
799161
912753
270497
647871
648675
557481
510654
339471
815600
568339
787178
323904
635940
861229
544742
640830
51841
929644
467513
753926
167584
55518
885214
136954
324926
141604
669253
102326
401311
528869
236145
730193
740128
145503
114951
675010
685811
404904
867987
581925
433024
395844
73470
929967
765979
487782
746411
996845
923948
413035
938511
19649
56473
580371
526736
456248
242736
935295
700030
135975
583573
846266
990461
133961
853067
184784
763500
572707
650261
84254
759167
500101
443942
894496
114937
546556
244579
946496
398313
859130
925237
315861
653008
886891
114231
150075
818074
246742
993636
904799
998162
477719
281134
174807
754556
818682
80365
788202
693816
718533
573601
711120
618922
479746
617747
400244
406418
66375
507498
29700
228573
81204
715450
773433
759721
128530
906189
753774
261926
662270
608806
930543
808473
679038
371073
135890
191271
517390
81456
216534
264592
397092
903886
20701
459044
599730
92995
168296
101828
137584
356720
560707
516031
471347
683261
704025
488212
743813
486764
902295
67924
328790
811634
850713
26000
656624
774051
436000
46166
198599
973585
594657
631501
877164
558325
248813
376421
773653
959517
118634
473849
599647
743369
841011
126368
548299
434334
868449
349028
817718
446289
656662
321629
960209
932330
484879
704580
723680
778592
538810
759827
664495
958038
984373
433191
839969
515429
391791
259635
245669
566371
536265
285093
707743
739720
948083
895030
471833
514161
794873
53136
923785
917536
886203
824716
807997
786565
238581
921596
941677
309741
257507
495524
165814
299805
408071
595867
237797
362759
471216
857827
591455
691993
531187
47438
940061
440559
977819
382425
613513
67034
446277
693927
413951
237094
611347
860649
125380
458755
269412
266570
902663
337785
789546
42977
885708
130732
893104
149413
221324
943762
889429
856840
906940
388919
540134
678983
176175
857484
49702
275505
970834
37308
316414
50356
4662
623316
371471
266499
978905
596015
423536
647555
509023
317247
192557
118010
118306
139644
140146
587826
486726
834590
309128
263266
555518
719343
844263
714677
315971
23564
927456
548290
884159
272645
583473
659270
512429
736704
102212
643188
142058
362652
346269
20563
720415
294441
241988
819159
214220
491854
41886
615291
663246
996600
818027
249199
476234
712350
98977
539940
771678
843515
541206
669037
125073
995182
241499
75698
735134
266535
200433
29740
499539
408418
374746
710466
574017
217845
194426
862455
332299
921944
719010
62657
771009
235274
899952
843565
602868
502366
912081
68978
955249
443243
870795
895411
960478
810056
678518
151483
257352
160309
424057
381100
884511
98001
429684
332963
931544
545427
15158
721595
426216
892239
915510
553580
894191
495682
706947
536233
734151
273467
119663
711138
702774
387718
511239
344232
815901
932542
952911
940201
838866
484132
952839
650243
859350
722738
133542
292831
220493
560942
806468
659949
26060
660932
33444
297940
448183
13928
721766
444313
816990
694056
790241
905833
553608
782436
350951
123805
300178
703012
937615
155589
385903
606667
896154
301099
254115
740599
838588
588293
680167
892603
415740
154110
395940
501596
436278
320455
966651
781320
440334
498154
947600
365261
623583
918015
170246
447827
112258
144293
694281
107614
392121
756886
175114
978320
952022
367772
797844
362825
234595
954234
997092
665455
19721
172031
753192
325541
953132
635302
674749
117052
538467
785700
7606
215350
84424
675525
685401
836955
879981
853110
254358
53410
210627
773500
144274
815483
520284
666628
807869
208242
558107
941053
28948
280754
997171
912873
131377
924278
949956
309793
41349
924325
639854
176125
214045
652153
822438
269532
204749
762780
791792
476794
826463
542211
747101
734055
7379
132793
140217
971493
204264
173376
758953
764504
838547
602024
447754
87545
721750
623258
376772
330584
977471
855413
626745
880269
497787
443343
719409
379403
576183
888257
734617
867800
894215
190691
679448
231522
327046
816668
164252
985151
68563
954395
491700
746721
141546
509897
896692
3594
357545
533635
235652
536591
39981
958914
33293
452920
891209
980498
130470
977278
402612
455463
373538
609773
34119
129987
224333
912925
259662
93075
269788
45592
110293
59913
571322
287381
w