7697
2980
3945
2562
2354
783
4701
7090
7074
1572
49
425
2702
298
6214
1590
1591
2103
769
623
6630
7705
4661
1590
3382
503
6231
4979
2891
1033
2765
1841
3178
2656
5599
5690
4883
7051
3109
6143
1480
5395
5263
5027
3639
2390
376
2955
4413
423
4797
1653
7133
1197
5739
1478
1642
3306
3213
2392
5590
1957
5781
3340
3035
6604
4118
3390
7332
5759
1035
1177
5035
848
2267
390
3731
4715
6703
5498
7120
2221
5001
1157
5407
5321
2862
5844
1530
5171
4157
3085
908
7080
1522
7732
7126
1190
3744
1336
3942
2418
4119
5028
7972
3975
7626
1537
2060
1050
5511
1589
4180
4452
6380
249
832
6993
6852
2566
3410
167
6408
6625
3203
6034
4687
536
2042
4278
3203
5400
2674
1819
1313
5098
1172
6528
6360
226
6577
3166
5625
4241
724
2812
6935
2977
1418
3319
1317
87
1491
436
4755
6477
4417
4772
1776
2894
7356
2180
5249
774
3831
5458
2399
6289
6492
4177
7569
6788
1012
679
2925
3833
7469
4844
3309
7744
5413
6716
2280
1844
6285
6564
6216
120
2601
3619
4110
1407
1938
4610
6128
7829
5699
3109
3124
6439
3970
2243
2193
881
6483
221
715
3180
4395
7515
1245
2050
3687
76
6071
3047
5167
555
4273
4232
3902
2508
6995
1243
4493
1059
7636
1459
3114
7288
7162
7740
7579
7960
3837
1437
5219
6981
538
480
7513
2357
1910
3522
6429
1923
5098
1939
4646
7159
97
3990
7325
7247
3752
772
7632
4027
6445
2048
1035
7782
2255
1403
2651
4122
7528
885
2596
6980
3983
1446
257
3788
5504
2538
944
7958
6981
879
2133
4174
2551
7859
3868
3605
4330
6351
1968
1288
3057
1970
788
6574
4594
7251
5113
173
6920
6650
3197
3865
2785
705
3271
3803
2189
6775
1159
1059
7572
4932
2905
695
2343
542
4418
3900
4583
3963
5138
2332
3489
497
7940
3556
1675
2118
770
6184
7281
4064
3480
1752
4447
2885
7310
2989
5629
7779
2904
2456
6101
5905
2346
7335
221
5374
835
4244
1467
7775
3205
3787
3584
4818
1219
7998
5649
94
7970
3741
1297
3279
6423
3839
2629
6746
3341
5180
1782
7865
3085
4953
5575
3350
3918
7336
294
43
4223
1246
6926
408
815
5518
250
7843
2299
1271
3831
5751
905
2987
1713
3838
2863
6508
7336
1834
6800
5687
501
242
5362
5092
5561
6664
7820
5114
6792
2797
6252
5192
6368
6058
257
7549
719
2253
4836
4701
7506
1063
483
3086
7713
3695
3669
672
7335
7131
7441
1245
4993
5581
1523
6311
3221
4456
3925
2462
5151
2153
460
6694
5102
385
6974
7587
4044
4111
3844
2085
6802
3732
7572
4666
7147
120
3031
7631
1413
6586
3166
6363
7339
570
2998
3079
7447
154
4141
4890
6895
130
4038
7014
4768
5209
7732
6697
1643
3033
2451
7664
7839
7318
5098
6145
5226
4957
4684
6060
1619
3221
5337
3456
1245
1463
1995
1942
4926
7022
6631
3010
1819
4417
4967
7403
3571
489
2713
7528
1235
3803
7888
4969
4345
5743
1972
2807
4729
3331
5982
2855
3893
6562
2120
7977
2747
6296
1601
6861
1169
2354
4790
4233
364
6850
4364
6844
14
6855
5637
4682
2062
5203
2690
4683
7212
7734
3466
3997
6143
6667
539
4244
3062
472
3054
7627
772
459
3107
2549
5006
1981
4485
1258
3526
5750
7024
1735
1843
6793
4618
5269
7425
2976
2661
3612
380
7572
3753
7835
2520
2720
7021
5505
4713
406
2392
2804
4111
984
6800
4736
4260
5238
5225
703
4298
3809
2054
2435
876
1635
7234
782
7331
6832
6212
382
6625
1368
7852
5160
1655
3491
3069
7815
5727
4664
3667
2818
2828
1799
1110
2156
4544
799
7745
1492
1206
4690
514
7170
7823
980
4891
2575
3057
2658
7477
4566
3676
2813
3139
5241
6020
5384
2794
3004
1250
6292
5726
2996
6649
6130
2046
2886
6083
4588
3157
6019
3296
695
4624
7317
3450
1343
1327
685
6871
7632
5245
2941
7357
3716
2448
6381
4286
3658
6249
3763
6840
7196
1501
5489
5728
988
325
3549
4069
7862
179
6522
3067
6097
2897
585
5322
1389
995
1326
2969
6776
613
6320
2976
5358
4490
4012
6450
6718
869
1823
1590
3396
7479
5174
1313
271
7232
5880
141
4504
4628
6910
338
7368
1008
4149
2762
2770
3950
5131
3319
5986
151
1323
4859
2746
1085
5160
516
926
6743
3913
1359
116
7057
2302
3544
2650
1251
5033
6056
5551
2702
3844
6619
656
7518
3820
61
683
6404
7692
7269
4211
4029
7825
3706
5087
2124
6762
1177
2891
6941
1536
5580
166
1740
701
4062
1800
574
6748
7335
2820
1179
2539
912
7900
949
7448
7648
7304
w
