110933
175120
866258
778482
20660
671705
419153
894603
372988
116728
901124
496474
975045
559702
597202
314848
3833
92205
525969
7113
428701
233609
861055
632821
359127
673587
617385
506305
388521
791750
337011
626904
638384
648561
705517
899049
214494
635523
952797
519466
404631
541615
834471
554718
642075
650487
559689
704029
2264
948839
37004
121365
827703
147530
987596
225180
402168
46880
158880
898131
975436
894047
130964
364232
442103
356020
200338
480756
972601
421931
285279
947372
642054
387861
794684
515335
448369
569760
720603
814666
300695
703446
762251
340339
769711
20733
472401
556233
426476
257851
36358
929751
987329
858548
916252
153065
30696
366895
671
757408
94462
465154
17610
447745
292015
442719
170084
888183
123124
572646
229012
710302
654891
308043
769781
171104
430817
733011
981730
77225
339411
801356
665137
724762
862285
410966
785821
700176
150757
95671
294707
146580
62039
666780
968271
691554
956792
663784
684880
112252
166162
859165
195228
393194
982949
271300
8208
628619
494707
963368
146094
347961
263733
638077
970079
471674
329551
944089
412404
941218
124491
284035
646188
950707
453175
274326
65176
991992
52021
173280
274973
180021
531201
127159
781790
595025
979149
491230
457396
356018
176896
694338
491021
725470
299331
653075
873651
204482
929633
497413
519842
438353
969172
113064
233491
411668
11683
73619
446372
756455
536963
248940
617027
904856
897844
803187
221402
446064
143674
747307
915001
695425
541395
504976
555056
859028
103714
736407
789108
99195
188199
574525
662605
231296
249338
551551
693697
862706
879876
617435
423490
786604
159945
700553
67752
153983
368075
173637
971329
44720
681178
438263
898557
756874
642419
746893
298194
18442
617535
653191
354358
398472
329357
996687
216450
50035
404372
719202
124490
435566
619752
869757
497211
207766
244811
731028
72342
815410
871825
18745
34521
779578
776493
238196
877737
947369
923001
287004
968521
238194
450116
583087
510653
341930
550630
890947
865655
454259
139472
123729
374530
918122
169167
715992
387733
241192
328595
306844
473864
628976
110193
637113
385280
88042
547627
284686
385641
456911
289760
296156
449075
934516
515387
765974
501508
499923
855081
758708
577021
914192
564607
976307
671118
168509
988819
824893
292069
997507
564484
184366
119153
557875
285054
369129
857422
594966
29702
855578
210974
716882
928980
294759
409858
849168
584509
344603
708989
174495
410533
406879
538150
575250
660924
99660
509757
785253
764623
290142
203715
216625
138999
115542
134666
684824
44563
72168
69676
893221
30242
260786
648308
786957
976445
921255
19626
269485
364825
62086
475730
814299
271868
54162
894053
532351
974978
734090
342167
819685
386282
916556
165748
810746
168129
120522
3910
568406
883031
680565
326601
500011
729574
678667
454956
167612
441320
350936
70806
366241
471178
909416
639565
600410
657186
847200
664720
282161
908259
624229
844480
866076
193224
853663
638562
601120
490525
327996
357613
853202
290102
94921
392481
982896
196100
206608
180406
767266
698727
344223
313111
924218
538437
332987
951207
172520
783227
538096
43354
470698
731077
304568
138231
354238
250700
685294
290975
669124
507569
35229
572173
938305
760996
197057
500006
628062
736289
450802
405528
784798
463313
364583
384493
956711
31139
346526
293887
957999
455227
524919
344663
63490
610624
405514
248963
430101
297054
518159
65979
113755
426418
87116
399986
75528
207175
472413
896795
18935
298979
516591
183766
911139
549149
271439
655258
267174
625842
902049
844329
361606
727590
489615
237241
467291
370445
496249
391620
708590
33694
772876
911804
28272
155394
420247
307043
720036
898992
27019
390527
627158
381252
87066
388940
551774
685827
255621
662179
657923
59502
528365
83148
834316
176829
733550
938519
921547
608281
581630
422326
626128
384353
642441
260090
278175
513269
573827
451445
432123
964283
730497
496809
290272
330960
900400
439157
261610
85833
204
969718
221601
143356
431876
743575
600094
318480
45488
242951
5630
402587
508911
20254
387788
365425
448024
637988
86903
40747
318375
325010
938053
594589
458690
682919
310008
470482
205641
454235
111003
245384
370525
540487
929635
836774
68521
576439
489551
361985
627963
460903
368615
716038
5333
152776
673664
199751
469979
36195
981285
979293
782813
191579
548486
299810
248804
717093
129902
250266
379519
926711
379247
531198
834567
440683
877091
857508
46325
474045
468346
920653
564840
759896
69835
596057
677243
984896
291682
350275
947532
817999
299568
574404
659740
843385
574813
984661
74388
628374
156378
112964
834464
112904
688702
30503
125846
6035
107061
292681
116003
936628
702939
998215
505222
820351
243127
520340
478718
736912
614244
856050
419916
876836
803688
233832
66479
708210
151578
766206
294335
795932
309378
238531
75780
228146
317658
977350
913839
67263
930725
716612
618432
775208
718806
796683
283980
242390
148902
74607
405748
933460
497595
2934
509918
53106
361142
106269
470672
108844
970519
336493
281005
628452
453805
469687
525879
583791
133398
417665
490555
574455
153631
32343
378817
179679
725206
878001
942368
973738
391014
320724
103387
127144
131146
955926
744904
478538
92966
284258
277560
544804
390153
893447
706786
476769
996511
884411
167393
50199
127739
32058
648427
703968
984604
947200
332255
84720
917209
764058
447681
442443
451553
282814
781130
228346
14378
658232
171555
369708
904278
636644
14373
344313
672428
984667
657468
493868
168082
38121
961007
609156
636055
61515
14777
366839
39231
135231
620448
30738
99032
526530
250128
202707
989623
462326
469062
695752
556594
888821
929208
928487
374693
725530
322047
663774
262715
131041
541792
937627
367873
78157
533583
345107
289167
228039
537430
434593
613512
911466
594022
599445
385116
23368
51305
740804
140089
324615
149327
651341
159655
937274
237963
602284
120978
321283
578687
743961
550335
9531
150220
800095
457693
113045
42954
893512
763185
254661
435350
754246
248428
43592
531391
490731
549519
53263
350142
804863
146437
911888
780384
584438
143866
939691
108025
390623
222704
481633
749328
45477
665935
342755
120007
895974
971261
474325
706607
754668
260649
9979
432731
181924
556138
471702
377833
343835
942084
76966
996920
399761
953639
646726
9225
300723
685389
660737
942863
68973
738580
430612
761776
403698
125445
944924
541632
647199
635138
180838
971649
57670
436784
641703
310051
475843
608226
632178
885466
309806
157242
852973
593277
424986
457505
996176
972766
260005
188578
512077
432625
72655
694043
107145
560524
989087
633766
661656
464948
304575
250404
639604
946896
592126
564185
293091
460936
600846
966101
541744
753874
539085
193874
466922
980739
236990
754671
148915
120579
571118
907235
955864
197531
291169
888760
579972
359667
304344
862821
904210
930900
141007
359624
198405
476542
701842
56449
168010
860994
335991
321921
41410
118520
657952
10583
368879
818239
485327
776751
752580
20260
444935
11962
395653
887915
834905
292092
176542
717977
493276
640282
137903
330262
319586
310165
578489
137633
529319
351148
521003
346390
630504
400933
324601
110731
573165
643816
173434
26062
557957
377615
835933
351804
63688
331376
669515
517833
916921
843438
47371
783971
437571
983636
460661
465915
994677
636969
282750
236651
515256
928565
16191
532082
373249
555092
553044
835232
730102
436757
883886
604906
417735
338191
173372
191178
664410
261183
561121
131598
895665
105927
652792
742709
222185
366117
451764
573217
455032
575167
270798
774791
305333
251268
122098
763537
735764
657783
738524
817121
841150
568444
767164
444073
610729
203244
181871
538450
73409
397785
922683
264626
312940
959050
209450
9774
938358
818569
735988
625751
6839
430124
966008
205053
704789
907150
448455
671490
764654
353216
927237
465859
898078
888639
292898
874470
400408
449190
535088
31612
92869
320148
946613
662903
575431
255221
783697
372394
967749
652072
606099
178139
695928
997128
491824
329596
449354
11688
45399
729767
430216
678455
164837
734174
918507
655118
93802
420535
245790
289650
164538
366024
811772
990105
220704
589435
956412
733583
939400
321020
756495
152209
365197
185516
479115
375678
595404
579420
659687
273059
862519
842209
197561
46863
313523
804577
929232
736381
90838
587966
23584
819793
804598
208592
40540
436362
563180
182326
532092
107345
585857
401571
102924
8727
251838
958745
966376
682764
579437
669514
150969
515825
833421
889774
621666
152895
253544
764329
962148
293668
592134
7798
490159
128742
344123
902011
271517
38458
988604
715330
7706
44840
668533
565745
695469
533247
572320
246281
476983
277814
25389
147156
536415
709497
98597
430409
758387
696171
365516
223237
822621
163241
463896
321135
802746
415140
379193
258793
36648
820929
983725
218690
344726
752740
294429
896046
142979
860524
692499
885078
226127
709749
486915
962716
914766
813573
559286
686181
245847
115251
261551
19561
889365
256298
82058
887871
920526
362190
379299
272976
263882
848858
451728
432405
421423
448897
508088
62772
216355
905375
48771
747076
918236
419741
719833
918858
25018
530814
882591
231863
145191
109574
724842
626780
896709
240039
769594
729932
919794
770856
757372
379097
851093
587807
225219
697680
789024
182385
263091
371181
543468
826715
210207
655636
717731
659046
715295
812761
202352
133124
886777
815676
714755
986923
146467
913728
348238
786466
195817
397873
14376
941270
964553
570534
702769
469780
740092
329253
995571
256202
676071
873425
766949
802061
78187
858457
999950
544885
579066
676693
857828
144323
567400
614716
249347
584563
254194
908457
326068
578282
235420
253001
783303
894683
604601
245917
296659
93443
836014
133122
968791
849894
197908
274819
93884
217460
72972
987984
659310
285262
941311
959112
891247
849759
579769
810572
166981
977852
978844
562775
826691
28758
31036
735432
119578
368771
589446
581928
910725
847357
572627
201375
909006
447603
936308
445598
376997
157491
141831
392776
35646
87285
218213
604151
899633
732048
6732
354453
426182
35187
410127
100857
580493
802395
475278
298753
370840
33119
215125
12798
330739
439761
68798
603971
389577
244508
397137
528867
113826
784679
131131
485249
310602
43168
7564
89155
976123
78699
718843
132373
978843
798963
216680
494909
465202
849934
876098
848235
345322
738788
37731
268817
423927
574796
787519
430938
717145
92019
612849
372794
716770
692284
876882
315296
518761
259966
909700
684967
306790
312149
918806
60918
390837
116014
135629
415316
681880
999869
978698
575972
961799
897559
957179
367542
553927
131738
993230
244155
113083
134710
944026
562553
289418
22436
564290
620476
771355
587316
335546
883458
859451
41202
501861
41402
865826
702226
418890
426833
997509
565306
523794
511365
607153
797515
186154
620990
902551
787601
629731
673528
988077
106668
871353
320912
320519
83165
860509
454680
568473
847629
178625
948634
729365
247982
551146
442173
987916
352641
697860
778457
806690
290689
356115
359171
914112
738879
386698
790083
877071
852677
842913
914764
867740
178936
288792
888717
406131
319166
714424
198105
345340
296258
415575
274375
967165
927432
239165
833258
32309
507936
100331
847679
971372
182282
112289
814599
252548
553170
150561
178340
88839
20316
718412
814222
545144
381435
963606
425517
764745
161290
910975
757759
279261
792933
639722
94578
488127
268795
320008
618604
445960
433623
541576
115472
478545
55890
458143
678591
354076
611692
996419
603691
303450
8242
435240
451021
332977
844573
630655
436487
372963
254402
276625
125926
944627
820818
899362
438103
393339
493489
231810
811823
840236
471466
929287
188663
524838
29622
340895
161384
88517
520072
686288
637281
241998
880525
476531
365251
913963
434580
885118
468598
116001
32567
283039
819298
72190
237925
372695
746711
679688
87768
211854
970491
246394
599333
65466
495490
515518
363596
958612
787417
313054
768565
219159
79969
817977
938389
982933
376396
151295
21319
506161
888975
476854
238986
31132
645445
605779
776184
41111
381527
250003
104317
323775
421853
286335
934553
237351
653064
195367
96627
332412
779347
989074
554479
116977
599023
971236
684925
377374
67008
327299
294806
77940
730781
776521
272836
498621
227760
730282
514359
81675
675586
486006
454646
214904
747981
237466
628208
205488
784307
113978
737287
810321
72292
519843
361053
811495
941341
559046
276670
972715
750917
320583
423085
398046
241633
547944
503923
9315
731173
589714
920236
495363
707936
305259
716031
942160
599218
123200
553110
189209
596005
840940
468590
542624
718605
413634
79760
241178
941434
887617
983265
31790
352464
853171
761648
896767
344186
450475
791301
572024
550840
537690
373842
378264
810356
976504
695339
130535
48605
104
409875
303651
725945
375869
720010
578191
626191
49032
128458
731008
600941
441131
605146
255361
794458
908025
390386
829074
666638
628809
381740
653978
756457
181948
634820
946469
845
234006
991300
368174
705468
391708
584655
169987
380853
143150
148365
665845
941142
430925
854790
550011
292837
765021
881291
154428
330163
843164
442496
535292
349470
250903
533617
579194
474154
242621
796172
728702
66741
9465
16686
88410
96143
857673
259987
416639
953577
616779
117621
357913
308860
968882
20957
716847
237384
769233
234794
84090
118615
892294
150444
99330
173586
944335
853479
335075
617774
800044
487593
746443
614949
507152
799940
373321
735599
474452
443243
458125
103557
840049
97196
799670
381600
44938
424962
144388
857830
354366
545408
79507
691652
113589
222422
514176
340278
699707
667057
901529
836422
904045
160103
992686
849232
714308
252598
405037
233108
448489
210136
484679
344060
899710
840529
816700
578620
559395
568346
82369
6140
24804
153798
983669
488496
507612
954362
545331
59958
487846
172792
827974
266717
692153
90548
54997
7830
887851
619267
287937
644545
328361
29347
904549
276057
801218
209565
342067
861420
117142
604652
137583
933258
141229
37850
128590
103285
100110
772564
297425
691279
272786
497576
550594
634154
267493
751334
314816
401314
988795
107973
487813
477386
992700
693922
422082
946773
862083
522326
723872
598677
937044
534497
587416
853477
163279
391621
522983
183630
980811
921864
150809
460426
283553
201100
763601
181350
72308
990697
990660
615752
452437
287778
490117
902790
95509
69189
433391
800323
196488
573119
987928
404824
231728
762646
462829
669028
875856
812681
903150
397395
225300
115778
167705
410752
6117
984088
436903
596885
273907
357095
407240
870718
503586
390776
18972
171119
299875
78260
985784
309225
965539
284390
372035
950941
31536
991756
126668
283988
615597
554210
24479
846708
361032
473188
210484
130930
588372
467121
954947
389068
887122
88848
419207
609760
659067
954591
464547
94684
719867
44415
820757
87284
527436
760627
335854
278668
752954
497573
694739
325776
364465
948707
404722
930270
529609
876378
371442
519863
624240
832169
954457
510395
614560
138418
535255
513618
4474
57647
707342
414693
920435
794470
899793
466100
952085
414301
200913
484235
150374
787136
460910
601051
33644
965978
719846
445836
491148
79515
337328
137718
92013
432669
685729
461725
427101
977427
708966
51052
408914
950116
560499
760382
140630
558686
915050
401138
312434
688930
694325
106922
334097
501380
228813
390087
862997
351087
302438
40869
890215
631366
789049
587245
586979
625406
972018
801167
727910
602960
343723
487423
853567
336074
556977
875417
294212
975144
736759
374518
837214
409298
374245
311491
755623
549549
748733
233214
905000
749834
132638
119680
219347
88641
193439
53789
208476
191248
330180
305636
415948
298002
977777
429529
569866
678871
902423
653438
182826
501378
160161
791940
20651
311430
661636
835311
652050
618623
4888
493132
698290
867207
279018
500922
524197
504542
762086
426729
725251
320327
958010
382354
565006
649209
130261
172002
933150
850401
577045
616820
373460
103767
27372
939137
113990
383853
576754
523287
516141
166146
837086
151439
541322
573831
844126
470257
729704
929754
851921
74529
941325
707772
503854
451299
901589
953958
728399
251588
294929
696122
356527
554716
496768
869869
463888
23421
11122
237664
195184
193515
367255
784152
155917
64168
640985
655814
230203
81674
898293
666325
211703
516987
801706
892255
98089
200591
358806
689388
655868
657737
67653
465704
654668
430931
615309
29512
609624
992685
359318
649263
642362
999776
797899
849888
734074
823909
706321
599085
89400
648298
933099
217967
928758
292265
894729
634410
904107
784145
465042
722992
38705
283764
923286
994757
109271
969612
451764
893319
299963
593641
737040
16256
344437
497970
255945
182174
558518
780770
440277
166886
298059
139022
971664
233947
14246
211493
276148
136842
501374
145086
961412
449581
634538
952615
214427
593946
109291
729450
961067
2972
381458
848434
451999
329702
205931
266431
73979
583646
862555
296044
267992
816267
320842
350035
534696
944108
425577
439152
131848
417475
832264
1252
950284
393332
378421
701480
930894
225629
65019
44128
159844
505851
157220
380764
820291
228518
776682
841331
382088
99644
349939
728520
59464
669061
978784
712205
980089
530366
749323
899322
229888
905691
820824
934794
613066
872216
998509
578860
162403
937360
604932
240376
645977
213314
53841
270424
728199
444497
887515
2280
142720
323046
152458
973269
112399
713927
538032
358814
9513
849301
281096
361831
617309
979147
781432
592490
229393
969578
290798
918608
771549
125383
47200
581582
518514
689306
494145
220947
175729
469978
72844
118358
476918
381991
343052
749058
400985
675565
435935
277239
341092
365716
236666
544789
469659
166498
155822
431210
787296
366288
231800
537149
791907
638957
730454
401222
480476
108456
149203
367226
499763
989897
837634
120484
754768
567249
729217
898377
80360
375646
654376
947213
71367
730399
334643
522521
110747
215095
348622
375232
29896
129917
504890
406329
579873
458827
110908
884133
677560
96474
965538
698661
671694
632630
808043
258931
527635
962820
345928
755612
992049
960165
594971
526727
223880
758876
251447
94089
55881
99166
478059
684452
922736
660526
80475
88319
687524
468127
786944
481246
384918
437856
719867
388494
753707
83370
499142
23821
823318
22302
731070
754253
453307
946546
663138
622325
833720
102828
750982
478209
745578
893969
737187
350143
864641
147696
899509
338479
198354
982357
983143
604725
811546
822246
836497
549061
590900
903122
387982
738446
266032
298264
5565
456562
917875
468822
443216
993775
69493
261229
523127
136313
971565
246246
886482
419744
770413
255473
769109
332683
795043
382747
351095
167792
396974
390336
878109
223629
179889
253230
735555
431533
901563
750298
27976
402485
760193
804115
474930
14681
907209
224749
765124
747514
890898
189705
301317
700237
396723
704960
865705
283710
56228
793535
898804
376559
852064
117768
467993
488291
742974
151995
384998
597185
46510
602618
805920
821729
952484
870337
876918
199846
822337
67744
442614
105279
237649
411720
921021
207081
826646
709290
190552
707062
713655
294573
878788
114157
537737
315364
489460
843527
66762
511792
59352
346818
289316
165797
171738
167334
874323
459221
78597
432038
698391
1224
928994
51588
848305
936684
658226
808436
746794
312562
367342
685385
119498
714829
158716
448287
27916
850368
242900
568857
59642
709447
904805
675856
332152
280823
3166
282262
258454
667766
815601
579523
294035
613091
763427
749062
388280
562953
735912
585217
489719
512645
172790
297676
396240
567413
34603
780815
85202
11108
298229
365937
364142
625970
955296
549294
785391
731559
820600
540906
126696
292983
400410
898877
336267
439386
159807
172852
468927
402334
783657
472387
520530
856428
923606
555213
897191
226539
103197
405119
304345
320307
457366
49723
7489
805800
929794
290275
487886
82897
149148
853686
128480
981397
606221
134168
142517
421826
359541
914502
451452
50685
163465
487301
848472
528872
419434
99010
61807
796623
603757
246134
819103
808153
889144
405205
945649
695825
986763
378827
100314
721907
783403
727911
105756
955538
991866
576852
142571
262600
291486
289246
167303
629298
253023
738169
327344
245941
646061
360573
155632
934316
706034
265035
567606
494434
715885
725372
880573
672676
811627
56377
110920
111847
982512
900481
74936
934781
614025
696283
349724
400752
717461
612164
14085
88847
865959
167626
425621
368009
8721
367408
779668
460997
230909
291457
678547
15477
383425
550797
60207
180428
295118
297205
349544
463052
828390
928870
490597
302183
362277
249283
859324
661641
875864
828826
897630
769681
177418
180353
712509
514116
459204
457332
160849
797258
420389
272355
724215
741138
245587
325822
761649
743151
841772
575024
845793
39475
318191
687425
583555
102050
140999
890440
339830
76136
456955
507487
173684
794987
624213
466581
704799
604599
263958
324909
429481
893221
542199
484162
430209
79212
238791
948576
332161
935857
684134
317195
585317
935367
834227
501664
680788
589798
592758
69249
120231
552400
507317
387589
552703
136950
823406
1442
988260
845335
16045
416908
895039
205497
88475
376285
246613
867482
391205
874682
157111
499066
809855
527376
540083
387719
204625
595631
513620
173624
587430
258445
518663
670974
466709
61095
953463
565862
514640
488498
123958
178872
421107
504540
719959
469229
914337
503539
481157
201188
102079
181345
676599
961554
737915
823459
573392
677412
30987
12609
660687
602685
616839
615547
84626
125636
148698
840311
345405
328605
214482
362004
763448
448517
929355
986684
292708
680440
406260
452460
123856
785420
115014
27723
794946
43236
294864
725187
545971
452283
718328
13770
222470
586112
543507
662892
734605
725171
682292
83828
6915
942267
325966
803668
879881
716593
660736
717626
199502
644848
639262
717408
231518
412652
949103
578096
787924
978151
426878
181557
898765
464872
495426
149714
540124
113106
516299
341292
667906
334952
215967
796401
960785
654361
715200
19510
289231
94889
260776
387928
52158
26482
685726
741091
727159
259596
32756
712098
605288
909093
365082
257590
713803
159993
944780
34463
742414
447164
355574
72453
443523
71854
566413
911075
46228
556296
682938
8405
308226
200425
870574
344818
350836
549130
155658
487614
717370
52642
733791
506841
808494
876310
515416
448968
179112
532301
734661
522197
44832
77026
53318
500424
848607
444536
775222
94502
905866
919451
862305
971454
502691
912470
884436
54885
549970
750937
786650
595035
412578
928209
427467
165055
583547
63143
426844
530801
506688
38648
838900
300157
44562
284927
930076
566324
543102
988181
465801
787146
533203
362982
409849
622456
351676
240421
527870
687607
852794
379270
157591
761619
226924
718327
349636
884357
751376
445737
625916
968887
168197
647415
159110
991193
857758
537464
910544
862880
30127
819933
534440
61423
44937
962064
496322
978223
963572
679608
874545
248763
876700
775423
794218
710218
26440
154686
192104
549885
730129
669068
604948
417817
751155
775767
577225
144576
829764
383030
810453
713556
301765
344779
984809
574393
21373
346267
801917
291878
686338
381748
278098
365170
609291
454999
854665
998659
479684
225053
999854
873658
591574
852123
122387
984825
942602
225189
477305
636926
682403
563048
975111
451010
278574
471793
717267
36531
357539
74752
911831
408053
22176
788418
787747
613933
972940
263295
127147
90378
265414
42052
269143
698
557995
247659
657481
164655
137510
253656
752269
922320
395911
720300
438762
594244
179664
801800
394594
814568
27618
167689
843607
283097
304165
307256
660006
806375
876270
380147
475383
724
409749
159326
993179
498265
897348
880629
64811
716885
329483
838888
82000
898912
294696
185475
283982
8863
215180
314322
343910
480098
179306
503631
225343
355455
897387
416298
775564
518618
343047
20184
829181
395609
419148
663311
87087
621620
159191
956963
71891
277381
484031
219523
685988
172112
994313
725611
730176
818406
577984
73156
277662
211814
971498
496927
869638
718852
546427
952642
137442
42205
281049
141219
521660
515853
963975
837902
479417
126347
751552
774926
422097
689379
206751
626285
625802
381194
729554
854418
381162
764782
931221
584734
867926
653476
696768
679472
635423
591742
202185
115469
37475
906725
486575
25574
439287
592099
478728
679055
49325
518925
26900
987424
93701
460797
848539
822871
963516
814735
500557
455905
186200
54868
585752
589576
476224
801723
699104
952552
70063
895939
407467
19984
128879
368407
257291
589759
827103
110557
745344
375429
177472
862284
778829
872175
949300
141086
344390
8850
634169
812108
586885
458988
573966
136219
368715
769088
249695
214705
200561
535754
375520
12682
207672
285400
197673
247262
137936
285192
124452
678718
763464
404929
723536
319924
704841
206187
168038
207625
78151
542358
277065
772767
170749
6823
28754
995102
781053
20955
30106
388679
809562
21385
53784
537970
131939
642342
454390
804419
659695
619796
950878
601643
942920
502142
652232
200683
881540
614015
132862
336294
679866
758908
21684
365663
313508
271943
906400
414301
912298
138156
427076
191243
541570
197137
847670
982027
708682
15757
61382
661894
951386
80892
886442
365540
280521
280467
651040
380623
385293
453289
162372
453218
83602
129264
256375
603539
867080
52828
995400
319815
677378
852112
792682
678455
160299
126797
240588
871363
510309
816980
348613
700741
809016
23261
815521
492158
722847
389807
186170
666186
528392
647940
610609
492936
862244
812404
100043
116026
382070
833813
175275
270431
459614
229828
905561
703142
972329
158851
616233
114924
704528
985445
548627
107143
676594
393011
932375
944275
184252
754032
835790
375187
312835
756877
663029
346495
91104
30201
374590
974608
10362
58864
280616
495704
982483
233692
804773
797767
747037
427614
313299
475151
221553
987982
6115
530491
875576
107329
54904
660876
196808
553470
856814
858355
521184
819985
680818
834797
477224
937127
37344
962847
553731
443799
288360
30169
370449
946216
59322
811948
445698
488658
271059
387958
94897
609747
319532
30634
589350
811252
332456
952298
883071
676741
553681
165190
42451
485768
186848
91632
822047
300594
38596
410235
477098
485013
573781
881925
475795
192229
868384
585161
55646
246647
161275
540456
17902
275955
558867
427023
656902
876487
29363
136085
94824
518041
164775
978809
863199
766606
620126
614632
230646
370740
485209
158289
90481
114594
268772
724697
51942
45444
16323
593973
312751
937344
241817
877695
754487
509449
242651
871369
62211
268607
929622
132335
196225
800562
801829
840897
958208
972329
262748
123314
186697
436192
699615
307784
739902
603841
694854
540551
520314
671336
291889
846708
381779
871793
475990
47144
126409
585760
20518
182291
929101
420224
905439
521038
925650
531505
100517
97912
262712
703202
289661
249938
671483
112466
233251
553281
164522
590217
225111
416598
49488
527690
418716
962947
457133
678676
543975
122998
175352
899738
555147
174214
620770
731485
459518
160166
369541
952928
424660
520301
809903
210179
591343
364888
167091
384496
829317
39462
174680
152550
428369
355320
995967
1068
383178
333656
91622
244194
398983
238124
286567
616656
250598
67530
960945
424173
130209
270183
972261
39389
440444
99515
973349
863886
504943
766637
139764
974907
183132
628062
197841
604172
51555
943422
573699
902986
920343
932987
845603
523482
620398
288186
880718
640611
494974
29578
182730
997679
766554
28128
720343
643374
369598
704689
653893
476224
611679
134891
980585
759193
772400
878869
108033
247730
396165
641340
945044
294549
910648
570273
737811
472878
186849
97053
748500
302339
147489
85741
786801
190311
27879
424989
270794
706507
283568
217169
232215
50254
551512
504468
368750
231151
533109
979861
591197
857222
527368
485640
460606
333135
721599
148975
615289
387616
30004
102553
364992
257768
160230
508481
937888
119350
2948
518343
642892
180516
670949
983590
423700
233982
327828
495172
809675
93560
167080
785781
576143
815197
961871
420714
641030
697747
676440
288788
139175
374453
554924
766546
99044
178229
100851
266137
628061
598679
840303
910198
283627
135561
977377
871496
601554
117500
132674
853106
148402
322379
250182
779261
587907
680394
953590
992245
836252
154285
103170
982016
454316
606497
635586
59606
617165
636134
880592
961744
521770
744747
341960
465831
42847
175030
377681
422096
1032
806104
9255
81235
591726
555
819135
465057
818022
819871
42057
210506
994891
22999
314477
3442
625396
695016
421919
153672
843260
840042
616201
198517
133563
404389
517633
68569
679399
826131
654207
316373
369141
54134
278029
812555
243766
812639
873745
934057
407124
40317
530834
73900
117014
999955
501046
937607
492125
511390
758345
914140
64566
376777
225094
875119
686637
730099
471589
45404
487622
383558
517707
258346
138876
278869
413178
633934
108307
933905
521901
162540
78366
709662
46286
668331
483274
642335
714527
585913
357771
994484
648270
29132
204820
797471
813604
511046
113867
282481
926316
251074
384013
680212
425048
242199
328652
981811
9998
511928
633475
726803
817428
307314
430480
590745
75301
286742
169079
328981
156309
268323
925307
973288
855025
404695
980028
861163
504187
968345
169872
519137
946514
228061
41752
797453
632909
749581
524225
287157
395276
265173
461902
685633
57453
118955
657453
526181
447990
600643
280746
258920
122164
903129
347912
486835
742883
31589
727212
277131
132777
834346
744697
697869
41251
887282
38675
598156
415557
967723
213797
987475
21576
13994
781804
892766
711451
284438
206840
890628
510392
681917
1094
709121
574386
137151
367048
354652
359851
273326
80963
418637
76005
216836
874080
722984
850021
332259
735996
721389
257668
452650
49628
287512
732552
858228
417933
264340
647156
537388
462230
700101
55877
139425
457953
377288
780151
189966
849682
151437
917920
591697
465746
441924
765551
889731
257380
685874
582459
460963
324389
784330
783812
948684
446432
828624
535164
732709
454447
42332
229148
894028
683938
637151
672345
300554
551112
266674
266907
685308
386471
176255
421126
50234
842321
454485
651177
368854
468557
596644
671001
152449
736664
622548
599790
344666
790551
611440
193973
285098
832057
575925
941171
907373
565859
601741
254561
270101
398814
787832
479863
692448
117770
933603
671831
999456
557375
638988
684869
869984
123164
578348
620224
661797
438458
28160
767333
974757
615659
321242
706546
657272
166613
312878
499245
496026
78782
30702
14569
117878
724186
706125
2911
869329
527386
585801
756349
714964
527487
875198
975590
162104
886041
529478
719310
818134
731919
717713
980010
70521
157807
270972
585769
645090
19026
724262
998803
112508
215357
293221
525491
995455
901999
169986
253654
533488
349803
573361
108198
984874
7461
922286
713039
25807
147165
947931
96781
828054
735870
391099
239676
963224
729138
486377
449928
674221
338561
423414
791945
135629
514805
911434
393509
849526
969195
105682
130665
719124
906124
278089
529257
647420
727812
396325
795893
73380
427608
999729
128569
611722
419812
306504
178567
276565
603197
905242
958115
680134
70007
556725
709953
827519
779550
719308
68819
973788
27921
84020
115293
925899
854237
26997
779670
58874
474791
757282
470478
284244
466718
869468
552707
514285
427044
650919
656444
237078
200257
672013
189802
534522
682339
667232
305286
525804
397323
282241
870157
955350
842359
456731
143160
127096
742075
449448
773372
43989
591881
258562
440861
911116
335325
825556
531850
268061
372917
621582
981052
84833
196029
731312
321392
892403
173397
397834
434884
537706
993363
278034
457216
736677
793776
903456
25878
916826
585911
279849
631660
627883
610982
968905
270676
324038
569608
525182
236998
159576
689450
538278
216299
625715
642455
773702
740794
319744
585450
782501
785558
163864
471986
217405
448344
69633
486894
674157
368454
228225
743794
271322
698250
313504
461376
22078
738917
859059
156312
564471
688792
610560
155900
555523
631902
681168
3940
667694
157777
296368
588755
309421
256094
465096
225139
72986
85061
301587
566923
504938
333124
413094
664697
747260
631089
418472
499100
135634
824179
373515
753774
304147
222906
202074
977383
320434
608054
301100
234295
498209
512247
867092
720590
556054
290756
110341
847373
743842
340932
661701
221365
188522
425979
212495
700468
954432
881741
330375
569013
877736
939075
40490
992057
32985
755501
960515
923486
488009
972647
988201
882212
419443
603873
870176
224497
902337
304166
400397
983986
816393
894878
402432
88459
179626
945564
259565
944109
512573
828404
722904
599268
179764
653235
368382
992194
777836
315179
327503
516504
981376
294339
123222
200823
923297
320780
781749
134834
520578
356639
260212
350413
661038
635517
56298
207708
32845
542793
812048
889816
223289
635810
329479
746754
103324
693043
909116
246955
722035
294341
868706
845788
292089
681565
676887
657225
183815
179550
97197
108950
350405
274120
677255
46757
452266
199754
861898
244028
848668
291229
465222
918886
943483
338325
66980
746233
490613
183013
156495
903680
473133
627478
596860
975017
494063
331139
239368
64354
341647
961746
471271
836461
399343
447135
666277
185929
552026
592986
74004
79672
366018
15810
822235
482758
537706
588356
236230
945191
583277
477533
895804
837890
442738
72470
574142
636167
42196
79023
666106
499063
954981
210239
900068
56898
821399
580943
548290
291337
438818
767088
160736
738429
603280
613298
447735
966188
10889
383198
976168
207429
518019
834925
338015
36922
16676
960852
16381
690256
251735
61557
641601
326327
693538
536079
183578
847650
487688
263256
193894
779725
596888
307639
185642
876358
859757
155767
878336
482289
949700
801347
146721
281452
538641
902055
473106
209373
922848
145385
900090
401044
397962
900781
453230
120396
102713
9792
237874
303292
403902
938282
98514
839049
888567
653006
37787
504969
996330
629168
317730
182414
644113
966613
266696
554657
911960
756918
421113
437301
39661
416213
599460
482361
394070
706533
894321
513903
876270
852605
579033
771419
370532
503332
704515
407813
243422
602835
398916
836586
978282
147477
826920
180336
896769
205185
562598
36692
622485
547664
228326
90626
492608
329363
295894
249645
167581
776997
583455
739624
123240
122531
892283
544568
990993
250578
741447
779856
255394
227705
587965
907429
797181
865434
506865
374302
112770
82170
918051
749726
102194
173997
481456
793022
122196
467768
323105
682250
716869
99253
475607
276281
391980
396956
137370
111270
466547
945965
659263
902912
254463
281131
832510
807146
306229
826964
439884
564105
461594
47281
680915
470655
442925
863319
756756
940325
98368
975481
197215
411673
621456
439251
47347
801156
845515
501850
699080
409505
577997
780288
734422
243260
290710
892711
327884
798480
868705
731568
707855
499331
635018
119731
872770
217521
460700
735299
795377
429159
457432
1416
158840
566840
566206
126268
61185
265821
969656
49423
710234
26628
768691
533370
265271
867446
325603
849654
778557
152364
159496
685888
412668
26053
557747
468890
815307
950573
978381
568500
941186
941168
294437
831361
347141
411928
30080
89755
86044
42717
72306
719481
800643
753381
593738
978444
128602
519141
592551
182901
853768
217261
114676
144296
532479
350315
680774
489582
290171
392635
827563
896907
149313
921248
216829
878927
515673
688819
524966
182025
982674
506834
502538
465340
78603
153419
452111
863176
374024
496504
510358
200136
50744
473709
770056
121248
16957
963882
195055
818584
439488
908031
886522
743661
237389
69298
818021
688656
957471
24594
948526
600284
249993
404293
399314
640602
60960
5844
209408
229938
873452
854401
583337
293546
931041
158139
275552
523518
529555
637874
883313
687128
577335
861067
914567
770902
562323
277289
24566
507883
198511
607132
656731
908789
1785
736982
203257
547313
801657
40954
895110
405284
62097
308613
223200
730234
419313
874917
224518
34789
425176
448758
288874
853734
622999
513819
709221
103216
546751
719102
966514
924093
58980
91120
188884
782904
593666
156590
443479
737058
232748
834053
991370
859211
920932
133347
401396
334639
898642
277029
162377
394622
924816
735492
781385
694540
917636
481353
771231
485336
475615
688701
35377
460572
542739
459551
126256
452402
524866
879973
977412
692923
691393
501552
302792
632287
100512
254305
985794
944713
129280
865653
889181
140366
479031
562164
435530
127908
73945
88899
304644
644158
784800
11370
786486
5558
608394
9525
602330
600907
338676
268101
529562
999254
921307
951776
770440
542356
222292
254761
497387
591726
453441
953792
552214
958709
368964
787278
20048
510212
57671
839183
499295
943780
279387
823842
398950
714791
441086
870117
679587
784639
962774
290352
238520
553294
616190
707907
835044
776866
990905
531780
895032
931895
265694
775779
303747
445606
360561
749400
753472
399242
808132
131965
926759
796874
67194
232885
444524
135352
807807
297480
358141
639140
575033
741509
884704
418321
623759
273223
548151
201555
56425
535372
2193
223168
990032
431145
280993
748243
147060
890294
469416
453266
893386
753228
538465
809795
346144
486265
770699
988009
855146
69471
738772
495279
125256
790453
324382
620793
645122
394011
394182
620924
839326
961470
3179
67225
496623
679099
851444
675835
580637
143619
449470
534681
410582
512183
730756
616943
687769
643933
411127
182725
115900
591299
120979
288981
526592
41488
684427
492543
294283
330246
924982
24759
156746
702753
134728
308326
899082
244296
756995
208200
463027
677292
465940
621088
49616
931346
165210
527544
286621
853700
87901
365417
307047
740357
51150
68646
75929
607214
9603
518286
711450
204647
10745
540437
338025
603538
597070
635182
480946
838192
923774
18400
124327
177649
21287
940384
257632
366774
690968
394401
933710
565710
384951
379365
302486
716876
848945
232537
401925
196435
374655
425785
396463
75767
356596
426731
31254
770014
506024
985271
153245
426782
296451
736209
907706
176948
730359
653174
116421
506064
546272
156958
846990
49085
128401
567530
927925
796020
754507
358246
474333
941661
237
879652
218296
920478
318220
131536
80157
573879
967778
75469
54497
986614
771345
128243
20462
519730
755609
898165
387839
470891
194552
948876
54900
996350
97491
971346
279559
421815
678060
404871
56158
250445
986475
780984
356938
798384
236461
582188
774427
216364
904773
619608
644573
92245
306860
922702
410565
686463
311282
888521
451719
868904
57772
252396
127698
83149
470194
529459
948067
925726
631790
695370
178551
3041
301341
832273
456291
509199
842884
357894
925710
275833
559129
272793
445789
431481
715982
22425
774878
370340
55790
451755
306956
148107
778648
69073
933326
820519
164673
438564
774793
433083
563166
850944
924820
5561
694865
310706
996613
391179
148228
552950
931339
218925
698162
270364
52070
328128
359326
26899
522043
204780
836974
497633
949335
995497
917808
823369
271303
505891
761091
67309
974857
696995
859912
201192
135542
538380
490553
609162
764811
911278
812980
213623
277142
402113
823703
289827
749382
569263
967706
572796
222763
858726
563052
847266
159054
314265
935969
642043
578778
911607
94916
451040
772610
239896
424634
937725
623724
420680
871884
117494
30187
350801
603401
129097
209643
241937
351628
749606
201087
883684
198177
546247
636006
939678
11245
250589
631461
41257
510316
447286
180551
467158
380812
512877
793657
729755
842572
527500
868358
448432
164748
36793
317344
194336
453272
705551
572316
236350
762609
755893
438236
254616
792584
324721
623790
639593
187713
278929
698555
724780
5961
424613
33012
136045
148085
666011
573032
852609
962884
662797
794570
399014
293620
677936
587297
713139
485944
250449
113723
776714
532661
333450
986308
335092
185101
862910
987228
337845
413737
1964
739897
435417
217278
723644
509393
407172
798612
557537
476051
664258
867560
403180
849846
93338
739238
817749
32974
41873
672508
294055
770828
656440
893476
887995
721062
526180
975402
94922
709233
203239
77464
602553
961556
898862
782257
806619
105150
809810
647774
705906
45022
525901
764279
882855
455242
276793
58681
701685
67726
773011
497069
373714
464831
74666
790436
246660
942798
124068
401334
220303
202853
894099
324688
665683
713498
151762
671808
595490
390262
389154
502583
357666
278257
675593
234563
452510
110800
725041
576818
382556
944020
756682
79899
569071
722128
303433
418892
5704
541131
42004
736430
794786
680832
225581
581467
122200
116712
562902
930697
88890
987637
425202
521291
785929
876511
265695
805250
524844
366811
687762
415457
588664
670901
86156
49482
743556
425040
165073
272628
126875
871437
914575
114512
358712
665246
794547
245473
750251
57182
775452
428934
344808
740751
775442
801020
81433
357105
545415
411447
946338
681776
865358
745383
574103
128997
401535
201339
914640
23519
173384
367980
513631
31622
764389
324917
573703
624708
464823
619878
282668
421093
818679
235647
558789
860853
498633
701270
854471
492152
141685
86147
884590
20137
127950
790759
138085
226904
836692
72496
546785
528276
437022
306022
976543
32315
162676
387082
134432
126732
305725
860900
104585
82204
929088
498841
837736
690491
669124
47056
348993
879126
666826
281080
874961
546513
488298
752893
978823
332806
245496
264161
255058
213074
512835
406633
767472
322365
910522
739815
435234
627382
717804
868646
484489
498344
995765
155661
123208
710439
972619
962582
984844
885610
429036
681543
239770
833396
734142
17459
217929
810778
16430
340710
284846
72768
313826
537832
69598
583195
546296
156731
260603
791625
349258
662328
500675
676369
582861
796569
863951
743821
66640
237958
694613
793557
687863
455742
706454
662992
490104
940635
710709
882489
35078
649493
886956
163390
366524
382925
675082
86003
726253
421206
41049
266617
832388
767464
740457
93666
491691
755230
906145
657409
135347
816145
851990
554284
135884
194571
251192
379995
224419
605427
245673
62635
438719
702086
114828
869085
711333
135240
850883
565361
466479
86138
59846
88794
757511
714721
950143
949631
281641
666374
599308
668242
941139
205703
15966
563589
918905
774675
593837
507629
507564
295985
794717
500868
262169
996295
408787
246665
354144
321278
401430
11555
594039
475278
256884
712203
764779
350552
257
251932
545686
595173
234193
803346
211049
988049
568267
818313
663996
689515
535910
636155
491834
900579
568109
869985
569485
383665
109340
946765
558447
197925
771504
495452
836745
31741
251407
446620
878693
47749
746118
318084
583413
296768
264678
567272
709878
532558
982266
993533
157678
23007
354833
672818
165444
548301
667722
586251
430044
930863
806399
435227
320553
37665
143762
749113
284256
522302
267376
502319
959893
255412
181969
565606
289284
798266
139464
733757
201640
630610
615898
45923
163049
252981
307025
902752
752515
802994
538647
438600
74677
916613
965090
685841
484590
651391
47168
448686
668527
138574
489593
507184
890762
60868
203136
462205
854440
591671
942859
967281
863974
938248
806281
847213
68422
208544
118286
902759
564457
1343
654183
803456
180236
226941
41216
264401
578250
698734
442037
928432
253787
133202
654082
154218
623142
371161
284005
244588
727728
799830
89779
988224
385340
5608
526374
700024
459719
802560
112292
284118
67646
104349
457922
251315
851696
531427
786554
988010
113204
297910
59539
380047
345285
474326
68581
647721
30369
83092
921133
390020
300987
768865
110082
773322
278845
706325
795553
143139
297199
214529
274139
511414
150031
810065
906017
833695
183504
892612
70807
400184
977364
409042
210160
911987
235540
641787
426185
967997
488705
961848
220013
906101
126259
553446
800086
135592
997303
344653
702756
816062
144155
120678
325999
895015
367615
72512
260155
45669
13893
504576
255623
829975
446583
148967
333287
296463
408174
68888
106813
585471
4508
261839
405721
148476
608291
850987
812278
395986
143276
300414
721786
491440
869884
901326
591623
726160
810521
292281
713175
956453
192201
566144
74231
547833
262738
710936
926494
62420
442252
334185
889130
616896
99883
644996
932797
452653
720939
263641
449670
274445
982557
225014
784723
325834
366236
596632
864379
790886
966557
972292
501612
977347
388702
76589
559176
671308
465850
846533
408113
932244
988080
578664
384213
808003
977713
654411
616192
992724
311126
124067
280853
443106
361503
754578
134181
48253
756724
830948
997719
263367
469866
17092
981758
748975
492979
273509
645808
84207
331036
383083
805280
355576
975393
842350
131975
528983
532798
468295
976983
274309
612698
687353
942663
374551
142754
198052
104595
117404
347208
926429
701968
817154
706101
538811
737101
238777
264596
565585
106468
138636
248470
316721
211183
191460
862666
77842
265
254815
124641
427120
293110
865384
776789
771996
782932
250884
425400
597614
272576
738295
288137
162775
540896
989855
518928
741952
459310
582748
178130
620805
432696
663913
68479
441362
776258
624475
619073
421428
934557
872141
708639
26436
796122
100207
550157
50331
507956
143114
193658
556661
635733
881254
675248
372186
539266
324500
462139
592231
307484
695932
462670
728299
320713
471235
634229
843544
230824
591324
632990
857152
29479
130932
591678
452838
748914
825982
763057
698226
730838
471239
837054
2177
431509
51886
77873
536091
722184
303553
214029
58703
885830
30697
146370
173843
196045
818905
177125
604282
763576
851583
893677
765183
47774
337257
364120
586251
744057
514079
401575
813855
34738
345709
48121
647317
225082
835527
714133
302688
122515
446954
48798
714216
352570
857843
383590
571300
857272
252213
825281
732495
423121
739892
903544
177900
466697
279583
963395
238608
612867
517656
130654
786976
486994
498824
909878
729836
736501
301607
634777
480009
309936
782650
809709
324837
376940
704819
70905
896155
572111
827281
417654
794133
780530
665610
925142
32428
999796
129015
365040
34852
965791
249670
660538
946815
545343
820166
477617
411529
706851
208172
620959
430609
958631
521503
316775
169232
118715
952807
958096
185698
573092
211792
527280
482996
522052
266676
450447
713462
691308
894582
596305
806737
993682
959685
883295
368719
574452
626611
309036
796276
852103
952596
590578
257652
351625
458536
610659
562360
738471
912057
293359
440405
174754
468734
473366
886237
709946
951985
182213
401054
881843
397409
825225
655026
395278
579037
869552
988456
422139
233982
135107
890761
789575
476578
310584
879076
598915
21821
867113
244759
42246
972428
818536
203001
870200
326645
987462
339599
20119
866654
863709
138253
334275
124611
608154
713484
346587
691915
599176
936630
354824
457152
467954
41481
617855
944496
107157
21468
339156
35924
35350
907735
661139
972039
700778
427272
427393
181826
161209
722943
54163
583723
779473
59951
121519
395867
480490
340505
895578
537662
380248
6113
586655
452783
185789
62518
711886
924120
275124
572067
106757
506405
863114
263912
390673
952321
384556
602998
583023
478225
650255
429588
350565
455255
532682
298627
190450
339007
741976
435401
103919
223436
190725
748685
700729
417707
419474
498487
296000
781474
855122
672195
312423
681900
230493
743243
339574
327778
545427
581238
967308
634974
778818
863447
231961
525694
758558
252871
859398
924612
920722
219822
850591
756568
355531
222428
755190
921439
814622
272520
654842
287275
902491
151026
988867
398645
675996
282628
523200
917350
209036
343708
735683
472807
897255
569695
270839
636338
286487
468474
933122
936875
308366
231885
917862
257844
928923
441037
561278
706956
484719
88488
395947
641033
880741
59769
155870
895393
292380
919984
480522
437475
51235
684631
640898
895159
134882
229450
834337
865868
831974
919337
10742
243003
418478
137820
401633
109762
51829
313569
837760
546285
865521
513597
491130
465843
816598
381738
491557
579035
436921
662117
486201
74176
120352
157969
231253
732778
333347
750207
33111
420574
274839
811573
656328
971658
942080
336608
533275
867886
648363
904125
496070
975684
311278
376201
770245
896058
520189
398053
57755
979677
82668
702148
867890
316636
90646
957301
817620
813003
205309
46656
451173
916737
140042
460996
807512
588884
154183
562470
476223
422342
563223
55124
668182
228918
732379
226417
428465
790926
943765
761883
910791
489573
786623
554781
709938
252491
131344
939131
339413
355424
121908
648607
763525
914721
685483
677473
192122
269461
244642
166240
183582
635001
104101
992934
172833
594429
329680
250233
580484
847789
731618
865843
918008
931669
473591
500655
554985
610467
91175
375955
220876
214666
629731
675474
493058
33000
678132
249355
920399
461726
372153
68876
540958
648536
838652
180398
6481
807304
658540
908726
775184
753418
964021
924145
925012
434059
845564
817498
193541
895
510082
284231
122274
210526
657283
986072
119287
890824
406500
353013
356294
50141
223963
438634
696228
146649
613601
389806
755256
118931
795007
109362
246228
11580
409115
128199
772079
325048
949362
480341
873295
720454
750638
683278
479983
598912
82683
768290
171838
139160
410296
793610
895689
776915
515369
843362
278993
608461
276506
651944
139657
518351
186242
817268
321498
949568
965295
866372
87622
997674
591846
279895
881600
80553
340876
149481
94396
172997
530206
644300
151411
593500
372518
856580
980318
755327
616522
288465
369774
881857
231300
52149
350732
332540
945191
406010
407683
597829
200858
522187
44368
171657
133246
300875
558399
105830
308454
546793
493639
23733
436399
182377
859713
840827
652281
723006
635957
232045
798217
890508
163572
368411
165557
9926
193274
105400
258474
60938
981487
19500
344953
84467
538691
39824
704879
331408
298708
941729
263673
812229
865945
516211
650463
720959
444833
685071
780824
245119
30161
848819
499916
348175
528951
889887
155583
126615
206613
890226
310039
433616
13860
559199
269678
505361
344257
928128
615267
605362
447487
998473
1420
409684
72289
352091
512913
702391
301088
677186
701047
346658
490014
314076
275767
777816
555175
701197
737667
751222
203502
677868
891290
292396
808013
142697
705829
812241
331415
903007
463655
520293
188293
651378
2209
402182
338404
50244
24995
350537
827599
841082
582567
81002
772627
490115
406246
729964
6130
347032
652368
641444
291712
492254
910205
111391
59490
320005
453979
901290
662761
588853
685956
920422
404160
536654
38819
645491
490620
300989
595806
367853
681990
521260
876886
637008
258533
348987
38991
576706
800179
570982
262111
140027
339861
950792
499742
823291
220837
756794
827409
196415
813846
873008
790396
185838
652591
20207
808652
960729
353478
546398
542219
726870
486134
863203
379653
213646
104682
421099
637023
316830
75652
333854
13253
332949
423859
467904
762293
633193
625565
399330
422343
314531
878762
687337
160499
655163
395520
98868
491906
530172
383030
567298
247267
58854
437002
768768
853967
511018
547460
123758
487906
270224
281229
334625
54159
222581
252510
112777
392531
863148
381811
881220
239552
348982
779777
583187
864325
716051
264388
623355
715150
20307
898514
111701
275523
248797
64324
488921
874259
364315
684969
971212
122237
90994
825102
520665
347718
929591
936017
591064
969672
993004
479108
841632
49988
857829
829469
20116
282022
981988
859973
874419
660018
742843
272175
972134
593678
828613
30782
326294
843494
564072
812445
233655
608709
654174
776568
954817
907959
927495
275749
817611
42614
634877
199680
856500
566497
511392
135963
634114
612128
861922
265327
621299
198304
707024
585971
59131
514194
442507
193141
369486
879051
559676
849776
870281
73774
926101
883634
584730
261913
681117
198353
66331
619595
126045
94588
812864
714237
273752
257309
50406
960789
583684
913781
388681
709744
862919
76052
167215
875964
478794
899058
848470
547677
839770
905433
764554
580061
631936
223305
406326
712352
165793
536713
833046
632289
497094
706295
233647
51512
43432
976781
541952
410524
61811
669445
377315
785618
713188
843710
903560
991368
881321
859346
555595
431247
986928
327458
622711
547637
782544
164693
248150
10688
909670
510720
898265
329338
880097
363464
963495
296280
556715
272336
324295
569646
663684
217494
533070
383508
910743
888465
420193
566401
627367
498869
315499
850592
909006
745729
153494
458754
294361
580438
801173
453062
965168
485421
297490
694524
975299
345507
940067
139755
993793
937359
797528
318228
737948
655873
362437
244840
928032
624007
677079
246011
208422
904176
140105
57935
945129
998931
159179
659573
543985
147731
546886
289270
78367
711142
736933
966129
82149
711705
802754
490201
766941
702192
281533
305513
50317
269648
455655
319142
360270
31531
761052
890951
750402
743627
905072
985116
341515
915900
288168
285469
35693
517626
374171
424870
427292
648455
768719
528634
460705
689411
579351
82583
772574
51722
399894
257524
254806
455132
669015
674884
419577
792116
285425
446484
913484
81593
356977
54377
546535
422207
906837
308288
623917
801303
841070
128231
694723
313694
774306
826606
841153
788933
336721
922982
46371
689468
258571
925056
805705
788134
37319
775703
437768
524855
953099
22889
556793
250642
786196
819627
983320
199264
686276
481413
103178
600075
406332
207580
648570
451381
75458
195712
566669
542209
500611
973191
463884
211084
195059
539753
310613
92193
613291
316505
632545
34726
642642
663367
255867
223759
11828
376624
463586
597883
716625
945981
57278
834982
966907
423823
434287
653616
75294
255741
853583
295512
278566
783091
725868
709182
82575
664264
393696
453035
531798
53802
585703
599490
936425
976756
655155
17099
253711
579347
595675
87811
636777
746874
241814
605968
590664
735432
76730
796055
632042
852170
206397
276708
739614
416867
556269
320741
75540
2289
158453
807129
696279
659106
948768
284410
375031
788708
404963
980359
751640
309067
846547
810812
76756
800193
327261
334486
896605
722735
4643
552170
153485
351430
922291
594584
749779
393574
155243
645829
831662
615535
649240
352380
983287
123392
374666
548310
691494
315400
15750
755969
706517
380138
125679
795385
952523
289236
817087
397994
358236
550112
102140
280391
459024
973847
546856
735786
483856
549189
663962
804696
691658
993296
412987
51810
445149
685569
476179
843349
857066
742749
255900
192190
60485
143594
943801
275331
160688
743335
933094
218678
966713
62076
291111
364712
335104
60862
854597
135074
568610
486383
322454
906593
518741
786190
356184
629842
58258
771443
859417
601024
139758
762593
461434
366460
241874
232049
164885
922211
308441
491524
202
9927
637169
845509
525931
27561
616209
755127
763977
781556
250463
247131
988484
723272
208968
777604
858298
328827
644278
935941
365381
575293
240548
231811
387148
852716
808268
63001
998807
466910
205039
77023
778639
602850
839164
95782
188911
591251
213711
723159
386970
661991
699407
953622
490501
914770
86775
742174
59622
766427
267336
456120
10643
291008
645818
926816
924464
581735
299572
58281
364826
590210
909098
482074
496444
727923
67959
17496
283698
254819
645769
847136
901788
420059
27322
235075
592466
365712
658622
284050
190200
273540
96671
531777
695362
488673
453260
408826
257186
783566
212565
509306
639709
660408
947181
288580
952564
312988
466985
283764
130264
491129
349190
847628
986548
967654
958721
710430
376902
499646
676669
743435
472050
864700
210334
170008
108278
881711
959455
946185
855579
602972
287818
795914
254029
33925
681277
978419
473600
243750
841635
186021
419912
513873
287538
985553
379102
517186
694027
242235
137287
838827
674953
403941
159441
157052
903992
73217
923948
647822
217946
255878
540027
748284
104501
988742
921876
784749
408590
333872
423433
440801
716001
195745
176314
556633
795861
443929
486400
73549
973120
106681
461767
298862
572664
751998
120523
509218
37637
399691
810601
357197
843818
810683
91023
327253
433191
961553
904758
816640
113242
441651
298995
775194
250662
690140
134140
596088
783783
861677
561400
238575
302870
22205
826762
58649
684638
149001
780567
817571
965262
783563
220342
632469
910557
318822
540460
997428
168625
109258
809746
568719
630574
280200
860203
464435
765721
735266
379145
353429
961108
76691
639192
680667
7529
923662
840195
855782
852111
932738
417156
968484
559157
922200
664820
503764
595025
95493
471464
590951
217661
721556
799848
281796
54952
720291
848969
662597
18798
663454
701855
322793
74563
856182
872734
948708
178816
954658
675820
211955
196252
251380
856348
199100
469035
703026
799121
139202
408462
517617
467095
647048
651698
939079
168478
731105
915347
745791
339558
868589
194981
2772
31832
955172
546415
43622
185257
396846
234081
630877
478317
590804
230988
941125
123560
632105
827203
591619
91357
277376
378432
207067
144948
598919
607575
933798
413184
685908
154010
693715
74836
806365
701386
595517
322749
318652
839336
448772
74055
88532
425628
514956
594093
823919
222820
777514
970933
213667
977387
449306
88132
922154
391794
596983
360924
232395
88207
759713
817267
17550
703392
488585
879549
340565
736974
231239
945554
802051
313922
640918
464775
467997
96552
52697
82735
898682
828745
966324
583606
986128
335609
238808
714368
418284
104552
69509
822074
774877
230625
8104
326525
353628
814410
874970
679083
815144
439400
636231
348124
675784
846145
139814
352159
137228
30552
12708
727187
324699
685272
679859
903245
192515
904922
828841
396892
455354
495838
251020
470452
217639
218017
275070
193158
487493
678791
344692
825509
996777
742208
766609
862073
83873
147524
194163
825562
806534
408956
703174
680741
463703
875695
385634
167854
17889
65327
677629
613691
503741
454038
346761
541353
412933
821050
748361
350117
544642
862184
636413
792736
223625
574538
587426
304042
180008
817663
60021
686987
728030
960793
62838
174792
827032
185705
235171
122315
491383
438941
189123
840644
721686
393549
841628
418635
813025
107696
343991
291512
980025
919697
754636
802744
302280
255313
687612
793580
803991
738097
467005
99852
189220
726939
10370
55461
446669
211180
294744
889526
545210
717559
251086
326108
838322
228342
115696
268560
534940
832644
904945
34202
410695
422871
44063
814070
689160
828252
639670
277204
452193
712716
679680
391473
534647
991904
476006
101619
290656
707710
395884
637683
603679
971633
183941
164842
857412
703309
303973
562645
146412
237285
992
600055
361792
160272
653109
69927
733651
88198
751801
745969
18691
599027
298410
981064
933437
996367
410622
24564
369201
494925
623230
969576
436704
299113
81509
488551
214881
932597
235154
233558
575365
707213
974857
326911
840593
988104
846845
465222
683894
679140
204206
339908
589469
771151
360449
692837
403950
52386
634214
617122
626342
603324
65330
681523
825620
77690
677414
302733
896993
894144
83819
954062
936438
461124
128200
672009
696593
270251
979798
152412
708198
905192
749452
907399
407357
953740
459640
985478
588132
158126
734178
409977
715069
972804
5795
123778
351246
27170
936741
937228
871146
794821
821137
839990
644573
893377
658179
748795
478717
323684
208361
884322
654561
176894
380516
624786
161200
922290
247303
868139
828795
887161
196061
300099
703108
755735
478720
766669
909280
315470
521099
38254
92802
711934
41955
152152
556066
722099
765753
883897
68222
782286
486571
626010
705817
797541
712720
974203
719847
230114
817878
593823
81380
183621
60663
39219
611132
939425
848482
73662
811223
327876
462642
888114
460759
445070
45843
891904
751
53471
708393
71112
861995
144052
300765
197194
421463
943108
218387
602144
19567
486452
275547
784703
100252
366637
467327
377326
104188
794565
320097
714019
552067
555735
882262
502122
489038
417659
706131
107301
537962
842185
511617
192018
156263
331267
419741
917308
293660
584248
21109
446250
860832
216736
866444
618476
368819
155059
983220
475287
91610
954157
906846
492834
475617
654849
355300
441514
35900
208089
618472
637497
726018
549615
676724
497892
443086
431070
528114
573902
887259
696872
998399
60271
281856
415720
250660
543317
897130
292369
785180
188734
854778
809371
449303
536561
642206
585414
252222
912272
251884
528365
790194
355514
775361
504174
470898
215667
655737
883463
808922
383031
767103
144422
457274
775641
724142
460972
849072
263235
514706
937984
174195
345096
854253
274606
578235
785113
641528
739921
668723
715401
30062
992870
193495
31364
423259
710502
5972
965078
682973
680942
983989
668725
322592
843802
657861
185398
878518
28717
740457
663843
303381
344150
778021
651602
434923
266538
855553
902199
25026
651333
15788
407807
629085
199373
500803
746810
999070
341177
302558
879627
763737
120833
734064
149939
593240
11040
736383
454957
29653
95936
430632
731642
257977
953756
626021
211555
112702
495936
210225
528226
328737
994021
420901
582068
737336
218112
606244
25099
642974
629927
771988
539583
420835
409648
471622
255615
443432
760216
475886
610238
981527
459492
829688
936752
827271
307196
825513
195042
418747
831148
28467
731992
118017
737590
520362
526614
76642
653743
903199
380296
252435
968453
279793
826653
764828
711167
921310
700238
356195
715256
291775
19538
728637
220784
897141
200756
364083
319900
738087
565266
122249
130891
35216
854714
400982
489944
277416
506063
388434
218849
529558
958959
423179
611374
60639
345944
121566
122474
237856
125244
823617
113843
765499
403790
161088
77219
945325
935049
562706
924674
235039
338620
978969
570500
597360
514600
573927
212492
623038
846814
192607
630569
371582
877084
489025
82780
383269
800067
857912
302574
386861
792211
524687
343473
9399
976536
253927
744378
276877
348295
655322
574532
655320
134480
306577
94817
289876
576856
587499
504832
704577
781052
146077
962715
516643
436995
720677
173832
115411
143704
64785
862892
431721
498673
691016
806365
834126
96132
167027
885165
486296
79317
924382
299646
718689
281238
408722
881291
716960
120239
189905
827576
72116
442482
834571
668118
584107
167899
335085
98513
837386
629148
329027
169276
788480
292753
695141
517688
712394
770707
62732
292514
238326
434715
425997
203932
628771
272384
992799
48451
818007
961213
539607
17211
790254
607359
631545
291929
536441
604661
769666
349779
740456
866093
998645
164123
344615
136251
721678
614740
527501
531295
717337
867282
623215
975036
812056
990989
373753
268431
289296
634013
669986
42568
259483
353949
219728
469056
303958
556466
640844
235165
660768
316133
16478
897692
30619
271877
977016
298416
671012
87903
634838
183484
586359
418392
605242
469631
631791
761336
680650
300123
344461
733689
455865
498407
597090
325469
893101
909282
393564
304952
490378
58676
474310
23438
217892
870180
987540
229837
884841
151971
848152
627628
289697
81441
922276
914388
867615
598278
516934
770834
719761
588057
720120
537310
144643
245091
995628
988392
951466
260030
883262
87719
425931
505052
840421
653885
361343
407579
232982
425375
28948
287652
34042
158310
173601
503859
113330
863734
189044
163837
953638
42302
726716
946015
111670
242372
785903
90708
641749
256388
155284
130768
436606
329352
377075
136700
573601
488946
453630
567267
53336
675611
722235
224204
258143
562264
654378
5966
462308
60534
559258
389732
314673
990684
568680
626836
812909
808377
36852
924011
620980
6207
232789
706060
994793
268390
833295
530826
806588
697399
727516
225641
320404
320208
937314
556822
379889
84974
658425
355577
623714
99265
607814
453636
735273
547188
993641
568536
711583
227311
256695
277234
424445
896634
96231
732093
339362
699300
899934
511415
497128
995385
931337
185455
474444
889166
577825
406817
392844
540427
197051
291986
465638
615550
90425
228843
299382
620753
398513
995695
81992
406036
635584
606931
376432
542709
703680
415459
748551
810427
724546
379061
840946
785229
734026
197675
711185
981024
148519
743466
592135
421999
454091
980606
418633
173826
565869
971923
690889
948080
136346
230466
725844
708199
627371
515214
145062
867925
852177
934629
753470
43568
837346
426232
12988
181465
430372
312440
259765
194625
711096
303334
627819
723176
205435
195410
573879
239087
349378
187051
247866
697575
751131
143883
246708
338448
915760
989373
978239
782320
947700
553053
30819
667420
627719
825983
694899
830298
209414
741412
127808
283340
482611
830164
128996
59048
132248
982766
23659
709435
883432
337900
525699
616182
435631
752554
907365
50153
116425
332173
206004
735343
376533
344916
93907
325115
57637
265483
440886
131316
649079
96923
430754
865506
80438
890525
449755
395155
305723
372071
833234
181938
758977
131986
12843
856459
689007
62810
186766
134731
37195
357430
477998
266840
638491
159677
894400
327997
28092
1181
68575
172187
703671
471932
208044
455376
935511
553719
510051
277510
376546
275253
936570
934024
889275
605399
764166
253716
245961
187044
396370
513600
99064
856228
811533
561349
656758
662544
612821
129606
818979
165749
189890
555202
831858
294591
794237
481772
489018
936090
82037
771283
671490
763728
195126
574759
559414
669446
271715
650143
625734
390942
581889
487841
677812
314012
552622
183118
382860
635059
903884
814793
991045
103551
824245
996544
208140
884051
506523
676628
999647
517303
61834
704705
893337
229731
8816
453611
769305
729768
926802
621328
659743
532309
254491
126802
970453
298534
823512
794679
635375
284779
758101
684494
857252
754971
63381
921956
959752
172221
48950
174798
235195
979455
267248
460092
559276
41458
661848
310108
410656
535000
142729
476771
752187
657351
471386
974799
948711
570226
146844
478958
775606
390563
558752
680765
695210
785684
700066
989792
178587
260529
141320
623268
537802
12594
924672
499947
116294
261549
392172
890736
647502
630205
514079
513182
567886
9444
743541
641547
297258
100812
352304
440271
616823
31811
924820
966725
315053
322240
966742
642657
483047
394831
386693
992201
848704
552310
452977
906909
760842
763762
732069
92299
286001
579474
786413
594231
635098
719380
986381
956844
508904
318363
289613
486214
149839
867207
67545
572334
323629
370638
37834
985199
179060
876515
107160
458171
846482
935612
685797
757835
247561
334162
947656
147621
162829
996590
98918
877869
733721
127152
836133
139608
810627
888428
946405
387953
756811
798440
544784
16474
149658
82259
535880
261452
777698
149711
353263
672012
865322
404409
916990
147775
960153
71578
893779
993382
716470
471592
454888
860551
643021
840262
896935
311433
271671
542709
187217
213903
752104
614786
783281
37636
750341
57592
441341
710568
833248
689950
487319
524092
261190
500960
250289
498832
40247
790094
810360
317473
324945
770037
247568
471482
560270
447186
582439
648197
616994
434565
369375
705353
294257
65259
677129
197324
676333
505635
780808
269177
970501
441263
202252
164279
393701
59933
51268
425744
932727
354632
550336
309035
325917
223679
990467
725070
103212
766709
255092
659611
715362
680447
748766
268102
202279
372311
242580
814468
200313
343695
516600
770100
616413
530811
15378
968655
686660
888457
880794
649412
841195
768539
799674
313343
445109
781334
205918
653716
472905
92599
253079
727876
677891
437455
631266
660516
1812
856005
584116
950374
38416
414013
587515
648671
603966
414495
237909
233457
895026
421505
336236
736200
589666
485618
622785
467267
275931
352238
233970
805679
999610
648620
104408
789107
908013
937298
186578
781191
46737
372534
553297
280059
977277
352047
323422
863683
800284
294930
110322
186325
876715
316350
249827
356182
389780
632074
646361
40163
220593
862511
124698
572157
937400
986460
155417
314123
939355
646263
722427
213357
913497
991339
801821
702224
613763
394915
833430
22607
996678
67693
978234
862617
968227
103518
506818
604930
209872
135078
491320
398562
646320
209288
345389
407638
868744
302153
106535
945786
360613
391129
58299
238402
463408
77729
331383
612003
560131
647193
560860
613233
372604
206635
398339
790435
481790
129871
71778
656330
479166
16951
533300
759981
71576
488868
835159
163564
933310
632825
11383
139524
738072
861117
468256
188855
124359
654018
495004
812739
733740
103874
59933
23800
58690
722226
332946
794778
447040
383954
878155
184720
210626
577727
616972
685671
52427
76888
721764
502156
835878
709864
937608
891238
241760
753014
663535
195470
783482
521842
662765
48778
722098
190065
181625
446225
880891
812381
729607
558354
447508
889005
750521
22637
659213
269901
885505
596914
901759
738398
857225
419795
449932
39942
832451
227711
578269
698227
454995
330658
82097
230669
251823
345623
899521
100643
917464
310584
641185
750241
999739
468774
193702
316921
263281
966557
668221
289776
246110
315569
912388
141680
529295
273495
908048
353657
458061
86713
698212
65513
349352
990219
411985
176254
299970
317289
586150
936268
701387
797278
700200
221210
168110
690798
361697
887436
602882
847414
291849
667295
83592
852427
394166
259188
228239
9549
652315
492651
503116
269909
270255
867949
674156
115261
980278
800052
385482
518943
499473
159602
37923
632775
246566
52597
259703
296914
744067
447584
424631
266736
742451
268400
403086
843594
91928
391807
588273
518832
72336
327990
367006
714813
87056
997456
268032
321875
319309
71502
745660
288491
21534
347319
771946
961990
657147
906482
163455
352732
618201
444146
636378
751243
458423
202734
173139
870485
789269
772044
687482
257384
96554
608027
550335
75810
562505
424515
826294
920586
99636
868074
247260
310243
911166
595746
585162
57947
729373
947785
239625
840946
79348
164842
403202
758812
616063
695517
980068
204884
401237
967584
317382
526678
796273
792606
156680
348535
822342
956013
266133
981145
197140
990906
618212
44130
643796
959497
591655
752838
706525
811336
736821
384015
900299
676912
329377
555981
81092
243995
56067
744821
902653
110697
609595
865973
522046
51180
737239
171826
152961
803820
682164
403056
262604
585951
288527
32605
1742
588356
840895
196341
722799
952444
146624
26740
438583
930647
841703
986483
639322
702178
380723
700473
377322
31224
251718
47447
905467
244925
608118
513026
908916
661107
906399
676773
326009
634729
575993
554786
993855
572117
811679
293044
99175
854548
945291
196655
208532
468735
263697
622306
351729
813364
767604
579632
187206
530120
176137
671593
205417
739373
266726
12121
829606
920200
750209
929447
745757
164455
381397
763537
395773
568755
933478
62360
514405
856743
922285
783590
849719
129127
863327
943439
590968
621705
654035
298940
232690
814813
383951
66519
335571
917233
899327
62604
819018
838080
616532
836652
768240
84422
274042
59529
941436
230448
355192
636784
845105
872787
262374
347964
995662
777645
535726
770734
431452
632655
w