904617
327350
861889
930930
993702
246232
865814
171932
175494
397816
635232
368705
985735
971150
664607
649394
253260
237203
648840
281336
931418
609849
41651
645672
810623
288480
656104
824928
73323
191354
744506
446726
175050
788948
712274
214959
916358
189437
208595
236488
90491
732199
768381
188766
950351
866863
512323
402718
599867
423651
996801
575352
16826
742391
939008
532018
728595
327040
238180
16189
580323
456314
32832
340338
294795
587625
860354
367039
215282
773705
80787
924291
534964
230869
241234
647636
769486
939359
373521
831239
692224
391080
78273
373113
287130
419894
786422
830856
661301
647200
869986
637809
836551
276921
331392
588269
332622
641271
158920
74483
w