3115
2924
735
187
3990
3860
1294
3329
1094
2584
1489
2969
391
3941
1230
3059
2664
638
779
1685
2439
456
3405
1127
3960
146
3375
2960
144
592
3672
979
1982
3231
804
3224
3631
2637
1972
3401
3521
3456
1226
3355
707
2131
2939
3518
3151
1664
3280
3860
3355
3901
2908
3798
1427
1761
2418
1248
1289
1038
3178
1581
740
919
3740
2743
1816
2245
861
2220
3351
3322
80
3759
1471
1850
2673
3298
1806
3489
2217
3270
1036
2828
3745
2788
1635
1907
974
2822
2299
2546
1912
2767
2842
1269
2233
3789
3166
3979
578
2537
1991
3212
199
1836
1761
1258
171
1729
3379
716
1828
3090
1821
291
1633
2912
175
1558
2833
312
3130
1792
2849
1712
3915
725
3506
3206
2666
1880
2875
3080
1063
1781
2534
3525
1326
2104
553
1135
2078
3357
3622
1575
375
2672
736
2865
3285
2513
294
205
2468
2659
2507
3706
2523
2250
2497
820
2991
3282
727
561
2222
3762
1414
2111
1306
3685
2325
2393
847
1245
2258
1082
3728
3200
2648
1666
3954
62
1123
984
2984
317
1029
967
2334
1982
2196
2061
634
2296
690
766
3214
702
297
1786
3983
3434
15
3164
1180
54
3477
314
1660
780
1931
3550
3383
3824
3509
3133
3417
2289
2632
956
575
737
2492
1065
3792
754
1818
3716
2806
945
3301
9
703
3383
1669
3239
52
3645
2703
937
1722
3955
93
2205
1791
94
331
2962
2432
1058
1488
2533
187
3724
3504
1835
601
2149
1675
2151
2815
3371
2400
3789
998
339
585
3743
641
255
190
275
1494
1338
2341
2040
945
3889
1643
1711
2003
1795
1956
1994
3562
1700
484
2906
1289
1669
3696
2463
3546
1718
3262
795
41
931
3173
591
1738
1772
1201
2252
877
2620
3090
872
14
1694
3266
3919
121
3869
220
201
1519
430
2765
2571
3422
3155
2394
1962
1304
1106
571
3695
2320
435
2570
2106
2206
2915
1984
107
3688
1901
3036
3581
3798
1713
3327
437
2858
766
2328
3291
1895
2684
3788
382
1407
359
196
2335
2540
2003
3703
1359
1347
2103
1054
98
1542
1101
3596
3263
2006
1656
330
488
3992
365
1688
744
1022
3663
1437
3245
3255
1520
2167
3364
688
932
3560
2692
3135
3973
3233
3147
2360
2049
145
834
w
