765251
182329
653634
626179
739677
167900
657240
993049
637987
519310
129627
864526
533092
335141
317726
937279
365582
835735
872215
856595
660133
250330
188700
593176
199171
442108
708329
128435
380142
471056
716085
4555
697156
808986
528461
2301
124206
820306
375567
752650
359802
647670
160930
543544
749011
183949
893117
873751
130748
158344
932031
23505
711237
741874
953467
421157
180245
2112
91617
534410
399104
214520
694567
890281
159510
259320
768969
512152
679909
473864
235068
70219
667952
984402
50544
693641
42033
501228
574836
255641
478748
413025
432960
342883
416848
756250
591289
776852
191142
152824
583556
34083
40546
583552
240810
606283
211813
711261
424962
630142
310794
5059
480924
507192
59205
975804
332684
599685
515176
627624
582037
812337
441589
323111
77066
809397
744828
907800
667632
469246
579206
653301
493398
44975
245557
541908
878234
602528
394868
820068
491081
532183
255138
740348
333723
881322
696018
558491
981890
696477
171822
782683
372501
883242
97149
820113
163929
406290
580144
233117
699677
532764
12322
159364
924317
810497
172213
15384
111636
873360
949368
199073
451532
112245
297774
206547
697745
508588
41434
823340
515019
919269
16682
767070
179365
645478
91320
721997
769740
829554
738211
839720
662125
338191
737197
304237
438980
490505
144388
872089
475033
415696
364838
425646
6303
952134
795746
610902
413127
740598
885016
557632
600679
717344
575301
133314
875443
341867
630362
971330
112616
742413
663939
584
868394
710823
174348
569141
480785
777530
341315
465180
913319
607029
724732
375346
942613
411687
555238
24842
714222
427882
314084
468725
233379
881086
415110
532515
798036
610770
898571
999391
413552
19215
122653
243998
312303
528991
874798
721769
39392
767872
748788
848820
499545
509031
962600
644693
704512
771040
468674
978366
68050
455038
925900
402662
412632
692529
342282
202335
834699
641147
564771
753569
261978
711225
88229
527554
537386
146676
512952
233594
626073
829532
451539
645982
163276
136704
840372
828421
315706
695241
186126
526563
227604
387886
979137
554667
579658
472529
765600
770739
180633
698883
989021
396432
984541
650426
723429
524678
98851
836801
107583
314241
824505
802356
732623
611720
624583
521555
34178
273433
177948
777731
532986
919527
61643
76394
546126
767961
143841
648411
688064
617308
314296
114608
124168
246015
527866
563592
49878
904043
505114
957350
675077
926782
804142
414915
915975
534940
868721
541907
530210
862968
48011
221856
916000
604178
817749
332894
460993
889866
418789
823614
340157
972725
337348
604704
505325
771920
425714
430827
35184
409663
252827
260319
294768
292597
674861
913301
889720
285903
53897
123673
89005
181087
622578
787353
425409
562018
945997
932389
278917
55288
749654
169122
109675
38500
152759
559453
707451
776372
180046
639010
855034
247638
177077
993097
337688
174918
724669
135648
143626
127401
296706
300183
957631
790977
397865
182740
193124
680582
765675
647248
219255
421213
617372
801088
782028
877098
706197
551143
533716
634583
804648
223187
715780
501328
201193
103357
324603
638920
558895
252670
471171
926545
878030
222567
418329
217724
128837
56676
511472
80613
870009
727587
112392
826674
902740
359544
757858
954891
449924
947018
533613
624173
4034
878022
985230
654183
20930
571728
37672
869151
22783
623838
102122
400206
900107
961981
154014
718380
515042
814783
820363
289329
3107
366027
17171
794198
839028
111244
5211
136988
642912
58478
666200
661210
181222
250123
65860
168355
484257
579948
473121
248691
254686
418539
195992
963940
465371
111745
374847
923396
345434
132245
51559
606493
997093
386299
678414
133565
443978
380890
558238
325487
194711
540997
474118
399993
446924
292801
377037
976138
736700
346450
401277
337793
959200
843083
249290
39406
899952
887235
901505
394980
252015
375294
818960
933916
247114
969989
630307
717761
22361
923084
241318
763647
582790
705254
83165
196453
531429
844336
559064
331860
472507
782792
866818
85216
241905
655657
211064
183902
199394
294744
646708
397395
807864
300322
39757
225933
910453
261514
795162
371523
351469
401389
594107
653694
565623
369392
166868
116778
468978
66261
570210
840852
277346
816062
952331
192948
318192
342678
502413
382377
219287
533273
150054
828316
291096
71162
655004
539217
263966
206610
973759
9409
31586
439090
185975
613187
352646
603127
683896
70428
343179
607986
363149
79753
962971
896854
783368
682236
982719
637191
343858
267054
902031
582294
992798
645337
611136
839542
459276
901900
246543
236810
139529
759079
582977
43962
938047
409223
151674
199679
19261
819867
913679
129832
104639
344041
110287
464838
282159
436618
712310
72684
995609
739008
973293
403005
771075
540318
95684
595688
146616
895128
756471
532988
920706
808707
351972
885952
444473
652933
120523
96221
871882
780567
177996
135086
479681
66172
123084
935751
637810
889019
703663
10142
412205
93271
475412
706634
358535
643434
871782
563480
589612
477180
805904
678444
947000
105225
994843
429723
736909
208623
771610
999908
588801
848029
673483
187957
103123
890226
929089
904938
657773
65038
193768
939426
902059
571774
190300
827058
476941
440872
691074
154673
582481
69846
184086
656648
135508
26153
61548
615782
391574
945041
302645
166867
69631
200742
239937
936694
30586
109843
891879
336765
616238
607252
267422
501460
353571
558335
750752
804074
995869
995596
700245
730397
79553
351535
186117
425874
852724
236046
950092
537264
476602
320279
1602
962484
467376
532015
831506
937214
357394
75400
22457
925833
496059
5775
436949
506134
710608
592361
793124
891059
700476
104118
642654
403283
152702
541091
482403
679014
909766
762432
325598
698330
920277
315623
895209
29393
83735
580367
805451
679884
645345
23533
784599
880519
647008
992482
42316
603632
153804
782132
906870
263383
500026
351497
660867
469322
60323
276697
378554
777334
348637
30600
965508
17348
609173
711745
139277
40326
265629
419005
667254
429615
132187
734746
665824
548914
446048
73289
91664
880768
160242
573888
757238
575861
154128
400297
73175
747664
119363
406698
847643
937276
393436
276106
138022
233189
290306
532812
237793
541906
324901
914955
493244
914385
164796
275193
281955
880656
166469
48985
205554
608337
106922
691714
928784
867995
70134
658793
301321
147025
960093
383038
993276
478048
532209
948922
801913
977331
516160
6464
289454
120206
720040
455536
923469
884630
52521
154429
449922
170104
8300
435232
348908
735285
826673
631444
561286
686588
504971
455032
472156
103427
48833
605276
472225
326315
813404
786740
676925
650465
987369
93265
346164
552968
734598
413681
759114
349699
766890
456068
423178
67595
44651
33289
810402
343065
754014
754158
506306
219986
578793
641826
827058
790234
652874
273953
625511
253763
447827
528905
755404
713669
32253
975233
481054
232728
535230
636266
468104
308995
778520
756181
485726
645940
326845
371468
378305
123090
497676
986084
271163
160768
441961
909210
267497
752546
918040
787245
993372
766337
w