352045
232472
228954
124187
240660
316904
714326
498087
541867
211443
398556
465663
700775
138902
772353
697547
206465
619284
635606
879098
588704
549834
222970
325132
559255
233697
654488
440597
480705
450589
70920
739564
600936
786071
519367
916108
508663
318533
107119
589490
671692
941379
316344
494664
700426
417825
307865
911553
75111
410226
96825
999039
704264
280753
270215
411583
702570
246699
699661
662557
393775
581981
108707
980610
23661
512336
260207
402941
930725
749093
108700
16725
793723
123883
203720
559016
902820
526156
875051
386897
241391
153893
633358
217314
109729
984328
874562
779340
290234
378896
971436
295189
416143
986818
241537
296221
953171
913638
487315
586887
583107
493290
787184
451728
872486
603982
88061
527947
134074
596192
171307
293079
534457
903113
742358
755172
386910
358647
399673
555557
108860
995073
97600
584868
985643
536088
307272
599883
64033
315451
715190
982563
819010
949014
429071
298220
613971
12198
274640
462067
450860
556863
691618
352791
260591
599558
151456
49672
422684
380502
743105
300967
578135
465576
13761
616695
719128
342449
216778
703230
718104
412466
669859
66653
981082
530371
653172
926713
669339
151293
616183
951729
698607
325994
703151
533430
196934
230481
554849
63658
678571
54246
303664
955855
690071
874786
635873
186373
606635
722555
677268
453700
395851
309110
940460
38949
264721
7862
967996
745516
926682
972503
418489
647758
628053
355100
971956
483482
48517
561804
561340
233330
665745
624265
209701
338398
857261
72081
341998
326208
373382
141563
561874
774742
262291
595043
160824
832528
870053
107268
878791
838394
845660
286214
381946
128286
970639
807346
365645
943822
381261
578418
96997
342506
771872
351004
724303
606940
71118
719297
96277
310983
987253
602908
100087
996310
831473
997577
98199
687333
166427
482303
371555
708116
140965
903077
706424
861820
534819
731062
78019
912105
667603
476771
932052
572196
769073
78321
262233
530338
610861
485860
836897
30948
266113
844111
815281
29274
971835
756488
353503
749106
194715
604071
932227
643961
777160
247104
442747
834463
392064
767440
541822
44867
196884
554285
296701
900669
113197
700684
18911
156989
700733
867630
647299
911723
81062
799090
253300
115270
529160
423085
25526
712902
641540
471177
143138
114400
631408
48731
748951
404217
765200
88775
396798
757824
522254
804073
895003
599853
571632
35469
215370
175977
312624
436318
722333
422445
814588
829828
998561
14425
909251
82821
249006
102528
562874
207097
168532
926228
944121
521084
765581
637306
701241
957578
526797
788165
552494
620517
237522
327422
75465
452438
573354
932996
982376
614010
688224
787959
912019
375211
278086
103046
312109
404265
994124
126262
307575
807894
156681
554152
340601
85376
629418
593669
170775
644292
69591
494203
123817
919382
588873
63368
901845
289684
125577
563857
266319
101997
511592
84883
140490
198
745884
589982
900105
889764
539710
713691
443749
576741
56521
50239
553636
486741
269069
45945
780775
814413
218364
482814
596152
797071
870239
432582
134469
688815
138633
233035
421030
223551
966948
533943
832665
550766
497949
76938
924671
733782
428300
866353
554353
825646
354255
513986
427743
88187
932240
155520
376143
716319
923429
475341
649394
796193
972967
511132
846760
616689
268633
376531
521710
707117
344185
217279
125726
835268
269011
142530
885793
924328
479271
297030
890841
622409
380938
651249
486907
148691
690327
11638
186488
826209
675346
51801
245492
285058
841848
666767
666136
496325
509500
615824
206315
941236
468568
344249
903523
321938
660440
610808
525765
736122
452205
896792
340326
33445
391744
759552
378504
72689
370345
59466
795585
711335
820784
142137
942048
673689
725579
884177
722151
263727
380724
43471
493135
809899
914562
737850
88615
717244
443372
331724
265186
551833
941163
325988
471713
455445
856289
152919
34288
243796
492861
348246
978889
453647
450467
570989
723867
507630
525925
258906
713342
407624
339168
358467
836757
656379
602191
621409
768244
28817
39532
277387
630510
517651
87544
670062
443226
717622
499893
288698
350864
969532
219967
605964
373720
469958
823115
904807
227533
942009
724953
48964
223657
46209
213684
715773
589064
544345
565054
807249
233822
116103
395513
194912
208010
336466
805781
64343
705557
594864
636544
969788
437556
964035
339088
280270
845583
400871
216623
57903
811410
852653
930568
293725
49222
743934
385777
345192
377499
312717
491817
593734
613452
627440
652067
826765
657
211008
96569
764586
996136
759479
301869
233328
219170
15908
711378
557825
314457
987878
725881
92726
47176
7252
948765
47734
841092
392200
439290
324414
340076
433299
690295
416707
907221
697055
370126
98434
991733
181512
523932
410793
492725
354038
432330
678311
768924
727011
1392
777933
37435
318874
180312
564206
882409
156232
681852
421682
261275
127040
172
8963
747396
556025
140372
86000
534271
879713
769972
53349
437444
934697
533924
49829
886457
876430
538194
909246
780667
118363
201038
243355
14747
178760
956781
209967
195263
670437
269334
148675
341074
970810
340891
84430
863471
12440
437075
632550
642365
546578
840782
63147
834691
396795
715150
527076
765484
931713
642111
639523
635174
894179
623453
97199
650232
637155
343977
553764
809861
855692
153451
184573
222715
625768
96972
999466
863893
259044
362086
150084
609581
441955
244
171119
224218
652904
623091
196239
965964
401834
239402
510847
881768
299
751931
504898
881213
117422
512162
527501
234705
577029
873304
121701
803928
335861
413422
83115
282024
982897
103612
784941
815337
116968
537874
457294
9083
876596
171525
737867
52281
952315
259919
497403
563370
65790
422185
719423
661850
677094
70055
12914
901994
211073
646456
451302
708317
436253
410118
492214
682865
322948
217554
963201
20633
602694
54757
652700
741419
470077
568562
644204
583182
26204
956937
697106
404739
6253
785441
66267
232529
136985
600622
441423
679924
783001
729746
7832
666704
322258
791225
390057
968161
545009
79517
659722
692067
524528
268201
433509
896836
351946
103377
594405
127892
180756
289514
796405
887417
752518
531392
655410
819965
809028
394420
484279
152412
757059
637601
301400
653586
836125
200665
216679
486426
238331
594749
998370
787138
631853
306759
404022
279826
960569
301111
916478
998592
969595
494267
539056
794561
696444
825195
802639
834673
519484
563631
259029
965266
1269
237827
593961
606717
792126
962000
655708
593262
820444
10157
84830
203237
662755
272523
422071
449467
937660
183604
794951
492185
87880
138806
106677
861286
781220
267592
93410
354442
656107
129282
336130
434642
220398
851305
880020
899276
332592
765540
660919
32336
677036
115735
524749
179479
84934
443829
972413
675978
670259
62280
608545
648749
804204
85876
572048
310419
678017
468846
946025
339524
17172
471819
304761
562882
328183
28324
509995
494129
674461
776848
15908
689735
514525
426278
273474
175678
214270
534256
61178
99983
164359
626961
16095
396942
537099
426990
1823
21913
225880
622412
569335
529085
747807
230873
897314
781896
171673
151045
165578
676993
207308
136545
942065
209185
405138
503214
484230
174406
994132
451593
792461
878215
252671
964143
723548
110072
95136
732277
798907
570773
410136
407543
528280
13727
115157
918379
927117
669348
590262
165570
499033
884977
266202
794261
656518
115972
497049
5035
524476
26106
163969
378540
402737
11741
557974
48555
362162
373053
483367
693365
76957
311652
82771
815094
455438
611899
859289
215870
167566
872153
980640
992909
315782
539323
114192
260139
797412
270316
589139
949061
557543
666112
540248
999046
117347
718059
20474
717940
612735
570301
279373
689383
968336
245309
333682
745334
73820
692477
383469
870707
388253
845761
243512
379989
891124
712371
723104
962557
347767
744638
294206
28612
112089
235191
913887
308625
503621
883595
817771
904867
871333
83980
533812
589673
753807
180192
933943
954402
630254
765018
314898
652542
188179
169869
636970
311044
748779
470156
577326
759366
512028
326771
528743
90139
685703
910809
909072
113647
297088
610711
644167
398317
446897
903860
750691
332250
376030
748686
724998
580042
585813
652270
493886
188658
448394
180341
925519
73335
85960
751742
581342
103124
720309
557429
736686
789576
389919
538107
481978
133101
907077
139834
530931
232630
767185
378092
967991
232464
517930
291018
736640
166054
581030
174468
190380
447180
551405
983255
664502
549471
691915
762132
405765
131381
703211
625342
78221
427619
252218
828965
828383
334146
896318
933204
137614
245278
228952
390802
427199
77603
331807
328097
594398
220428
849600
565824
160494
810835
715392
832139
934454
964164
794835
611762
159079
302677
285083
628021
101808
878678
257139
92428
642163
201116
917086
445827
249202
659665
810733
973972
808513
315722
934638
859832
234748
163084
966272
777610
582447
750314
636004
582128
741186
425207
886700
877974
302108
698198
789208
974887
355824
491735
686653
256610
64981
188729
94932
213839
269925
183347
45883
152347
304440
384221
73112
204338
968430
857450
363012
360889
571059
340069
609732
765683
578253
560945
381798
741030
933550
59591
742029
408733
331441
657615
17435
743412
450318
509878
960794
294479
678328
552904
394994
681899
294598
812579
881653
58263
627419
446982
859522
717279
793458
452552
6853
395990
382038
594508
216634
554471
425009
12837
605263
807626
724262
939366
477162
610887
32555
455229
369076
90820
585473
753985
88539
668258
898986
786790
461546
180991
963457
211286
429067
610168
146422
895377
554899
253181
526726
721598
180060
549626
310934
557264
345786
94019
53795
902550
398223
45717
716482
741331
638192
352694
841173
615759
977787
228090
911626
273117
485717
131147
526065
642427
197963
701191
574656
740438
604644
7773
82594
665091
592975
988861
811040
937882
921065
124965
439290
410640
495998
824647
979483
153610
585882
748661
637169
401826
97103
863120
688681
959879
86347
638321
245618
492878
230577
392070
268229
17046
718353
19484
151531
294946
258273
749024
404758
862450
771418
240740
180196
888953
905452
436661
586021
653061
769123
102435
509200
35888
404813
972464
776803
797693
685606
923729
157033
754024
924063
259274
280400
841521
275662
442722
912768
480578
407223
155216
963161
868904
527440
715123
275063
334131
703187
168892
458291
136055
173148
945546
949573
188268
727780
990517
674084
256854
560112
289553
789073
438307
61878
375476
475421
712080
144587
372259
332040
569684
260441
563006
878985
985712
435994
24977
11674
960399
53441
37739
37473
426581
994431
112742
529294
375258
80237
151647
911007
417264
446278
204297
424186
86459
493162
730585
13160
194392
591069
867169
506844
540371
724002
231931
685876
671726
502804
585730
453235
885837
269009
17841
647112
272996
776065
498024
21162
671567
326082
614733
457610
347148
61689
26913
574582
694554
674079
590866
411524
719490
323795
989010
146608
184462
453000
343847
419451
793852
263250
153562
771291
165387
432774
802375
591533
294422
517724
308908
950553
384827
643329
838598
705152
479254
618944
949949
267853
162709
746703
789591
240661
940933
124102
15397
953611
973004
720424
980438
752401
691246
802488
504271
115380
298808
116555
710875
993329
244262
245018
712423
818491
143890
411276
978188
760860
316557
783773
83323
783528
533705
323334
501755
369152
877292
438260
672962
744002
997578
237322
652433
218337
558879
858739
395741
180202
809412
800684
663210
390519
878891
119955
385581
666310
149947
109863
493733
123640
637178
910986
347147
661271
502815
758477
448721
750079
323363
807712
919109
35255
241810
224132
280616
738147
313801
514166
268307
363389
836978
231098
599503
406383
217843
239531
916233
875025
10791
681699
858259
179990
262400
630144
265470
581391
100665
236259
287965
239529
784229
75032
132963
416294
789446
461434
723532
296231
183177
534932
383145
650045
776155
288664
585247
587801
364139
786259
714413
369764
111845
866312
825264
835520
408599
273526
997928
66935
796175
384462
194856
928583
799445
98490
358684
969859
911500
85510
825440
487039
714302
10565
375633
394017
105664
944134
414669
910681
805401
790793
260047
997179
640463
612312
282752
865942
320965
232337
107895
78302
854323
736307
201635
521356
381634
771601
566734
444554
742610
282653
642433
786982
123008
451370
443202
302601
710540
227724
131789
162337
763840
307501
154386
108554
255915
620150
252499
360462
351458
878505
791992
700786
713674
990296
591538
7565
625654
735652
862856
954814
585890
38720
802567
64461
638481
258684
964312
731056
557915
525857
615073
914947
900511
242231
324154
863387
385960
747943
717383
717225
186430
679543
934314
104434
22926
436640
301317
553314
875466
676476
279246
933633
374236
404152
362916
920079
430937
262739
322280
906059
383660
343673
978398
353918
410644
614477
9418
896803
788035
424906
630110
558735
519784
992770
659962
850871
851940
34608
468906
985454
801049
401047
514467
581750
758116
473583
884703
453037
464989
157465
610721
246467
174216
429291
109400
597215
768719
126936
680717
364299
310976
524306
96018
284289
440826
253921
431334
46148
219151
742942
151089
670351
508160
856578
487896
499544
57314
779775
900051
393890
606905
409573
988280
786664
373414
223411
677560
526871
469819
400801
160913
466238
311506
129687
999336
8729
310
333624
777355
681083
638155
828756
949672
8831
45875
197700
802277
280975
18077
445356
464439
619024
519392
486444
554236
881010
778126
708368
878873
69214
140271
297227
990936
73329
163479
184083
594092
528554
620525
269167
47634
606744
676132
975464
518462
366302
113415
190518
91989
585745
640570
298579
920922
588018
540864
838302
998166
729666
134818
573790
474133
286645
954637
615216
252534
916987
407653
565215
759636
474145
926355
312523
734162
570425
287958
460417
610003
644354
494073
215798
165019
425655
469482
887262
642052
782633
143306
850481
822376
711271
888744
575527
830733
30234
717511
227134
14141
270840
434355
594245
891618
158934
517036
694962
972534
260053
454847
461795
825693
541529
79629
540837
39525
985411
712152
679653
921408
856700
728313
612468
335333
56918
73927
670189
81114
221108
190631
516573
698236
581037
494110
679560
824813
24177
249963
775558
387491
352658
490544
258965
701002
970113
621409
614660
982138
719129
886279
13554
222029
319825
868023
913152
743574
128321
726466
868222
110074
160111
612420
612163
79380
170670
670914
412889
228727
661643
456314
80923
385381
710184
792241
742509
632560
363743
717556
516461
942592
313525
909629
731148
66981
159205
206345
426534
688025
524826
88279
738061
241549
307323
715533
381107
14259
180551
515707
462366
773641
419101
15921
417826
517171
783601
541742
337124
758802
645119
909750
547649
858910
392978
110755
915527
188966
503595
496039
477188
264090
561593
848598
539776
7926
317133
555298
199123
898300
878206
56873
553244
379610
55008
89242
886349
42128
594126
568910
534490
914063
261449
347480
944315
597827
310699
793251
916571
396098
686474
825759
142025
972172
368060
994134
699282
234393
846300
216406
348165
549956
908938
708333
997637
465641
769392
508298
217905
351021
525009
706591
804751
894942
604572
889176
793753
858433
364114
209711
156967
930310
526432
976793
711187
947194
849891
828234
637581
394216
138938
418361
632391
4490
927090
947741
737618
882159
570092
395540
881342
717873
584938
865916
104765
937529
582730
927691
941282
765266
20293
737421
840495
314006
9989
177696
264727
305816
406632
438611
592585
629244
477776
857407
341842
998433
72864
183457
948631
827155
96137
104284
49977
331198
470980
319274
632668
964387
539466
617140
1227
989806
187737
274435
296692
496051
277241
917661
696221
278437
175858
870270
530255
281706
314268
761294
112349
375536
418297
489248
662244
764746
473241
30469
24699
900376
339838
68923
930857
154439
556494
165046
712055
850682
267930
577481
972959
669187
438425
643457
61427
137700
571894
716770
61646
840943
482574
827535
697393
901449
332262
651057
382746
480639
193367
299099
602176
240122
271930
699641
908605
52548
284291
283067
975878
922309
958017
680124
143287
277415
982413
998582
95305
782266
676306
953358
630935
407610
189369
162982
498444
659954
693745
130944
969387
6041
64611
564863
920608
425215
822803
35086
107660
840492
657054
621618
576611
397381
888833
703119
530309
247003
789384
904914
700726
529278
877788
437595
469128
330242
742134
79422
9023
604871
667301
8023
512291
397554
938043
904715
148261
918867
283654
643323
311104
241894
56278
775080
937831
660076
616773
22176
930977
680712
8668
156138
361155
694414
168011
815810
972423
491737
64423
101690
876978
682709
774413
47654
995846
695438
10420
91869
925935
794499
263010
671889
94554
367956
570412
62560
611698
487522
713058
566870
692291
220994
753004
487780
260613
500878
105240
463195
167721
979187
224861
482821
424979
538813
86480
365251
675271
135518
656763
167018
385664
571711
146793
394495
756014
750210
955950
896030
717139
587243
684834
830558
891161
267711
938593
161971
207118
477172
320066
783388
173666
68162
593935
174579
840107
620961
460115
409089
844108
765399
755070
697768
138005
858610
345159
82520
377613
90309
763276
648303
584586
283021
404453
797371
895499
477951
845045
93139
86987
581246
360119
304327
699246
326300
674827
837910
989704
893991
311763
139352
502382
486877
54147
409876
674495
86871
492519
533876
746727
329561
389763
293212
574486
408972
844376
750906
61380
115786
649386
899285
967350
258501
770162
205718
262553
28281
705159
487400
692633
995151
743091
835584
940791
820534
983710
848768
843972
683636
751425
47654
586999
194985
966445
990586
300656
327374
954534
544907
109954
966694
232159
929258
720361
624896
262294
51825
893530
254468
414130
680332
91672
347511
327457
688029
466809
440780
249651
751933
250332
994418
118331
814006
366315
338020
294403
144907
186714
627708
658538
161544
421998
100707
564000
924100
77115
309892
24536
716163
74192
606272
953245
635177
596902
301480
427929
131478
875446
704502
315785
151783
431449
647665
752984
670715
494302
365519
339779
722869
509709
515942
366202
342451
797058
311176
261852
154107
23694
826961
568994
90650
861250
545382
68246
866900
298734
981193
258156
166331
627720
84723
402196
993602
381436
577156
274926
327555
241789
612318
834252
142883
657144
861409
629244
726824
990251
689549
70258
576885
688544
991615
713699
753584
936794
76144
997673
489649
713197
565786
302297
352500
449660
854390
305288
403111
244323
156532
489569
38616
939880
398781
691210
163817
349451
777308
525069
654241
590182
952300
75811
474243
460878
233895
530831
89
966288
660385
644415
989254
865126
764999
899759
105343
426294
169339
394636
454873
364443
445972
563330
990631
716478
142494
319847
996954
181571
791338
302434
97926
511856
463683
543865
517978
459503
211755
5084
190201
819048
312777
152924
580654
833449
713945
284769
424733
433686
300470
92754
554402
456633
422999
299774
139819
628511
402150
414878
617145
117150
847533
19131
429046
581377
785322
841643
76182
520025
113647
516710
752456
567582
517796
292470
463733
836485
204075
645572
431653
349627
932212
920948
107141
146091
226276
829073
941567
931689
575050
393658
657246
897897
126563
163556
686056
206235
975909
532789
767570
977556
686929
637425
732829
409727
586647
953643
830263
309685
23329
974355
950877
179077
7736
86889
127080
289947
489031
317025
44017
325656
35692
370818
818006
149277
853314
805106
565720
204093
907466
445760
865588
964500
910714
665890
512802
721911
109700
860262
359849
469542
898707
928472
10783
657803
842058
313516
74921
497525
25441
501050
976720
349962
686396
520975
207030
698579
704784
913763
126825
361600
514764
229013
272027
521783
609729
15928
167761
715488
775152
379779
23660
168474
470185
622580
831868
729172
711112
635510
782976
34571
233542
771254
257912
783961
458604
704833
734345
443467
563459
631849
69381
622971
551197
785518
692926
663282
303774
91197
909484
699022
702479
261531
49337
28439
277633
542652
555163
191860
152278
171440
408765
387137
456387
405660
427478
83893
790418
741488
757313
735588
902596
429140
118620
342337
677451
469884
459765
805349
250329
513599
781307
949682
414835
237388
257204
628131
438164
673126
383764
703854
529994
407285
905980
530871
147934
683293
925823
540909
611098
736390
996861
45042
938763
525085
594125
310637
532340
462985
534558
468158
937624
999404
565312
445103
494213
808584
66714
347479
693441
95560
737160
441323
894496
586315
803195
553616
66207
504358
267372
855842
229439
756754
447777
139261
748348
470319
515188
415561
150059
416962
801925
486726
724602
563559
488543
588064
486335
901103
38684
911291
271446
482528
985445
982022
425473
345505
738344
807808
100088
981911
509775
228334
357359
291513
504006
509653
470532
245215
436791
695501
761360
420219
174199
718981
460184
189877
290414
335971
656335
233803
299201
150039
201554
191996
874010
932549
751657
821952
946715
935247
870403
352200
543711
61716
600634
993503
614694
26475
598753
684808
937340
319300
92104
773488
517135
122096
813742
646531
124998
195715
314097
970431
205495
402752
81192
413821
571976
575416
68264
404986
901874
978476
962352
624505
396805
488590
13273
267844
392064
437104
49316
922657
307583
565914
120823
557299
713505
553897
512726
371304
501165
884495
976904
68231
816733
280808
113490
18687
287973
206848
547010
156171
157109
440269
198855
211515
359429
121665
193904
579991
128511
356229
626039
140035
84505
850724
32782
435897
725020
906904
386576
934638
709634
176454
651065
504229
82444
962425
835950
571320
475446
162300
372077
942787
735989
38961
672911
257119
176043
37507
651030
326936
370581
834756
127842
447391
834935
674889
545521
815158
844521
793471
435376
865612
820577
838943
447854
327022
383837
180600
557883
609398
491490
771848
167086
699032
853615
308957
13587
454456
336707
463676
972926
265493
217749
468973
657336
757903
553395
266078
264170
4336
770539
914575
142465
787440
954680
728627
39657
828920
365601
262590
464634
233872
708248
706118
371344
772220
966380
258288
913823
556403
196653
151892
659750
220940
402917
488638
919136
985844
970780
91041
730786
169578
904442
433695
345124
703406
306500
532115
773519
937383
867159
432687
969645
69761
466287
166941
145568
868712
779690
454599
988468
822404
606855
769070
959666
146840
654781
616598
395148
497710
99985
498174
290842
256886
970157
479863
348177
948025
154936
533062
169999
596615
715827
890700
391436
567369
933656
886826
411863
701077
492207
831082
764208
273980
773211
360040
102731
404450
309010
666398
380698
254882
581668
96087
800590
116724
200532
23488
54766
369883
604259
431115
457161
356790
693635
5590
35097
781411
815742
130961
404032
231025
49571
592224
3576
516324
933033
733665
978719
577689
75735
336875
476923
985865
598735
276805
260882
364930
581189
553068
780775
915604
918028
817932
28184
836593
787395
386168
678006
603838
590122
892223
943819
527528
900566
248969
961916
399430
588667
628106
39574
114996
444023
797744
516190
395910
851812
316087
764298
712327
215460
615464
420030
478545
7163
356261
368961
827760
242938
444645
330818
357726
787117
50840
227255
478151
314973
707009
507990
848243
997255
999599
384521
173325
273553
592623
149099
664145
768902
722352
250412
409900
947754
333036
467205
514252
979822
219571
849078
248434
624058
818724
278873
727455
609490
966899
481633
329134
722759
437571
740617
146366
142918
954632
328326
636679
535556
29681
371524
357356
260432
809020
500397
936544
744282
290295
748668
414656
447501
547109
844138
949020
530556
542670
205084
261218
708674
665287
120630
203181
238112
156824
874065
319611
549350
749750
201983
514284
771176
408300
675525
674721
242572
759282
569403
655089
621413
851412
196252
655025
52864
87059
436060
851829
985707
287628
487925
65711
545977
164453
196115
965553
310057
662623
359546
532909
214081
670009
187269
540312
541839
698014
783874
599733
876563
685849
405307
892636
368217
551811
536111
449143
154860
212867
515919
98128
529243
616171
104349
5679
722583
107302
246251
139128
663707
939607
688773
90016
433321
411221
570242
43716
600265
340182
11985
594307
11629
527806
539114
930173
70267
101962
834532
660632
224470
56606
967281
16701
437631
202624
124475
403369
848406
898184
952481
1234
462080
196694
302100
600090
858298
627488
643774
473535
309552
332241
816016
608889
573398
167228
24067
401643
199597
47871
645207
470861
410330
621224
721523
973348
457100
784285
402448
468462
196423
963798
319209
516374
18773
599831
19337
538514
822934
287797
570585
945653
879774
43608
534811
624736
74399
664412
867432
734743
630641
217615
679036
804475
393220
538236
883696
383326
166399
573486
563648
19349
938526
875799
135071
621221
464483
355857
491709
295219
956452
440428
429491
415408
841507
746008
907517
263149
81907
146431
184820
681089
860233
53239
886978
479365
788615
879918
673446
536617
910969
452059
448438
440491
279123
448878
357104
955283
698155
765066
434417
175002
614221
342244
788813
430038
594293
948164
500566
882660
983808
641570
278752
589366
898842
34591
812479
151429
755959
737106
48387
265762
618162
60924
340073
178024
996225
987618
696834
202797
633798
905764
917523
838171
645970
659363
333591
682616
763774
645000
680950
294702
539051
105280
980292
405163
417418
257646
306229
635210
244406
96909
982476
428518
607382
708026
330482
847779
739321
893068
459804
642968
862604
622407
77291
666602
671814
57148
918179
47835
298617
179955
256559
296702
582357
390449
591809
960399
422441
210298
598128
194222
863419
761378
334325
834010
904928
849382
563719
144065
97473
661578
850572
691184
331723
825009
84611
88201
709198
606188
31478
48687
335294
412481
686630
482994
424583
182089
538317
470055
728946
155288
773574
200587
60241
664746
444105
96459
494744
598101
325599
86288
613485
745840
280039
210928
405918
581768
958300
900854
449746
302876
854632
731093
605545
455823
928857
159108
560088
324175
442308
26533
8042
282166
988829
148600
84285
320894
980660
297154
330619
539010
801672
158599
215624
213283
427127
379510
667175
262959
887763
933197
158407
396947
127453
33532
253626
130395
745675
511753
408111
557340
4876
350593
992984
590922
132086
694792
248738
314131
280587
750571
926751
407790
642329
87201
644652
851462
263344
570046
885969
166962
734838
225436
168312
899559
634966
17984
321821
626746
143903
137298
927329
173251
966862
378675
44367
358634
251766
801568
555444
964208
84548
3534
971011
698010
67081
247617
793822
976332
828992
310127
257193
653404
734685
352512
466674
250044
427816
820367
250565
817068
927139
57223
402584
408295
710823
390914
724092
94768
351962
635277
988231
610036
428097
233983
288871
817228
848876
342948
14213
101834
203639
116238
903729
172829
241482
170362
813548
855232
636482
278538
586165
580450
227395
809362
244179
866182
921474
579951
706830
602096
636791
535710
534297
676122
618682
73681
810511
370413
47636
667353
210159
782055
65800
484821
111400
942126
830206
269651
493463
380774
578949
867390
80116
616517
137740
40259
517439
905686
177619
959632
335366
165010
626286
115870
991340
811740
507217
426138
226411
836894
738677
344257
754988
318200
103661
94033
301100
405138
347576
342735
725497
479864
37115
872111
498515
796132
869592
252596
867232
659102
738065
341773
437169
162697
551324
849634
57921
733803
360399
640218
320813
817050
676818
570376
255778
641139
728805
646752
726417
664813
13753
739779
681722
927588
16512
985594
330889
599292
644437
924878
786699
380476
120287
439206
843807
638644
357784
731890
886021
235857
5059
932992
650943
333430
763885
420471
712163
741916
617555
246398
110819
795480
551764
990997
555776
844845
811844
748077
458785
844590
488340
101306
433193
674887
281681
556485
449002
613101
421964
182798
893712
463953
36593
198218
411690
101040
400152
12355
910026
8488
123737
867896
79568
770510
407958
724173
922483
283974
501710
572216
967581
960225
169176
913061
639158
448022
459658
113805
617641
816954
328075
577860
786289
913048
990172
784317
455464
415097
654716
988250
465698
887156
760754
140276
538499
50524
140000
924502
103552
126542
752375
971031
577535
304898
531847
724968
272674
141125
181447
888744
956767
216444
68406
593868
224132
999803
87089
841201
76871
261941
636985
129934
396772
896615
335084
399131
184014
787826
3182
315413
110099
722357
502683
719512
594694
196840
44118
259937
946775
87418
19928
769076
102
825722
454324
492923
744257
972753
810019
470951
481385
278801
263089
397810
648665
593121
961333
538382
525500
441720
157402
941276
277639
990091
89084
983143
784146
92450
116106
549550
331548
304656
920194
108882
390344
515930
55867
845798
353671
251853
644892
912021
891709
395451
675990
126326
148105
342405
317754
684252
655828
262219
126038
747871
141006
349134
71873
673895
713259
878479
930348
499906
160598
396907
106708
368351
475693
413686
585992
645891
414236
799990
190460
171025
457447
370630
771099
37245
867667
282218
824832
552875
426984
940449
77277
557935
280297
698511
545338
997857
919025
751696
410297
606886
458137
566972
696365
299932
652809
769414
158270
283813
816609
438546
325832
485079
517295
91507
884136
637175
368186
192049
947153
809108
974990
480662
999450
957349
177951
438951
302028
487751
990593
853316
443880
857487
589249
678427
712258
842073
371196
851166
266297
640058
60387
989385
391099
637991
130920
422627
353710
813637
16633
787512
623346
429120
779595
4562
942509
484453
74359
783080
496495
522824
936019
638750
812637
685338
722778
453916
436591
623629
67760
847594
532150
248433
227641
486207
444922
481209
290205
515039
99153
518242
730598
386730
920894
535631
117437
32896
488684
692538
262042
301569
838881
970503
971479
501841
145214
324134
25088
689907
546413
993079
806036
715233
657861
830980
507610
484685
149397
733510
71488
405081
559242
110167
864829
200686
847184
658725
821676
569303
482385
193240
231423
119323
768967
132738
946536
894281
911307
779055
673563
451614
76998
93686
850726
60747
904010
20278
454173
666273
263167
770055
50009
487904
813076
912681
718139
650803
515997
887656
201615
492954
166861
960675
3164
471220
954914
229032
964403
428209
402250
347405
771789
228666
881110
725594
974682
280557
600742
60073
92085
416106
402756
843545
900066
161568
981283
348828
461059
457809
49593
737840
858338
573667
32266
793561
611337
370437
875133
387443
872845
325094
238830
958806
222790
299389
944597
911505
755996
977156
244511
291978
951594
269882
789517
227740
761489
510059
47430
185256
252795
263448
618936
663881
30357
100767
790501
524268
720525
744920
663378
574620
507119
887491
153738
192254
173255
313578
339063
65317
418348
417842
174333
389080
695403
741428
203924
411491
928172
427446
629172
429458
162947
769077
494222
289815
242308
537092
100367
707500
847053
372253
112799
692974
513688
845563
915238
697404
971621
683243
274331
829520
286863
722413
232481
420157
183784
327457
690396
638690
307561
455493
451742
279109
837675
128457
211160
921879
24773
543700
840704
47233
570724
993945
941783
985018
666882
579937
506284
640428
805238
556391
913739
112012
697668
823698
81068
208672
214785
77702
184159
540628
249754
790306
686642
52248
972844
742861
587064
638552
679132
619477
323179
893599
91264
550624
30308
805675
183532
476232
354915
910472
665379
503652
741946
215581
418053
240356
234246
889938
639705
499913
315725
907145
782733
753337
382177
562405
432804
666030
145240
316135
69750
587411
78443
399286
316316
455663
199875
651063
883347
40396
143288
833730
169841
442019
800471
594909
614927
51622
908138
670434
533363
611216
39264
864709
450113
252703
155731
444322
380454
570572
632401
127731
720690
805931
255532
782286
557042
172147
691929
34456
914588
250982
599041
823469
538055
885723
817153
117969
408045
313773
773684
780745
933182
843878
589654
795582
280735
729515
845443
289429
182721
910216
690394
986485
762709
497958
592268
579186
426841
690953
216709
475719
552806
415553
111069
617142
244818
89431
100145
911782
870316
977950
459333
715829
97521
841002
956313
127301
172443
263405
129939
597465
587838
482245
432505
26379
25962
838267
694067
599
490084
779067
421029
209026
127191
793268
534364
116562
949224
462200
205516
731051
690199
828357
700581
748007
713892
269328
528151
53727
589439
669806
246550
14031
601414
991261
913515
969068
508983
615952
465323
274285
974359
666562
221715
316743
628517
260992
69222
630789
276089
32509
776372
845709
927194
568197
801832
720224
63177
617635
228875
585080
395768
275595
561608
164638
545069
397509
549653
479223
235504
992778
913727
792628
82820
9740
246036
439061
213436
902367
471678
651572
388140
67512
202580
580978
850387
671726
455842
577914
667501
358963
574143
631497
728184
371942
520494
56838
581056
949458
551049
964571
339222
718734
807763
183952
212409
363993
276985
285877
86093
614900
740629
890167
880661
364314
391
832320
115695
532338
145874
812611
139845
245711
332593
488113
738238
318332
931814
557454
941788
442401
599820
330168
77888
485973
605052
421109
171494
592500
130172
184479
248469
227706
141257
974318
541777
381065
113644
586619
242237
362787
924356
398442
157510
500530
750518
143375
366786
282388
46752
945534
174691
866997
711066
778412
137808
260075
208646
23397
677639
639756
530135
682469
115971
438095
153511
418289
793938
669462
535875
967629
487182
688646
827241
40578
826651
804569
77400
517056
834761
866885
135826
914387
944682
901022
976619
517059
76691
556789
665810
586538
418640
382252
862438
105311
309323
26996
131578
59779
768929
714283
140855
75211
45601
360400
127820
709930
826375
470372
970915
592764
53042
875068
9660
735946
276836
693776
106288
636330
676666
225264
103361
948943
240795
519931
318046
752456
2283
214513
320381
61621
829875
430638
925055
657024
557749
517457
854043
239047
988747
105574
120785
929213
38417
406172
320600
652039
207070
293172
728492
951993
709018
22582
104266
271356
985023
666225
568618
707092
936700
148563
494332
901164
364458
967268
474898
486973
776204
963405
84098
801252
658040
658859
154009
389097
728652
16510
702724
328127
251322
803595
801038
127763
697068
933456
6565
287218
608706
363287
143853
467871
117488
605908
80624
430017
395311
939540
420283
666667
253937
164026
704121
79987
282435
136352
123797
933641
549516
967646
228773
602755
74235
700145
820447
932224
364520
500023
649798
121742
973716
121466
505782
611395
551292
815945
830100
857670
891875
746496
246842
762981
717178
157207
281178
973929
829731
924234
413389
319121
335167
911315
81755
526295
947948
48677
804965
590130
79225
825044
869643
960021
491105
536435
199815
187558
116897
397249
274492
623411
124836
176928
231026
109393
86157
236137
328891
203670
749418
733182
928183
211899
875326
836055
579325
228857
707884
690034
57712
39763
470820
404798
433346
79450
57230
66631
830068
740008
905372
281506
15164
704285
142108
211833
265689
680452
835906
344293
924261
683342
511184
726576
493643
527524
622276
959726
928098
565736
270486
485405
824464
594995
526564
696062
470814
681596
602726
73247
466112
529930
25060
125042
812866
998040
668355
747774
299608
488051
359783
223293
763703
628128
307360
468096
361922
646380
315868
512924
625609
413552
945117
795078
914159
974169
479830
966285
845132
428197
646497
640666
78512
354673
883700
801524
876483
322260
816493
277567
409658
437894
813258
54330
893445
64005
257398
278103
756149
249930
735041
131498
643861
654102
354136
429492
874912
11626
223362
794894
286928
253364
173634
173522
848727
515332
86486
275333
659883
662201
847673
404836
917987
228982
177651
281111
524666
269423
114286
500006
283821
1362
846546
760116
604724
103122
34482
996601
900907
823631
311245
770347
366450
195386
704880
241683
918285
336211
990373
355015
401100
397332
81104
431619
357950
791183
356009
278678
702833
168222
119884
494976
952633
891488
398284
586467
72646
200331
778817
584289
919971
680656
628889
359561
790290
453326
760862
916848
337392
708629
646448
272919
285392
739311
433456
303064
825656
993330
679881
778499
257560
100872
573696
651740
275403
120230
742339
369517
808723
873950
48051
672272
373894
301533
792917
839381
196067
586801
753927
964813
699503
96219
283351
152959
372972
950299
214036
429961
288637
516770
947043
601104
737241
103776
358199
460101
819458
660525
501834
66315
93017
608564
811361
378467
949792
620730
758650
556559
874214
311424
562496
507992
29964
805889
31222
93144
929551
236920
388354
818484
524521
302123
105378
488684
798940
878920
814838
538632
575
76098
9784
352463
732422
386424
606202
897824
488804
734563
894831
5565
997568
830044
776256
131303
530660
80110
88802
639232
581580
998089
900079
685092
747393
308127
30858
273588
17429
697463
635463
723218
446300
792106
109605
150555
308070
367963
650252
48683
54464
928552
113642
582063
884679
806089
26282
604020
737234
7168
348801
290905
887621
290460
262668
887904
165504
976439
90219
389486
318467
444767
410118
513920
591596
805570
13113
25140
742108
913636
800853
119103
233757
579345
675083
287157
88867
49212
430497
496483
556085
832633
190178
564420
66201
828799
517836
226453
748330
430634
307014
43368
419930
477475
687828
896210
647052
306342
223266
890851
133163
700828
856770
90363
176667
298395
376127
241859
856120
870931
747454
820933
566526
554809
1019
71793
438599
836486
567000
904174
855566
642663
625081
168147
689254
884907
842313
936675
311130
941338
65307
799268
213703
597248
267932
500036
627752
166611
861206
928901
773352
354347
768539
823918
137723
30222
538599
35882
553922
695750
183351
805532
874442
166740
134304
877317
104659
811144
40325
700751
312501
587971
539379
405906
949905
76718
521670
954112
305686
95465
359253
232119
90166
320187
870338
18922
797428
921605
659183
893895
598598
30002
49332
467994
470292
769223
777459
764203
17544
104536
496720
447885
650310
245713
890208
357123
843624
99923
406101
523362
557519
326785
419725
689335
417067
824860
356219
771815
115369
543175
753463
589208
717766
725201
501702
415075
808740
856829
360293
831744
313349
861837
574373
707882
607747
893108
935600
826826
31043
245767
320710
533331
327170
383685
379592
76872
481606
431059
85627
796343
629444
594706
238625
722473
918586
426313
63578
319457
388006
876069
156864
168631
204323
16616
841525
142063
304912
648263
602048
325286
613402
89746
512955
115593
339585
490257
605100
997694
813001
596483
383992
934520
98953
316029
650469
31426
310969
365162
329522
599540
700732
15218
599905
897891
420164
931422
177528
221326
715482
977955
339141
1170
164790
656689
566649
92332
862329
354153
515728
30755
964597
968615
539589
9826
848043
977610
28546
209553
16646
150473
423749
351149
164139
359187
897277
798342
65539
895757
159308
297707
741356
294756
647374
74947
888668
123856
708433
885456
285211
506821
605478
932614
781861
360576
905876
76776
178560
573262
904386
39204
63997
598635
275867
885637
138147
371184
813289
413453
946240
317394
588183
164232
753377
13601
599701
798382
196208
439953
514780
996736
38753
764449
164527
419960
960925
933492
802668
999507
696947
640109
826653
225486
157990
252592
749410
675311
496633
718421
821930
349322
463782
825059
471929
299782
959840
975967
317286
619535
401803
240225
375388
306858
424602
115854
593944
198080
598926
342189
76742
56731
243624
513239
263159
418012
401011
327107
67176
844711
408935
538700
424691
908045
885738
396523
214730
618141
406389
809655
319519
265594
938603
554397
172020
710493
347605
287605
464493
945477
542249
794636
160932
821557
654252
969310
256285
411680
123046
285082
514039
310479
843636
152807
859918
203873
176695
88304
29852
502440
376239
375650
566434
849018
135582
550861
403189
800614
633571
767736
600078
745163
762428
443579
509356
578412
753531
763159
228075
24826
522642
776159
311437
501652
284744
862104
707013
737679
856312
291640
699562
396509
733122
815051
199992
691307
682405
505364
363068
607305
968281
638105
163862
46828
442807
694172
620316
870631
536898
548785
772974
796715
34134
774304
528828
207994
391507
412836
462432
566875
241132
215814
383443
233711
993594
683597
999166
790851
553854
962385
863348
405133
208395
241446
654603
309566
822876
389228
476659
60882
832903
188604
783193
516350
647816
559739
263791
584790
135857
866622
435687
776230
296848
993487
38186
960200
998147
163560
710319
802903
756906
140825
518854
761843
990324
807884
989474
969273
479189
426548
714007
626167
535991
829316
297132
798268
506604
871263
928437
836917
146157
310378
723620
177220
661310
167827
20633
933886
945734
89846
457775
497442
471417
846569
771341
633485
926230
331416
195022
293195
475648
127593
706616
417101
837992
346319
489136
660334
158876
815659
296417
276841
945182
666955
780
786868
608648
658537
232271
807116
754911
478103
774770
186096
132670
422224
4165
405190
98259
462052
408277
887503
736771
596519
567009
382873
730784
117932
989327
479781
250587
333897
903016
528711
165888
321092
557668
477024
267161
122368
215870
267922
949607
740705
995413
759184
374906
92336
216877
325228
385575
155106
269983
794387
647948
384972
509959
833789
911561
756545
378804
491783
351670
44855
326696
393323
374067
603379
530754
121052
258793
618663
75708
20013
997747
499013
592435
263850
60186
466828
162414
587500
574797
396034
29252
814456
507747
695893
816235
284289
426135
470141
586042
294505
778933
178763
525924
688575
910806
965824
444933
485680
900485
14435
525094
1954
564630
595124
753445
4735
812697
792719
21349
301933
417890
916430
161346
411229
452382
478207
105353
195590
16676
611835
449664
227761
362083
220900
592647
491269
867854
331885
281288
111980
622787
545395
527709
843381
225019
913430
751388
474911
511611
670986
584517
965340
28872
238740
519921
649886
771289
675868
793939
46323
585569
636533
338554
315073
2573
220838
760631
214661
530640
749480
19965
844231
405195
234926
713005
999992
721293
932257
808571
712498
545220
640085
116227
182009
438696
230111
776480
27106
682479
118974
946168
93928
701193
981632
596396
986076
266230
2977
579072
778781
2252
930769
565451
702599
427736
99036
920348
248921
377480
993728
945492
136984
996469
62985
560524
101933
699279
342944
257291
369921
259152
771480
772579
49512
680525
872161
774136
990350
940294
955453
453678
522986
488178
536169
483559
390738
192283
895381
348417
133243
950231
243195
8650
776927
512524
37411
951853
96198
56922
981952
617327
236512
934933
598758
122010
432585
81100
414172
198526
912180
90941
760236
852181
698970
554391
769826
321342
420872
977812
362471
312401
137850
307411
813030
51872
26425
986051
244545
1884
697357
701001
652508
67760
841507
620326
69648
935520
656358
780489
151302
749498
438730
842541
895422
938051
141936
882839
16742
434744
320710
475536
376355
709436
164027
706545
935070
614644
582719
961215
687954
449961
167724
340235
184103
289017
377762
986989
751779
661034
36898
318578
763714
328674
221848
846953
750727
192586
449367
236269
863222
25297
22099
529464
346878
67491
601830
10950
37000
443427
637346
570189
618398
124898
356784
807285
37518
977874
272718
114748
100061
8888
153952
763231
585164
481154
407538
512846
777540
663528
990578
139949
764414
438590
992172
819785
621997
685577
810967
386473
17416
697901
872001
596664
503918
609711
92378
927650
116924
743966
895481
479895
696884
986414
47985
433542
299547
897661
2487
954297
102590
968212
752963
331936
155072
650253
71716
601186
612898
867007
581675
648889
485600
615667
565072
942796
391769
749012
566385
377303
456209
422548
644469
312578
27823
930041
243883
495711
135719
459973
326640
356059
462570
73475
148839
378070
474369
12625
918932
428842
881754
480970
303736
414126
971798
148024
761267
315295
904467
287940
384759
700153
635367
734757
881140
72643
221804
4012
115890
845360
112736
356870
284723
827731
411232
586911
5626
176881
381900
913995
54058
744014
156848
727361
149400
142298
648204
614864
22248
519713
578372
523181
103657
569162
253154
726866
351400
944545
271465
345955
632043
80035
560018
474663
255020
854100
57261
229447
145277
124010
19535
618121
810527
5603
583404
545725
40648
290793
84595
68521
673872
104718
469711
254414
376414
196261
742300
570520
84520
420009
463413
249919
305643
292774
338361
828221
484155
211879
742462
31414
32923
729465
918903
444200
103309
362290
385133
821555
988882
656854
784880
653680
496990
651657
635586
650449
327957
854406
336557
728830
609418
152197
42904
249
233164
262996
165774
20043
868451
543099
183658
500501
962625
495343
234169
677845
407912
782673
563561
109546
300794
659182
786781
184525
255481
738398
407570
330991
545557
698751
130695
573654
180753
312627
605987
362760
838915
933446
290777
449168
339898
363849
227961
638486
190464
914437
962453
180742
110804
280635
39812
411244
496397
98083
791250
212508
304770
600711
653576
363651
300489
820335
978701
456021
830427
459780
422781
481617
531089
279847
31133
490009
726057
447398
279946
682921
749893
728603
791510
690756
487762
850287
926412
683633
857130
22880
487545
367054
937585
886755
404037
819443
201641
646039
105069
900607
477148
845391
368927
14341
549271
668353
899163
976094
866098
238563
53952
370146
449750
182192
127139
618975
657276
591836
575466
245600
554393
656933
830917
402954
981655
937965
207096
626988
308295
957364
943867
395344
147979
477708
426446
754200
828659
165902
593430
661114
758681
964715
399756
736747
274014
597176
190754
582944
886834
600906
813650
632764
85935
990610
194638
821367
987167
687039
650152
483441
640097
833001
602501
137551
424387
117211
639373
519788
686496
953468
177076
812764
144378
848427
144430
677983
220772
906572
879898
954565
677528
815194
26011
289276
969572
919445
301589
161136
914982
499331
520712
742014
6706
552265
425569
561668
917669
842962
217593
470675
747235
824124
323306
508042
201470
296576
896100
313583
566323
365670
731274
635593
726423
107313
108334
690871
223309
407420
471552
2781
918598
541057
282614
392484
698423
374423
789949
56731
609880
423109
14531
393583
5884
820565
864268
424528
637879
467601
787472
277551
872349
401083
215471
734666
225302
618379
883142
426845
614947
107194
605183
835152
100230
847775
134397
951217
509484
291239
558350
594524
933832
386335
577116
943768
906461
299504
796755
639927
162520
996975
878562
339010
166473
760045
515345
350626
934987
563959
249327
663582
441928
628458
969403
799
21778
788560
769761
681993
481359
710899
461499
730584
673529
557563
18105
878652
221110
936824
37091
475169
976564
193868
532210
50698
760412
124597
259878
753547
539705
192933
869622
961760
333662
39363
651377
230494
129931
782465
603495
598605
847910
421929
349907
741154
83717
730539
169784
436669
997357
343085
379903
63975
460221
739469
979325
686939
908911
745675
584781
922456
643847
140397
980768
900957
234938
652442
850873
998003
988412
647304
960805
352157
675046
536609
99221
663264
38042
714367
834773
93119
204895
832838
734943
481262
969887
778183
561102
647241
44247
302192
471
314995
597923
522200
570820
731133
748160
572190
254765
850542
46340
783717
80553
504682
232656
238830
693720
460269
198618
515886
798438
120737
127709
42819
369010
14492
405641
79299
478469
254840
121132
41984
880127
918226
369134
778345
95346
764887
136205
578458
659699
25139
606345
364778
569321
209935
193675
555103
871394
760475
916057
816604
938369
664910
74639
441142
90115
934789
660001
560696
112089
524992
935233
165539
638026
175947
155830
633933
740825
806054
619353
520250
487605
821584
378056
163055
359133
572094
446314
395554
237266
504380
800872
537212
168500
191810
824916
997501
687152
376540
214148
96371
268167
385343
654026
989924
5331
478870
966069
221334
366173
322384
488156
538937
957904
760075
856236
137550
221482
944763
987499
217621
244918
542490
254071
461311
411130
292757
462890
841714
646045
662109
803323
368765
547064
707670
591796
784441
475148
681983
195250
148881
671646
354240
781069
599100
144446
325099
838046
461597
589067
920357
230249
124757
856968
775936
694404
713060
225834
480709
806205
235939
282912
515536
596427
159911
2872
215427
75136
494591
962227
166920
51615
907485
597161
77859
73015
303642
861733
118106
991643
476178
473988
586599
981656
420284
367596
375758
383377
625722
330111
299516
274801
743659
683051
105812
742073
229225
1704
211437
296288
278026
45506
118387
993579
536587
184599
257912
55017
995826
902829
758382
104124
905766
400670
972518
253810
33697
600803
811040
77148
775598
793034
163810
846513
215700
446414
854664
885240
501015
946637
785696
966273
85218
430803
312360
990547
680318
595149
744
860864
415622
577146
993125
101476
523533
865545
380003
676894
581029
535554
100815
161995
363012
288608
420751
423451
283832
291221
662278
139140
346435
967692
892315
462228
819004
392337
86970
233271
276710
153688
885236
913486
391143
882719
514757
445985
104916
265602
539632
271791
834635
983711
683069
768525
316178
570512
671875
114071
394890
154305
748163
748764
62776
53295
756704
845192
806612
70708
489419
824010
338131
707140
903062
802533
641807
264249
178650
515054
186427
430173
914143
504392
245275
345017
322609
275023
495283
347336
661267
885662
635842
802382
345330
754864
997291
123458
871428
429521
218156
834665
683526
782916
995970
558311
864845
758464
343443
958122
265940
687987
754410
498551
724140
79568
795381
609562
149091
862123
307861
791298
975763
21124
129042
203581
154248
742343
378095
663187
907422
775432
99458
201544
429087
158668
789606
939115
129632
829312
128749
51952
695822
67946
802643
44504
836308
682993
423220
426153
241264
733235
457884
126781
334456
507271
15029
405153
68054
833975
343638
511323
93304
227521
584350
398989
545484
222887
220483
661934
106113
989207
710636
226562
749405
632339
137101
100845
142759
776330
294660
227013
229894
819446
413702
682370
366298
290706
318200
786110
425025
277711
683748
525210
724848
318316
907961
473089
920621
676217
111198
377581
482400
452107
572432
29214
749410
513466
95519
619830
805541
36096
627720
177244
296829
449346
882874
966599
188460
379307
716209
11840
135278
453035
419358
767210
625691
739197
302891
928041
715303
904792
15401
270770
8496
494086
355955
935248
561337
192988
827640
517578
259030
240528
358698
938775
463084
211239
489734
634368
253919
245747
582122
680959
714786
314926
924712
623436
736793
160669
454997
272164
1611
92194
790732
293230
717218
500242
518681
968659
61405
664450
866859
68507
368075
937248
318584
119069
554573
428786
850640
459805
638106
188879
672375
150814
603488
973763
765831
693092
876915
773771
575695
736935
4242
342309
69029
927178
963080
974042
631515
45323
430266
913432
813452
990378
764944
819419
755957
371264
457638
673652
154715
755011
621671
222436
787999
261578
244477
855270
157747
242758
978495
214832
519947
224408
614604
714016
678843
425269
666684
953193
146860
937387
438837
708106
934409
706361
434637
700141
784570
911502
260490
792179
100646
219600
27543
196789
279834
120693
202260
16322
237807
90668
660449
150870
882528
477530
637826
359205
315330
169555
683933
868307
537049
449881
847446
39264
953489
800269
302520
247252
211431
998856
191318
649771
820455
59855
674404
623809
788516
667443
793511
38832
476222
773900
271292
888633
898325
937985
479004
822595
627140
796304
830666
747426
125769
814586
115128
121912
837808
542434
287252
72353
381036
657270
918293
578311
856827
260458
249616
364485
957279
8152
392115
425055
452808
925847
858838
272380
697407
718918
486015
277511
263137
994835
68509
745590
217079
202997
689409
192065
489666
526015
588375
349683
925320
505723
173058
881718
611865
774700
626023
845809
638070
81791
443847
914252
232706
117666
860103
372136
319449
814232
533851
800869
645118
117916
800080
46563
759785
529797
500297
701921
911631
75832
992998
241601
622062
467695
82641
1456
246
425040
925377
537595
135114
243110
448246
392386
451719
337576
683080
833792
133483
83956
484515
37450
738709
865876
407139
36842
37084
547475
266037
82783
264656
360105
882334
667798
315858
132701
259625
332739
60304
18721
470942
458630
465908
255630
172831
588733
725527
267960
221894
248623
433512
893200
709529
164234
649952
575957
992772
528401
721252
510846
485523
139109
338334
451337
1687
82049
603254
573226
772218
82715
426468
239896
151035
968942
543570
479034
306418
542900
463529
363704
506806
607103
314825
149548
423225
370233
20315
123383
833316
362356
138083
147068
297613
755626
517447
430411
554810
754899
393949
657810
5434
716636
447284
583760
466497
480249
293740
563464
894682
155961
755746
532313
168101
973338
241598
219858
812975
147123
822923
79486
220036
993456
497932
78494
988181
996179
171726
780577
429332
912092
45331
927682
688922
854905
9496
966986
522665
608937
806719
111321
998740
460703
933170
143151
508089
718283
187770
32148
225333
162250
618039
482866
780491
857709
280504
790156
990029
305517
72300
298477
789678
928242
434306
412189
741102
317242
569108
987544
588662
651106
413871
648171
953851
483098
525927
408194
415881
648411
409396
466535
584393
318983
131213
5868
908059
908293
645386
311078
443950
542220
803987
539095
206117
939960
853745
292586
329569
382122
241809
731699
966468
765637
217024
535127
459986
789412
540665
634148
434718
976392
381853
944333
48507
408890
659945
728799
93935
71691
221038
266703
289347
266422
527416
441107
895632
8123
250770
183453
639580
154456
821410
910454
147784
711205
195559
365100
661872
495975
201324
55294
721733
586330
66639
43010
460982
458708
539694
458775
360755
493184
168543
732650
298718
210266
883936
58933
971349
520576
303475
593300
169910
45664
876697
756110
213853
408052
125476
701398
671818
55185
632574
3992
933158
655682
637410
941325
49672
958242
818485
964010
452161
592508
988847
369494
176026
929513
684681
618640
611676
927704
155160
680470
959807
386149
103272
104380
222444
706843
213286
600122
580000
669479
955758
863775
129375
980952
359536
229018
370962
877033
528311
447168
745846
166181
998131
820366
225475
938760
682824
471412
229571
839732
392217
781975
987423
152530
854891
379224
843869
693880
862017
4135
86117
854888
65588
685018
152904
346836
454166
135129
488272
800931
318324
371442
946535
373366
383550
818936
534671
930279
246373
658689
802420
888479
432624
590728
507694
520012
731985
710497
868210
333046
865628
91295
861201
877142
622861
427327
560225
133637
95325
524758
747530
242486
232552
809593
262208
737812
283463
83873
54466
934854
47079
528338
847916
640548
113474
994065
325734
878812
652842
429701
219796
367127
459210
380667
536505
920182
472432
697706
203465
269118
303754
583441
69404
139184
80334
128144
941321
303875
375687
592127
559180
21082
268812
793359
239988
540806
992022
976999
394010
615956
50542
907834
28663
34917
78848
643880
975628
932377
323855
495965
223680
238735
885833
968664
86413
697889
243279
179810
171429
163815
115833
486575
270976
935581
227780
662816
809135
241987
500317
852445
607883
797440
455903
379978
514841
694194
276382
78145
129902
444819
219442
107947
136162
751404
748584
792635
11282
623693
888205
387913
512874
62522
362786
562747
176631
874668
277239
856986
272919
880330
859690
277063
75219
24686
889523
900594
124814
267593
186633
113756
594998
589990
353924
891369
366323
74622
460095
329663
216551
130336
826952
89792
503559
928109
445423
212204
66168
951550
928568
243274
285610
74922
700558
436899
727804
919330
140700
489223
286314
440049
43650
971669
793357
372571
604116
187639
861890
490211
483033
208990
333834
293395
312069
526137
105326
60713
474078
878824
549918
311790
739680
370865
195253
88555
498210
152013
449157
31828
549128
700821
144193
468222
321800
516575
392682
56566
153464
76174
517651
65165
101134
423768
503577
964507
536583
315205
690201
234735
482513
9421
743662
501629
792147
578100
560293
700985
889597
41365
771562
704856
591258
687887
433834
955046
866261
948357
428355
495817
252978
204756
369944
640743
988128
336947
139162
168048
725693
82240
172023
587514
579286
490631
273456
150293
w