3909
3903
3898
3869
3840
3803
3801
3799
3783
3765
3744
3718
3691
3669
3661
3651
3642
3641
3625
3612
3608
3590
3575
3559
3534
3477
3461
3458
3432
3418
3410
3409
3395
3393
3388
3377
3371
3365
3333
3294
3274
3210
3208
3177
3166
3138
3081
3027
3010
3008
2998
2966
2943
2939
2886
2859
2858
2828
2810
2802
2793
2789
2761
2748
2732
2676
2666
2610
2572
2565
2559
2549
2533
2530
2510
2493
2470
2463
2462
2455
2453
2437
2383
2321
2315
2300
2293
2282
2263
2249
2214
2198
2181
2151
2142
2135
2129
2124
2112
2095
2080
2024
2021
2014
1998
1985
1950
1936
1927
1908
1840
1838
1823
1791
1786
1769
1700
1694
1656
1621
1613
1590
1522
1501
1483
1463
1454
1419
1414
1364
1343
1334
1331
1317
1314
1312
1305
1246
1242
1213
1186
1177
1165
1151
1146
1113
1109
1083
1080
1059
1033
965
936
929
911
904
903
891
887
833
812
811
806
792
745
701
700
656
625
580
563
519
489
488
474
436
425
408
371
362
337
328
324
295
284
275
272
256
237
235
219
193
164
155
119
97
74
48
26
16
10
47
56
100
115
135
142
170
171
178
190
206
211
217
229
269
302
305
329
365
367
374
431
464
482
527
566
569
595
600
653
655
723
732
736
761
762
781
792
801
809
856
860
940
953
991
1059
1078
1089
1123
1180
1187
1246
1249
1255
1288
1314
1322
1325
1331
1350
1356
1358
1385
1404
1410
1416
1422
1429
1465
1467
1471
1494
1496
1519
1583
1609
1622
1657
1658
1668
1715
1732
1763
1769
1773
1780
1787
1831
1897
1914
1919
1931
1939
1963
1993
2062
2071
2093
2117
2159
2160
2162
2183
2216
2225
2228
2260
2265
2267
2285
2302
2333
2343
2361
2387
2428
2450
2493
2494
2498
2510
2512
2530
2565
2594
2616
2623
2634
2635
2656
2714
2729
2791
2812
2856
2863
2905
2943
2960
2978
3002
3014
3036
3053
3057
3089
3110
3133
3134
3151
3157
3159
3176
3209
3213
3220
3266
3285
3310
3326
3363
3382
3474
3497
3501
3524
3525
3540
3566
3576
3599
3610
3612
3627
3645
3649
3664
3668
3669
3689
3716
3751
3763
3796
3812
3815
3829
3833
3844
3853
3855
3869
3889
3894
3908
3943
3969
3972
3975
k
