79990
79969
79935
79934
79903
79872
79868
79856
79849
79787
79772
79771
79763
79668
79643
79623
79609
79593
79588
79571
79564
79507
79477
79439
79427
79410
79403
79392
79378
79352
79329
79322
79317
79310
79287
79266
79207
79190
79176
79169
79131
79014
79009
79000
78988
78973
78920
78884
78878
78854
78815
78812
78807
78800
78794
78784
78759
78743
78715
78691
78668
78611
78590
78569
78560
78517
78509
78488
78486
78426
78419
78409
78378
78355
78339
78312
78307
78302
78280
78258
78233
78222
78187
78183
78165
78148
78040
78037
78016
77985
77917
77902
77812
77788
77767
77733
77730
77714
77678
77671
77661
77630
77625
77615
77602
77593
77587
77577
77573
77566
77565
77563
77507
77503
77492
77463
77456
77418
77387
77358
77343
77287
77279
77276
77268
77208
77198
77185
77146
77073
77025
77008
77000
76983
76949
76943
76941
76926
76873
76870
76841
76815
76812
76811
76797
76795
76789
76753
76748
76747
76737
76733
76726
76725
76683
76661
76654
76638
76633
76558
76556
76543
76494
76471
76458
76444
76443
76418
76406
76392
76378
76350
76332
76284
76276
76161
76149
76143
76121
76112
76094
76077
76065
76059
76050
76043
75981
75946
75929
75925
75905
75849
75830
75809
75804
75800
75764
75755
75738
75735
75734
75710
75691
75668
75654
75643
75624
75614
75613
75605
75599
75585
75564
75524
75508
75499
75493
75464
75446
75428
75422
75405
75397
75357
75352
75272
75238
75225
75224
75198
75192
75181
75115
75101
75096
75091
75085
75045
75031
75026
74995
74986
74957
74930
74871
74836
74835
74815
74790
74711
74695
74688
74686
74670
74662
74606
74544
74498
74483
74478
74451
74450
74417
74409
74406
74393
74380
74345
74342
74339
74302
74291
74285
74272
74254
74221
74211
74184
74164
74144
74132
74114
74101
74092
74073
73976
73952
73944
73923
73869
73808
73798
73786
73768
73723
73695
73694
73671
73657
73615
73584
73565
73557
73505
73504
73487
73480
73453
73421
73419
73334
73321
73315
73290
73278
73239
73216
73211
73143
73112
73094
73091
73061
73042
73041
72985
72982
72939
72910
72909
72906
72866
72821
72759
72708
72693
72672
72670
72653
72621
72591
72527
72511
72496
72421
72413
72407
72394
72385
72374
72368
72330
72269
72244
72225
72219
72218
72217
72204
72187
72164
72163
72161
72101
72067
72036
71994
71978
71962
71941
71914
71902
71893
71807
71805
71717
71708
71701
71685
71681
71650
71645
71644
71605
71586
71582
71576
71565
71551
71550
71530
71508
71492
71491
71488
71472
71443
71412
71410
71382
71368
71355
71314
71300
71216
71183
71178
71141
71100
71081
71076
71048
71027
71025
71012
70995
70979
70975
70973
70960
70934
70926
70909
70906
70871
70867
70850
70843
70836
70832
70826
70811
70805
70803
70795
70776
70735
70730
70688
70674
70649
70646
70641
70630
70621
70615
70586
70527
70498
70493
70434
70401
70394
70378
70346
70339
70318
70317
70313
70284
70275
70268
70260
70253
70244
70213
70109
70099
70064
70063
70045
70030
70028
69963
69961
69949
69908
69901
69895
69879
69854
69853
69843
69832
69831
69829
69790
69744
69739
69736
69729
69698
69677
69653
69651
69647
69639
69633
69630
69627
69592
69568
69512
69503
69488
69475
69472
69470
69445
69436
69433
69421
69384
69376
69343
69322
69313
69303
69299
69252
69238
69232
69207
69206
69204
69181
69176
69105
69103
69076
69059
68986
68970
68968
68932
68883
68842
68833
68812
68795
68773
68765
68744
68717
68690
68687
68681
68668
68665
68649
68624
68618
68605
68598
68575
68568
68546
68533
68524
68483
68424
68391
68389
68379
68369
68367
68365
68358
68336
68320
68313
68269
68261
68251
68244
68233
68229
68227
68221
68169
68162
68143
68058
68046
68027
68026
67979
67958
67931
67910
67887
67861
67834
67826
67817
67812
67811
67805
67789
67776
67759
67758
67756
67743
67733
67720
67716
67702
67658
67653
67651
67606
67575
67552
67526
67493
67489
67477
67462
67459
67448
67446
67421
67412
67356
67344
67336
67313
67274
67253
67241
67231
67225
67174
67162
67152
67151
67150
67138
67133
67108
67093
67058
67040
67021
67001
66989
66978
66947
66945
66941
66927
66921
66919
66913
66911
66904
66896
66892
66869
66867
66855
66845
66836
66818
66802
66790
66761
66738
66720
66710
66699
66667
66664
66642
66631
66628
66588
66561
66543
66535
66528
66505
66499
66473
66472
66458
66442
66429
66428
66412
66377
66373
66370
66349
66326
66286
66285
66275
66265
66221
66209
66181
66146
66117
66088
66051
66039
66021
66017
65988
65978
65965
65944
65921
65900
65875
65861
65823
65819
65818
65793
65777
65743
65711
65699
65691
65689
65675
65627
65619
65598
65556
65535
65527
65510
65494
65480
65469
65357
65334
65311
65303
65257
65252
65230
65187
65181
65155
65143
65139
65100
65071
65070
65066
65049
65038
65018
64998
64958
64953
64938
64932
64848
64840
64837
64807
64803
64800
64792
64777
64772
64750
64749
64725
64703
64681
64680
64644
64642
64640
64636
64600
64587
64570
64565
64564
64529
64512
64495
64472
64471
64451
64449
64430
64424
64404
64387
64381
64302
64258
64243
64195
64169
64149
64122
64120
64101
64094
64087
64079
64072
64059
64026
64020
63993
63984
63978
63947
63856
63855
63790
63779
63764
63762
63759
63746
63744
63741
63725
63714
63698
63683
63678
63662
63652
63619
63601
63599
63592
63585
63524
63509
63464
63451
63448
63446
63434
63423
63417
63373
63370
63369
63356
63346
63327
63314
63312
63309
63305
63291
63221
63209
63207
63185
63182
63172
63157
63151
63144
63133
63127
63095
63088
63067
63063
63046
63035
63028
63027
63024
63023
63020
62993
62985
62982
62957
62917
62908
62888
62882
62877
62848
62779
62775
62757
62754
62753
62679
62664
62657
62653
62648
62643
62576
62521
62518
62478
62475
62460
62457
62453
62431
62425
62412
62382
62363
62314
62293
62255
62235
62232
62219
62211
62151
62143
62099
62063
62062
62052
62026
61990
61953
61952
61918
61888
61852
61836
61835
61814
61803
61794
61793
61758
61707
61671
61657
61631
61614
61613
61610
61585
61572
61555
61554
61550
61542
61507
61498
61483
61437
61353
61344
61310
61299
61298
61288
61267
61232
61219
61203
61202
61196
61083
61066
61059
61047
61023
60942
60933
60929
60918
60888
60841
60836
60800
60785
60771
60770
60767
60758
60689
60688
60632
60625
60618
60613
60603
60565
60552
60550
60535
60526
60510
60506
60491
60451
60444
60426
60415
60385
60367
60363
60355
60327
60296
60289
60287
60277
60258
60251
60201
60194
60176
60164
60152
60119
60104
60098
60071
60069
60038
60010
60008
59998
59997
59978
59943
59934
59930
59926
59924
59904
59896
59865
59863
59857
59829
59811
59787
59783
59752
59720
59699
59696
59681
59662
59616
59608
59580
59572
59571
59550
59542
59507
59468
59451
59424
59406
59405
59399
59384
59374
59360
59352
59349
59346
59342
59271
59238
59235
59200
59186
59144
59126
59055
59000
58990
58976
58963
58959
58954
58936
58850
58821
58810
58790
58771
58756
58735
58718
58658
58618
58613
58593
58534
58524
58504
58486
58479
58447
58425
58409
58401
58373
58358
58320
58264
58239
58221
58152
58138
58081
58039
57994
57969
57953
57940
57936
57931
57915
57839
57827
57814
57807
57799
57746
57670
57609
57606
57594
57589
57535
57531
57515
57508
57505
57475
57403
57402
57401
57399
57362
57356
57342
57336
57277
57259
57173
57167
57142
57140
57127
57106
57104
57071
57056
57028
57018
56984
56974
56956
56911
56878
56852
56851
56847
56807
56806
56771
56769
56755
56729
56723
56714
56685
56665
56640
56598
56594
56592
56575
56569
56560
56554
56528
56523
56520
56500
56497
56470
56467
56456
56446
56418
56417
56397
56393
56381
56380
56367
56338
56328
56316
56294
56271
56245
56211
56201
56196
56176
56158
56135
56125
56119
56104
56081
56053
56038
56032
56023
56007
55969
55949
55945
55943
55884
55859
55852
55836
55835
55828
55825
55821
55790
55787
55766
55764
55763
55732
55719
55704
55675
55674
55664
55640
55611
55610
55606
55603
55578
55554
55536
55529
55499
55454
55450
55423
55421
55410
55386
55355
55340
55333
55317
55314
55287
55281
55257
55243
55208
55178
55114
55093
55081
55053
54996
54990
54970
54936
54933
54916
54913
54905
54900
54824
54805
54756
54727
54723
54709
54699
54672
54597
54592
54570
54550
54509
54507
54503
54461
54418
54412
54366
54352
54348
54311
54305
54258
54242
54232
54228
54226
54200
54184
54143
54108
54075
54053
54029
54016
53987
53965
53957
53944
53918
53904
53896
53884
53877
53839
53820
53790
53788
53709
53701
53696
53671
53665
53660
53626
53604
53586
53578
53577
53567
53560
53545
53533
53525
53518
53503
53465
53436
53433
53422
53402
53387
53384
53354
53332
53326
53313
53297
53293
53261
53247
53214
53199
53195
53168
53150
53106
53099
53037
53024
53021
53010
52909
52903
52897
52894
52864
52850
52836
52806
52805
52784
52774
52772
52767
52748
52716
52651
52645
52636
52629
52624
52560
52489
52462
52461
52452
52442
52417
52413
52408
52358
52345
52330
52318
52304
52271
52229
52215
52164
52123
52078
52074
52044
52034
51943
51937
51910
51873
51848
51836
51832
51814
51790
51733
51722
51721
51706
51675
51599
51594
51562
51553
51536
51529
51522
51520
51500
51489
51477
51446
51439
51429
51403
51400
51378
51352
51338
51318
51278
51210
51202
51201
51165
51161
51139
51092
51089
51076
51067
51047
51028
51010
51008
50947
50934
50927
50921
50915
50825
50727
50705
50686
50644
50637
50602
50590
50588
50582
50568
50563
50557
50554
50551
50538
50530
50510
50508
50506
50496
50490
50486
50473
50455
50453
50444
50424
50411
50395
50372
50315
50313
50307
50252
50246
50223
50192
50188
50170
50087
50043
49948
49946
49931
49923
49875
49850
49830
49827
49816
49767
49757
49747
49733
49730
49706
49694
49680
49676
49672
49666
49614
49562
49559
49554
49551
49492
49480
49479
49466
49415
49396
49391
49373
49338
49314
49313
49312
49287
49285
49259
49255
49234
49231
49211
49199
49152
49102
49097
49093
49037
49033
49029
49004
48977
48897
48879
48868
48845
48804
48756
48747
48743
48687
48676
48659
48650
48643
48629
48626
48592
48580
48572
48564
48559
48512
48498
48414
48400
48381
48364
48349
48337
48323
48315
48314
48311
48296
48281
48244
48201
48189
48184
48166
48116
48104
48085
48077
48074
48065
48063
48052
48051
48050
48029
48021
47886
47842
47840
47818
47812
47802
47791
47782
47773
47724
47707
47694
47670
47669
47646
47602
47600
47594
47580
47574
47518
47512
47507
47494
47492
47480
47469
47451
47408
47396
47392
47362
47341
47319
47314
47312
47294
47280
47278
47272
47248
47226
47220
47203
47184
47177
47140
47117
47099
47095
47072
47070
46982
46961
46867
46811
46800
46798
46741
46730
46723
46705
46698
46665
46616
46602
46591
46529
46507
46484
46400
46379
46336
46331
46317
46259
46220
46206
46126
46102
46089
46088
46057
46026
46003
45975
45972
45942
45934
45925
45923
45883
45876
45868
45837
45815
45812
45802
45790
45773
45771
45744
45710
45673
45635
45631
45630
45623
45619
45618
45571
45554
45542
45521
45515
45488
45465
45396
45390
45371
45351
45334
45332
45310
45304
45299
45282
45277
45258
45254
45245
45234
45223
45166
45149
45142
45085
45049
45029
45006
44994
44990
44972
44969
44922
44910
44902
44895
44883
44868
44867
44855
44849
44820
44787
44777
44761
44740
44702
44701
44694
44676
44649
44641
44616
44614
44602
44588
44581
44559
44555
44517
44509
44503
44493
44471
44465
44400
44375
44367
44362
44359
44350
44334
44329
44328
44288
44268
44265
44242
44236
44209
44201
44194
44153
44134
44131
44102
44070
44008
43997
43995
43954
43953
43924
43905
43891
43890
43878
43856
43832
43830
43822
43791
43752
43735
43700
43686
43682
43655
43647
43627
43516
43500
43499
43436
43428
43403
43399
43398
43361
43355
43348
43332
43312
43307
43301
43291
43278
43277
43259
43240
43226
43200
43197
43186
43176
43154
43144
43116
43115
43111
43076
43022
43011
43001
42998
42996
42983
42980
42968
42916
42900
42858
42821
42820
42814
42799
42773
42770
42756
42720
42699
42678
42665
42609
42606
42600
42578
42502
42499
42460
42442
42415
42343
42332
42270
42247
42246
42241
42201
42186
42179
42151
42150
42136
42133
42124
42101
42056
42054
42021
42015
42011
41982
41945
41877
41874
41871
41848
41847
41814
41809
41790
41789
41781
41765
41738
41720
41604
41595
41585
41560
41541
41523
41515
41508
41503
41478
41439
41436
41430
41422
41419
41397
41393
41377
41374
41356
41346
41313
41279
41262
41248
41206
41199
41128
41091
41079
41075
41057
41055
41046
41041
41030
41003
40974
40966
40948
40892
40886
40882
40846
40829
40823
40818
40758
40728
40702
40699
40698
40693
40688
40683
40658
40653
40639
40615
40608
40561
40559
40543
40538
40536
40533
40514
40497
40467
40442
40441
40401
40389
40386
40354
40341
40339
40318
40314
40309
40306
40301
40249
40241
40238
40230
40225
40184
40161
40160
40135
40112
40100
40085
40078
39989
39952
39938
39918
39911
39910
39905
39904
39903
39858
39852
39836
39830
39787
39741
39735
39729
39719
39712
39695
39602
39593
39585
39551
39549
39547
39460
39456
39447
39440
39422
39414
39392
39385
39361
39338
39248
39190
39168
39150
39139
39116
39098
39089
39088
39085
39072
39065
39061
39040
39022
38996
38994
38991
38981
38979
38968
38956
38915
38910
38901
38886
38855
38814
38807
38794
38790
38778
38768
38763
38705
38701
38692
38669
38664
38661
38628
38607
38561
38556
38537
38519
38484
38432
38423
38408
38355
38339
38285
38258
38156
38146
38092
38049
38017
37951
37910
37893
37889
37887
37878
37876
37871
37840
37837
37834
37827
37813
37789
37776
37773
37757
37736
37727
37726
37709
37652
37572
37571
37565
37509
37464
37441
37433
37410
37391
37371
37345
37332
37311
37307
37267
37257
37247
37202
37184
37166
37154
37128
37016
36986
36978
36970
36968
36937
36928
36903
36902
36899
36882
36861
36852
36751
36741
36707
36705
36704
36659
36656
36644
36643
36619
36615
36602
36583
36559
36557
36554
36546
36405
36390
36389
36349
36338
36329
36326
36270
36265
36257
36253
36248
36247
36233
36221
36220
36210
36178
36175
36164
36163
36113
36104
36018
36016
36012
35995
35992
35987
35981
35977
35975
35957
35945
35927
35918
35907
35893
35883
35873
35872
35860
35822
35802
35795
35791
35760
35759
35738
35697
35625
35622
35610
35604
35602
35531
35500
35401
35395
35388
35356
35331
35315
35304
35295
35286
35264
35210
35202
35185
35184
35151
35086
35033
35023
35013
34982
34947
34897
34882
34865
34838
34813
34770
34758
34726
34715
34691
34686
34671
34670
34651
34649
34648
34640
34639
34617
34582
34578
34567
34554
34545
34516
34480
34474
34431
34429
34408
34327
34261
34241
34239
34224
34223
34219
34201
34188
34173
34160
34144
34113
34093
34081
34068
34062
34054
34038
33940
33924
33923
33869
33862
33857
33855
33842
33829
33753
33743
33737
33734
33732
33731
33727
33719
33715
33707
33681
33656
33642
33610
33580
33531
33528
33507
33506
33505
33502
33496
33492
33486
33471
33453
33443
33422
33405
33402
33375
33363
33361
33358
33356
33345
33331
33310
33309
33299
33290
33277
33251
33199
33198
33155
33104
33041
33035
33013
32993
32968
32955
32885
32839
32783
32753
32712
32681
32656
32647
32643
32623
32596
32533
32530
32522
32508
32478
32412
32406
32379
32371
32361
32352
32328
32314
32312
32311
32303
32276
32271
32270
32254
32250
32247
32242
32235
32228
32198
32173
32134
32044
32024
32009
32001
31951
31950
31949
31935
31861
31859
31849
31844
31809
31799
31779
31776
31757
31680
31630
31629
31627
31624
31608
31547
31546
31515
31492
31489
31473
31462
31432
31426
31409
31396
31394
31350
31321
31281
31258
31249
31202
31131
31119
31078
31075
31054
31006
30999
30995
30957
30932
30927
30899
30884
30820
30818
30810
30806
30782
30755
30739
30738
30727
30691
30670
30658
30644
30629
30608
30596
30592
30542
30524
30509
30473
30456
30433
30431
30427
30401
30396
30351
30348
30347
30332
30327
30318
30315
30290
30209
30176
30164
30162
30127
30018
30013
30010
30008
29978
29929
29915
29869
29845
29839
29825
29742
29727
29725
29721
29719
29676
29646
29629
29628
29602
29598
29590
29532
29524
29510
29504
29473
29430
29417
29382
29359
29315
29296
29270
29261
29238
29228
29214
29190
29131
29120
29110
29105
29094
29087
29085
29081
29080
29053
28991
28974
28962
28935
28900
28873
28837
28832
28814
28776
28758
28751
28726
28693
28682
28674
28644
28629
28584
28578
28489
28466
28444
28405
28404
28401
28400
28377
28329
28318
28303
28273
28267
28248
28202
28188
28180
28170
28153
28150
28139
28136
28108
28091
28078
28073
28069
28055
28047
27976
27955
27953
27936
27869
27847
27841
27840
27791
27780
27771
27768
27740
27733
27715
27696
27667
27664
27649
27640
27629
27611
27582
27570
27536
27515
27512
27496
27486
27475
27455
27447
27436
27379
27363
27327
27258
27161
27156
27153
27142
27138
27123
27086
27075
27052
26994
26887
26874
26855
26840
26829
26819
26812
26808
26805
26731
26695
26661
26652
26602
26560
26528
26514
26494
26488
26486
26440
26379
26369
26329
26314
26313
26277
26274
26251
26232
26215
26207
26169
26148
26113
26110
26097
26078
26034
25999
25986
25976
25950
25911
25895
25878
25872
25839
25835
25822
25816
25742
25737
25734
25707
25706
25687
25678
25663
25630
25606
25596
25587
25576
25562
25535
25504
25444
25430
25420
25409
25392
25391
25365
25308
25299
25292
25288
25282
25280
25269
25261
25259
25245
25238
25216
25208
25194
25156
25148
25140
25123
25104
25095
25087
25047
25042
24998
24987
24979
24956
24933
24911
24899
24889
24887
24858
24840
24822
24820
24802
24706
24683
24675
24668
24642
24616
24595
24588
24577
24550
24512
24506
24497
24493
24475
24443
24438
24362
24338
24329
24315
24307
24298
24281
24275
24261
24227
24218
24158
24114
24082
24081
24063
24052
24043
24042
24001
23977
23944
23943
23927
23911
23907
23905
23841
23726
23700
23690
23674
23601
23546
23505
23500
23493
23485
23471
23449
23435
23427
23416
23392
23391
23388
23386
23368
23336
23264
23257
23241
23179
23161
23148
23147
23129
23106
23083
23054
23046
23020
23009
23002
22980
22961
22958
22930
22926
22890
22878
22869
22861
22832
22827
22825
22766
22754
22734
22689
22675
22651
22636
22633
22564
22562
22559
22558
22541
22535
22527
22484
22477
22452
22413
22398
22389
22374
22363
22340
22339
22327
22278
22262
22222
22196
22148
22128
22096
22083
22070
22066
22063
22059
22058
22053
22038
22012
22011
22009
21976
21961
21942
21927
21924
21910
21902
21873
21847
21843
21786
21785
21781
21777
21776
21770
21756
21720
21716
21689
21669
21649
21623
21619
21597
21585
21574
21573
21566
21520
21517
21516
21479
21458
21455
21436
21433
21413
21411
21379
21361
21346
21255
21246
21238
21219
21193
21189
21176
21165
21156
21126
21120
21110
21086
21084
21064
21062
20993
20986
20965
20934
20932
20900
20885
20832
20826
20810
20796
20778
20772
20735
20705
20651
20629
20574
20500
20488
20472
20357
20333
20330
20328
20316
20313
20292
20284
20272
20164
20101
20064
20029
20016
19985
19978
19974
19958
19955
19890
19841
19838
19811
19788
19781
19771
19765
19717
19592
19542
19505
19461
19450
19440
19427
19417
19389
19347
19343
19324
19309
19284
19277
19274
19265
19225
19211
19210
19200
19165
19152
19149
19147
19100
19091
19082
19063
19061
19060
19040
19002
18985
18981
18970
18962
18957
18932
18911
18908
18901
18899
18863
18807
18794
18786
18771
18767
18752
18743
18719
18699
18676
18639
18627
18618
18546
18515
18506
18442
18434
18421
18419
18409
18394
18348
18335
18318
18316
18279
18258
18246
18230
18181
18138
18133
18109
18102
18067
18035
18012
17997
17939
17922
17909
17890
17869
17867
17853
17838
17827
17804
17797
17738
17735
17727
17661
17650
17646
17644
17634
17626
17605
17597
17591
17576
17556
17547
17519
17496
17459
17439
17392
17327
17314
17294
17269
17236
17226
17197
17166
17148
17120
17110
17098
17082
17073
17072
17023
17011
16985
16968
16961
16953
16885
16862
16860
16849
16778
16776
16767
16744
16708
16701
16684
16671
16658
16621
16617
16602
16600
16561
16509
16489
16487
16480
16430
16353
16346
16322
16319
16316
16314
16280
16240
16176
16171
16145
16094
16052
16040
16030
16024
16017
16010
15981
15979
15975
15956
15926
15912
15896
15884
15883
15875
15867
15855
15832
15803
15786
15779
15774
15729
15679
15661
15659
15579
15534
15511
15500
15493
15473
15438
15431
15422
15414
15382
15366
15346
15330
15292
15290
15287
15269
15259
15249
15239
15225
15221
15216
15167
15160
15146
15133
15094
15062
15061
15049
15040
15026
15023
15020
15006
14994
14991
14934
14904
14876
14869
14837
14835
14832
14770
14746
14730
14703
14702
14671
14625
14623
14609
14555
14520
14519
14496
14477
14449
14327
14311
14309
14299
14277
14252
14230
14190
14169
14116
14110
14064
14050
14030
14021
13990
13981
13945
13891
13871
13870
13865
13839
13834
13832
13818
13810
13764
13753
13742
13715
13712
13697
13655
13653
13637
13622
13609
13573
13549
13530
13520
13511
13459
13450
13445
13442
13429
13407
13403
13368
13345
13335
13279
13232
13226
13152
13150
13147
13129
13124
13117
13094
13032
13014
13000
12995
12967
12956
12943
12942
12865
12805
12783
12778
12777
12775
12774
12772
12766
12721
12679
12670
12668
12625
12583
12541
12540
12462
12461
12426
12424
12420
12403
12388
12377
12338
12306
12303
12248
12239
12235
12234
12223
12176
12155
12105
12080
12055
12040
11984
11972
11962
11951
11947
11939
11927
11919
11878
11864
11842
11830
11793
11783
11727
11704
11703
11700
11698
11674
11665
11656
11622
11611
11584
11580
11577
11559
11533
11522
11508
11501
11461
11457
11450
11440
11438
11436
11423
11411
11406
11348
11346
11333
11317
11308
11261
11243
11216
11210
11197
11154
11141
11110
11086
11075
11039
11033
10929
10925
10911
10869
10828
10806
10788
10781
10691
10687
10681
10651
10645
10622
10621
10602
10593
10592
10590
10565
10560
10534
10531
10521
10514
10481
10477
10468
10462
10452
10428
10426
10423
10412
10387
10372
10346
10335
10334
10330
10327
10312
10285
10283
10260
10229
10211
10196
10170
10127
10101
10096
10063
10053
10038
10009
9999
9994
9960
9909
9883
9879
9863
9853
9852
9849
9839
9832
9824
9781
9744
9734
9723
9706
9695
9671
9655
9643
9641
9625
9606
9569
9524
9458
9447
9446
9433
9401
9400
9377
9368
9334
9312
9250
9233
9200
9178
9161
9146
9136
9125
9067
9066
9048
9044
9011
9006
9003
9000
8994
8961
8948
8936
8925
8908
8889
8886
8847
8811
8776
8774
8761
8743
8738
8691
8619
8590
8565
8560
8548
8530
8512
8460
8435
8430
8411
8389
8338
8313
8246
8219
8179
8160
8158
8156
8149
8128
8088
8077
8041
8026
8023
8012
8003
8001
7997
7981
7953
7902
7900
7874
7869
7867
7853
7800
7795
7792
7757
7694
7653
7648
7637
7635
7626
7600
7585
7576
7575
7565
7562
7536
7531
7522
7460
7436
7343
7332
7299
7286
7255
7254
7238
7229
7207
7206
7202
7123
7108
7061
7051
7047
7039
7016
7014
7006
6967
6966
6942
6936
6884
6880
6876
6870
6854
6821
6797
6791
6781
6772
6763
6734
6733
6719
6715
6700
6694
6657
6609
6608
6581
6572
6570
6562
6552
6536
6526
6492
6449
6419
6389
6388
6381
6355
6316
6267
6231
6221
6203
6190
6187
6176
6173
6069
6037
6031
6029
5994
5992
5971
5927
5912
5911
5880
5857
5824
5815
5796
5787
5770
5758
5751
5739
5723
5709
5668
5662
5641
5612
5605
5589
5575
5551
5550
5533
5523
5503
5496
5459
5432
5402
5400
5226
5198
5154
5141
5139
5104
5101
5087
5083
5071
5026
4953
4939
4930
4902
4808
4805
4779
4774
4773
4751
4747
4704
4673
4667
4654
4627
4612
4607
4596
4569
4547
4474
4429
4374
4320
4242
4199
4196
4092
4050
4048
4024
4009
3922
3872
3871
3857
3848
3842
3840
3792
3762
3746
3735
3720
3678
3672
3666
3631
3625
3616
3589
3572
3550
3530
3489
3486
3471
3469
3417
3366
3361
3343
3328
3314
3302
3301
3293
3282
3268
3242
3219
3212
3185
3169
3114
3058
3040
3035
3028
3017
3016
3007
2988
2967
2925
2835
2824
2804
2784
2783
2778
2770
2763
2760
2730
2711
2687
2653
2638
2620
2615
2612
2590
2577
2571
2543
2525
2476
2428
2417
2413
2389
2339
2327
2314
2280
2276
2266
2248
2192
2168
2160
2145
2122
2087
2053
2045
2043
2032
2030
1989
1961
1952
1914
1883
1819
1813
1810
1808
1800
1799
1784
1782
1741
1732
1727
1702
1667
1662
1646
1633
1622
1612
1561
1541
1536
1523
1460
1443
1409
1407
1358
1332
1331
1320
1302
1293
1275
1254
1241
1189
1168
1135
1132
1117
1092
1087
1077
1022
1019
1010
980
973
969
956
932
930
926
892
886
874
870
862
860
839
837
819
817
803
802
785
713
711
674
671
646
636
607
511
510
479
477
425
398
362
361
350
323
262
251
237
231
180
155
153
128
60
58
45
41
39
37
22
2
16
26
27
29
44
67
77
91
107
128
138
160
183
186
195
196
203
218
225
230
240
329
345
395
397
405
431
472
484
504
518
539
548
553
567
602
605
613
644
679
704
713
724
735
809
817
835
883
917
935
953
954
972
1006
1032
1083
1098
1131
1135
1160
1177
1199
1208
1211
1213
1214
1231
1242
1263
1273
1280
1291
1297
1298
1300
1323
1380
1385
1405
1408
1413
1432
1501
1509
1515
1521
1545
1551
1561
1575
1581
1591
1593
1605
1633
1651
1672
1682
1712
1735
1741
1759
1780
1809
1811
1846
1865
1866
1930
1952
1962
1979
1991
2005
2026
2054
2082
2095
2105
2111
2117
2128
2137
2159
2168
2172
2180
2184
2227
2243
2253
2285
2306
2351
2373
2383
2428
2446
2466
2548
2558
2566
2567
2571
2587
2594
2628
2680
2682
2694
2727
2735
2736
2750
2799
2808
2819
2830
2853
2854
2888
2903
2906
2920
2936
2938
2947
2988
2992
2998
3031
3067
3071
3106
3130
3173
3206
3313
3343
3348
3365
3380
3382
3448
3473
3479
3499
3523
3528
3541
3548
3578
3585
3612
3625
3646
3657
3668
3679
3681
3690
3709
3716
3731
3767
3789
3797
3815
3842
3874
3909
3931
3947
4013
4031
4061
4072
4097
4107
4118
4126
4145
4194
4213
4215
4265
4276
4285
4321
4365
4471
4507
4532
4563
4569
4573
4593
4605
4654
4670
4672
4673
4686
4687
4722
4728
4742
4751
4771
4820
4847
4856
4872
4908
4913
4941
4949
5020
5045
5082
5092
5093
5103
5176
5180
5181
5186
5198
5202
5208
5210
5216
5217
5258
5289
5295
5326
5346
5347
5367
5368
5393
5426
5437
5441
5442
5463
5469
5509
5511
5519
5597
5601
5602
5613
5637
5641
5712
5719
5756
5761
5792
5829
5839
5847
5871
5875
5877
5921
5974
5985
6044
6050
6061
6128
6153
6154
6207
6225
6256
6284
6293
6295
6306
6320
6322
6336
6359
6365
6373
6391
6447
6453
6508
6530
6585
6599
6603
6608
6617
6622
6627
6629
6652
6654
6676
6698
6713
6777
6789
6801
6812
6813
6816
6823
6828
6840
6854
6862
6888
6892
6898
6911
6913
6931
6957
6969
6978
6988
7003
7028
7038
7063
7113
7122
7176
7177
7187
7192
7201
7216
7230
7289
7318
7325
7327
7365
7370
7377
7393
7397
7404
7409
7480
7525
7535
7549
7567
7571
7628
7635
7653
7670
7680
7700
7731
7736
7741
7745
7766
7769
7797
7875
7916
7944
7956
7959
7962
7974
7976
7981
7996
7998
8011
8012
8026
8071
8075
8091
8111
8147
8180
8181
8191
8200
8223
8225
8240
8247
8280
8288
8308
8329
8334
8346
8363
8377
8379
8386
8416
8438
8487
8495
8504
8514
8527
8540
8606
8630
8637
8671
8673
8682
8686
8690
8699
8723
8729
8791
8805
8813
8814
8822
8873
8877
8885
8941
8946
8969
8992
8998
9006
9017
9049
9083
9147
9150
9157
9184
9203
9226
9234
9249
9263
9283
9318
9341
9360
9381
9382
9406
9408
9426
9432
9437
9483
9506
9595
9610
9618
9620
9660
9672
9702
9709
9748
9776
9788
9872
9901
9905
9906
9918
9925
9952
9953
9993
9998
10004
10049
10059
10092
10116
10138
10146
10163
10188
10260
10292
10306
10352
10359
10361
10411
10414
10428
10449
10456
10538
10549
10552
10594
10610
10613
10629
10635
10713
10766
10776
10803
10827
10830
10835
10848
10881
10886
10893
10911
10917
10926
10931
10953
10990
11001
11010
11044
11094
11176
11199
11220
11278
11286
11307
11339
11340
11343
11357
11391
11393
11417
11477
11482
11505
11528
11545
11549
11588
11594
11615
11627
11655
11677
11745
11759
11775
11825
11891
11920
11941
11950
11964
11998
12006
12017
12073
12074
12075
12089
12093
12097
12117
12122
12176
12177
12198
12205
12215
12226
12230
12235
12244
12258
12294
12317
12326
12400
12408
12411
12436
12439
12456
12492
12504
12506
12512
12547
12565
12569
12582
12602
12623
12635
12642
12659
12673
12721
12730
12755
12757
12764
12771
12785
12792
12796
12821
12831
12852
12854
12880
12882
12914
12919
12922
12939
12960
12972
12989
12998
13007
13068
13079
13088
13099
13107
13112
13117
13158
13177
13209
13237
13255
13291
13297
13300
13314
13316
13328
13340
13371
13412
13421
13434
13445
13460
13477
13504
13530
13541
13543
13581
13615
13647
13659
13674
13691
13724
13772
13797
13809
13817
13825
13833
13840
13863
13895
13906
13907
13951
13996
14002
14031
14081
14099
14117
14132
14144
14152
14160
14166
14172
14193
14195
14220
14235
14276
14313
14316
14328
14333
14339
14352
14382
14397
14407
14412
14465
14481
14495
14502
14503
14517
14546
14558
14563
14564
14641
14664
14667
14691
14699
14715
14733
14741
14855
14857
14877
14919
14923
14937
14971
14987
15002
15007
15049
15060
15079
15118
15121
15146
15188
15250
15255
15298
15317
15340
15348
15368
15385
15386
15399
15421
15446
15489
15496
15521
15565
15604
15631
15633
15646
15675
15677
15726
15733
15751
15776
15785
15822
15823
15828
15835
15894
15913
15923
15925
15938
15940
15968
16035
16067
16076
16085
16108
16109
16127
16129
16130
16141
16185
16199
16201
16208
16243
16249
16262
16291
16306
16323
16346
16357
16384
16386
16389
16392
16404
16409
16457
16540
16582
16586
16599
16600
16601
16623
16633
16646
16691
16692
16694
16751
16768
16772
16782
16784
16811
16848
16849
16879
16883
16903
16909
16934
16973
17013
17067
17078
17082
17140
17174
17182
17195
17221
17226
17249
17302
17317
17336
17347
17364
17382
17448
17449
17473
17535
17552
17560
17576
17581
17593
17622
17628
17646
17662
17718
17784
17797
17814
17872
17999
18087
18119
18136
18165
18171
18174
18191
18225
18229
18261
18269
18306
18336
18365
18375
18439
18492
18514
18517
18523
18550
18614
18616
18642
18665
18681
18704
18709
18711
18714
18722
18723
18761
18777
18797
18803
18809
18891
18919
18942
18953
18969
18982
19013
19019
19025
19064
19090
19199
19212
19222
19233
19234
19241
19276
19310
19315
19332
19345
19352
19360
19363
19374
19393
19413
19464
19468
19493
19527
19558
19574
19591
19598
19640
19650
19662
19692
19713
19837
19877
19878
19930
19946
19948
19997
20058
20071
20107
20128
20191
20198
20200
20232
20235
20246
20255
20265
20274
20290
20291
20301
20303
20344
20410
20415
20417
20471
20472
20477
20479
20487
20550
20556
20580
20585
20595
20615
20657
20662
20682
20752
20785
20791
20801
20824
20827
20855
20859
20861
20873
20882
20888
20959
21001
21017
21025
21033
21041
21063
21085
21089
21100
21128
21130
21164
21215
21222
21254
21257
21274
21296
21343
21351
21352
21358
21366
21374
21384
21407
21434
21446
21468
21471
21489
21497
21506
21548
21568
21579
21616
21620
21639
21648
21657
21708
21717
21760
21783
21790
21797
21812
21838
21868
21910
21939
21996
21999
22008
22026
22056
22063
22067
22072
22078
22084
22093
22122
22154
22173
22212
22220
22234
22243
22376
22410
22417
22466
22498
22502
22624
22665
22675
22718
22757
22758
22797
22823
22870
22871
22913
22917
22925
22927
22929
22940
22943
22946
22961
22976
22983
23007
23015
23021
23031
23043
23054
23142
23153
23170
23199
23250
23253
23283
23288
23309
23310
23360
23361
23363
23398
23402
23418
23421
23472
23492
23501
23555
23562
23575
23583
23598
23643
23645
23660
23680
23686
23708
23712
23754
23756
23782
23792
23796
23802
23804
23808
23818
23874
23900
23929
23970
23983
24007
24033
24039
24061
24133
24204
24277
24280
24286
24287
24302
24303
24317
24375
24376
24402
24407
24416
24426
24448
24460
24468
24472
24493
24514
24516
24565
24577
24649
24676
24691
24699
24748
24750
24799
24809
24841
24850
24860
24880
24904
24920
24925
24954
24957
24979
25045
25053
25060
25064
25072
25089
25091
25116
25141
25171
25180
25263
25276
25349
25375
25388
25452
25453
25460
25532
25597
25628
25645
25653
25711
25730
25737
25756
25766
25802
25803
25808
25821
25859
25894
25900
25901
25965
25981
26002
26082
26101
26122
26133
26134
26150
26155
26304
26354
26427
26433
26449
26472
26515
26561
26583
26605
26622
26708
26714
26717
26784
26791
26802
26808
26822
26830
26835
26853
26857
26872
26876
26878
26932
26966
26995
27016
27021
27035
27088
27101
27105
27113
27123
27134
27139
27194
27253
27288
27307
27324
27332
27355
27362
27377
27410
27469
27499
27501
27551
27555
27557
27579
27581
27601
27612
27614
27637
27676
27711
27714
27725
27728
27751
27773
27774
27789
27794
27818
27821
27832
27859
27888
27907
27908
27961
27968
27981
27987
27994
28008
28012
28013
28016
28020
28053
28059
28083
28087
28105
28117
28122
28126
28146
28163
28174
28196
28218
28225
28239
28268
28313
28315
28319
28334
28336
28363
28405
28432
28454
28458
28460
28492
28506
28521
28536
28604
28606
28612
28618
28655
28664
28695
28698
28722
28736
28745
28794
28862
28870
28952
28968
28984
28989
28993
29006
29045
29061
29068
29088
29099
29125
29128
29159
29165
29167
29210
29248
29271
29303
29308
29326
29359
29369
29387
29405
29422
29433
29434
29441
29453
29462
29463
29472
29478
29479
29508
29530
29537
29539
29579
29603
29619
29632
29639
29646
29657
29661
29662
29683
29693
29694
29747
29768
29838
29842
29870
29902
29947
29965
29988
30011
30025
30035
30040
30163
30191
30210
30252
30287
30305
30307
30317
30342
30376
30383
30417
30439
30473
30483
30552
30556
30595
30598
30632
30635
30664
30685
30693
30749
30779
30788
30792
30829
30890
30903
30916
30932
31006
31019
31029
31038
31039
31045
31082
31123
31164
31206
31217
31228
31258
31265
31301
31304
31323
31325
31326
31358
31378
31381
31382
31383
31397
31412
31452
31508
31522
31571
31594
31629
31636
31637
31672
31688
31717
31758
31761
31823
31869
31884
31888
31910
31918
31932
31938
31939
31963
31967
31977
31978
31982
31987
31996
32010
32023
32036
32066
32072
32076
32089
32096
32103
32107
32117
32118
32124
32171
32196
32237
32271
32289
32303
32323
32327
32346
32353
32354
32371
32413
32423
32508
32510
32512
32526
32531
32535
32568
32579
32633
32644
32692
32731
32767
32791
32799
32830
32852
32867
32896
32910
32912
32941
32953
33008
33012
33070
33126
33148
33172
33174
33179
33183
33188
33203
33206
33211
33225
33232
33235
33263
33326
33355
33360
33367
33391
33402
33412
33414
33421
33442
33456
33473
33492
33499
33520
33534
33545
33549
33568
33583
33584
33610
33620
33652
33681
33700
33740
33744
33759
33763
33773
33792
33794
33829
33832
33844
33863
33878
33884
33894
33912
33970
33977
34020
34024
34034
34044
34113
34129
34149
34152
34173
34221
34255
34285
34329
34401
34403
34438
34480
34500
34502
34515
34541
34552
34568
34590
34602
34613
34643
34657
34673
34674
34697
34747
34748
34751
34766
34786
34808
34812
34829
34837
34851
34853
34862
34879
34917
34921
34931
34976
34998
35012
35016
35044
35046
35086
35093
35126
35188
35194
35214
35242
35252
35264
35267
35270
35280
35292
35326
35342
35392
35434
35445
35463
35491
35506
35514
35562
35563
35589
35592
35654
35656
35657
35690
35705
35709
35721
35750
35780
35793
35817
35822
35831
35844
35854
35856
35884
35892
35917
35929
35931
35959
35960
35964
35983
36016
36017
36038
36050
36053
36057
36059
36063
36084
36113
36123
36142
36185
36186
36221
36224
36248
36336
36337
36344
36346
36354
36382
36384
36419
36421
36438
36442
36465
36475
36494
36534
36560
36568
36626
36630
36656
36679
36698
36709
36715
36738
36780
36784
36803
36812
36822
36843
36854
36883
36906
36913
36915
36940
36951
36969
36977
37008
37074
37103
37108
37195
37225
37229
37238
37242
37302
37384
37386
37395
37400
37406
37414
37436
37444
37484
37488
37507
37508
37511
37517
37556
37587
37588
37591
37623
37648
37658
37675
37681
37715
37726
37740
37747
37749
37752
37766
37774
37792
37811
37859
37862
37886
37901
37917
37951
37954
37966
37981
38027
38048
38068
38099
38131
38141
38154
38170
38185
38190
38243
38288
38293
38302
38329
38332
38333
38338
38342
38349
38368
38374
38385
38397
38407
38427
38436
38449
38478
38486
38493
38495
38496
38530
38560
38627
38643
38667
38708
38731
38752
38812
38839
38854
38859
38885
38900
38905
38912
38921
38929
38940
38953
38956
38962
38971
38989
38991
39005
39014
39030
39063
39084
39125
39128
39140
39167
39169
39188
39206
39224
39243
39307
39322
39374
39383
39391
39394
39421
39455
39461
39494
39511
39518
39540
39541
39601
39627
39640
39724
39730
39762
39768
39783
39808
39824
39840
39843
39886
39902
39927
39930
39940
39965
39992
40006
40027
40042
40048
40051
40062
40077
40082
40087
40101
40153
40155
40191
40197
40208
40218
40221
40229
40253
40271
40289
40292
40334
40340
40388
40435
40468
40474
40518
40536
40556
40565
40573
40578
40582
40589
40593
40598
40601
40607
40611
40639
40642
40656
40693
40705
40715
40726
40730
40755
40793
40795
40802
40804
40811
40812
40827
40837
40848
40858
40917
40921
40936
40939
41000
41010
41111
41127
41131
41157
41197
41203
41213
41246
41260
41293
41312
41329
41337
41345
41393
41423
41439
41456
41487
41489
41516
41560
41596
41603
41606
41636
41637
41659
41682
41708
41709
41724
41725
41743
41772
41781
41821
41827
41846
41852
41857
41860
41871
41889
41890
41912
41928
41929
41961
41973
42019
42036
42061
42073
42154
42155
42195
42198
42270
42274
42276
42293
42296
42326
42345
42370
42377
42379
42397
42402
42437
42474
42480
42488
42499
42541
42566
42567
42570
42596
42605
42624
42649
42668
42688
42774
42887
42898
42904
42905
42907
42916
42924
42928
42929
42930
42975
43001
43018
43041
43055
43070
43087
43093
43110
43122
43140
43159
43160
43178
43200
43299
43312
43316
43367
43380
43391
43406
43408
43480
43494
43499
43500
43521
43548
43578
43586
43602
43617
43641
43660
43679
43698
43722
43732
43757
43785
43813
43819
43851
43866
43879
43887
43896
43900
43920
43926
43969
44042
44062
44064
44070
44075
44100
44104
44203
44207
44237
44240
44288
44309
44316
44328
44332
44336
44338
44341
44352
44375
44395
44423
44455
44457
44462
44465
44481
44483
44490
44505
44515
44526
44534
44572
44587
44625
44627
44639
44649
44680
44693
44697
44725
44726
44808
44812
44833
44836
44920
44929
44959
45010
45038
45096
45099
45101
45120
45122
45136
45143
45202
45203
45220
45228
45248
45269
45295
45303
45304
45306
45314
45318
45319
45346
45367
45389
45415
45420
45426
45430
45471
45553
45574
45577
45581
45600
45603
45629
45637
45657
45669
45685
45697
45704
45725
45741
45743
45793
45795
45812
45823
45824
45867
45877
45891
45903
45935
45949
45980
45985
45986
46009
46029
46047
46069
46121
46131
46133
46155
46171
46189
46233
46243
46249
46263
46282
46316
46343
46350
46438
46459
46477
46484
46498
46499
46510
46518
46521
46534
46550
46603
46642
46657
46664
46671
46680
46691
46715
46718
46750
46854
46893
46897
46931
46933
46935
46959
46962
46970
46987
47023
47031
47033
47091
47102
47111
47152
47162
47168
47179
47235
47236
47292
47296
47300
47340
47441
47449
47466
47491
47496
47508
47511
47512
47552
47566
47629
47653
47656
47678
47692
47736
47769
47788
47804
47844
47923
47950
47970
47985
48007
48011
48031
48035
48046
48050
48065
48076
48080
48115
48159
48161
48198
48208
48219
48222
48291
48293
48310
48379
48380
48388
48400
48445
48481
48483
48501
48504
48531
48539
48545
48560
48561
48630
48645
48676
48691
48700
48710
48768
48824
48848
48859
48877
48881
48941
48983
49038
49047
49061
49064
49079
49084
49110
49149
49150
49163
49223
49308
49311
49320
49415
49429
49458
49485
49489
49508
49532
49538
49634
49638
49676
49691
49712
49739
49747
49768
49780
49836
49894
49900
49905
49907
50018
50035
50065
50067
50078
50083
50085
50108
50118
50131
50140
50148
50190
50191
50228
50300
50309
50325
50332
50369
50384
50435
50440
50452
50465
50501
50510
50564
50582
50586
50595
50611
50613
50641
50642
50701
50707
50739
50790
50828
50839
50841
50851
50898
50902
50935
50940
50970
51030
51048
51054
51058
51068
51090
51091
51094
51095
51142
51149
51166
51170
51177
51180
51206
51238
51257
51317
51359
51367
51398
51463
51466
51491
51495
51524
51527
51549
51595
51601
51607
51620
51640
51654
51692
51723
51728
51731
51753
51776
51789
51797
51800
51804
51828
51856
51885
51904
51933
51940
51949
51970
52004
52033
52036
52039
52065
52067
52077
52091
52129
52157
52181
52190
52204
52232
52236
52245
52258
52330
52335
52345
52355
52370
52372
52375
52413
52433
52453
52497
52498
52518
52532
52535
52543
52579
52604
52638
52643
52670
52682
52687
52691
52747
52751
52752
52761
52792
52794
52811
52841
52844
52914
52919
52927
52938
52966
52982
53033
53041
53044
53078
53085
53094
53108
53144
53225
53233
53337
53340
53366
53372
53398
53430
53452
53454
53468
53487
53508
53585
53599
53616
53676
53680
53681
53694
53713
53725
53755
53763
53772
53776
53803
53946
53988
54006
54025
54049
54056
54063
54121
54143
54163
54182
54195
54204
54226
54227
54245
54264
54271
54275
54288
54304
54316
54318
54328
54345
54349
54350
54391
54405
54412
54424
54428
54439
54464
54490
54509
54511
54514
54537
54544
54559
54568
54574
54611
54623
54634
54676
54689
54716
54723
54730
54753
54875
54907
54912
54918
54942
54961
54964
54969
55041
55066
55114
55122
55143
55172
55209
55212
55229
55243
55280
55292
55326
55343
55409
55448
55476
55499
55537
55540
55547
55578
55584
55630
55642
55658
55675
55680
55704
55752
55767
55781
55808
55809
55821
55822
55836
55850
55860
55872
55882
55883
55884
55990
55998
56005
56024
56028
56032
56064
56069
56085
56086
56097
56110
56117
56138
56149
56159
56193
56203
56252
56282
56284
56373
56386
56405
56412
56441
56453
56465
56478
56486
56491
56495
56535
56573
56574
56579
56608
56617
56639
56649
56655
56666
56674
56730
56759
56760
56777
56796
56883
56891
56897
56920
56975
56980
56981
56982
56988
57025
57040
57041
57076
57080
57088
57102
57138
57182
57205
57206
57217
57231
57268
57273
57280
57300
57307
57336
57377
57396
57417
57440
57451
57461
57493
57514
57578
57603
57605
57655
57656
57657
57661
57675
57706
57741
57765
57771
57776
57802
57845
57852
57864
57878
57932
58030
58037
58041
58081
58100
58114
58175
58256
58262
58276
58282
58286
58294
58316
58353
58440
58441
58454
58505
58516
58523
58526
58535
58560
58611
58624
58646
58674
58689
58695
58708
58711
58741
58783
58795
58819
58854
58874
58908
58931
58933
58955
59000
59003
59014
59017
59048
59061
59062
59091
59098
59103
59116
59133
59137
59144
59164
59195
59198
59276
59277
59278
59373
59401
59437
59440
59519
59535
59540
59548
59563
59565
59573
59582
59621
59645
59672
59691
59700
59767
59771
59806
59831
59848
59871
59878
59886
59928
59939
59967
59977
60008
60022
60054
60057
60086
60096
60103
60123
60145
60173
60189
60192
60215
60241
60277
60282
60285
60292
60313
60314
60323
60400
60422
60431
60439
60449
60452
60520
60564
60567
60575
60584
60598
60602
60604
60671
60674
60692
60760
60763
60765
60776
60796
60809
60850
60888
60895
60954
60987
61031
61040
61064
61091
61111
61122
61148
61191
61209
61230
61244
61360
61392
61418
61435
61440
61454
61473
61545
61550
61557
61566
61572
61618
61645
61655
61675
61689
61745
61781
61792
61794
61796
61804
61805
61835
61847
61853
61881
61883
61887
61892
61918
61946
61958
61979
61998
62007
62079
62139
62170
62178
62191
62200
62202
62226
62234
62244
62313
62344
62346
62366
62390
62405
62408
62468
62472
62486
62526
62587
62592
62598
62601
62603
62647
62650
62727
62733
62736
62737
62773
62783
62886
62978
62988
63037
63108
63124
63177
63189
63212
63243
63251
63284
63290
63300
63311
63340
63346
63356
63383
63413
63499
63502
63510
63553
63572
63580
63610
63620
63720
63746
63748
63778
63800
63808
63810
63841
63896
63940
63967
63969
63973
63992
64004
64016
64020
64024
64057
64097
64098
64145
64146
64183
64205
64256
64302
64324
64339
64349
64361
64375
64391
64403
64407
64432
64472
64501
64502
64505
64531
64537
64552
64556
64581
64602
64604
64634
64636
64662
64669
64687
64716
64792
64800
64808
64819
64825
64837
64861
64870
64880
64897
64918
64923
64963
64991
65004
65013
65039
65075
65092
65099
65113
65119
65148
65198
65208
65238
65278
65284
65301
65309
65318
65359
65372
65385
65407
65408
65423
65441
65460
65485
65519
65525
65528
65536
65539
65541
65562
65573
65602
65608
65614
65619
65625
65653
65676
65698
65709
65713
65714
65716
65724
65731
65735
65749
65757
65768
65770
65780
65837
65896
65903
65925
65950
65965
65987
65988
65997
66005
66068
66071
66075
66076
66080
66097
66119
66156
66199
66239
66269
66271
66302
66335
66361
66424
66453
66458
66466
66471
66487
66493
66527
66540
66552
66553
66572
66595
66621
66632
66645
66656
66714
66718
66741
66743
66774
66800
66806
66833
66869
66891
66937
66968
67004
67045
67076
67077
67093
67095
67129
67137
67154
67198
67213
67216
67228
67289
67300
67326
67365
67376
67400
67416
67423
67427
67430
67461
67484
67501
67523
67532
67547
67549
67593
67594
67599
67655
67667
67673
67728
67755
67756
67772
67780
67789
67793
67854
67864
67866
67891
67919
67950
67968
68007
68028
68042
68046
68082
68085
68127
68131
68148
68157
68168
68169
68170
68180
68189
68223
68288
68310
68368
68394
68423
68432
68456
68471
68509
68520
68525
68549
68551
68567
68585
68591
68592
68607
68619
68668
68673
68675
68678
68681
68706
68751
68752
68761
68780
68824
68828
68863
68893
68895
68935
68946
68957
68964
69000
69006
69040
69076
69098
69127
69150
69158
69176
69178
69198
69202
69211
69215
69246
69253
69262
69270
69306
69322
69326
69329
69349
69361
69376
69385
69389
69391
69471
69496
69500
69528
69571
69573
69574
69576
69586
69603
69640
69649
69657
69658
69664
69668
69670
69672
69679
69690
69695
69703
69715
69727
69807
69832
69833
69842
69880
69897
69903
69911
69916
69928
69945
69969
69979
69981
69996
70004
70020
70021
70033
70039
70057
70092
70101
70142
70147
70150
70154
70182
70230
70278
70332
70373
70407
70409
70452
70458
70468
70520
70558
70562
70563
70564
70589
70602
70648
70653
70658
70678
70679
70728
70758
70761
70781
70782
70789
70802
70839
70845
70853
70870
70884
70917
70933
70943
70952
70989
70991
71024
71073
71094
71110
71126
71197
71262
71274
71289
71300
71368
71375
71389
71390
71391
71418
71429
71451
71457
71468
71498
71499
71536
71539
71542
71550
71561
71562
71572
71573
71634
71672
71677
71679
71707
71741
71766
71794
71795
71804
71817
71821
71824
71848
71863
71918
71956
71966
71989
71997
72006
72023
72029
72031
72051
72073
72080
72098
72187
72199
72217
72227
72251
72297
72341
72382
72384
72423
72450
72458
72469
72481
72491
72492
72511
72525
72540
72555
72558
72562
72572
72600
72681
72692
72714
72727
72739
72745
72784
72790
72795
72808
72810
72849
72856
72858
72869
72884
72951
72953
72954
72956
72962
72979
73029
73120
73155
73167
73174
73226
73266
73267
73268
73276
73307
73338
73384
73405
73414
73426
73434
73450
73456
73491
73493
73495
73500
73504
73522
73524
73528
73550
73555
73587
73678
73680
73684
73686
73705
73789
73798
73841
73843
73855
73863
73884
73885
73905
73917
73920
73922
73937
73957
73981
73996
74011
74019
74043
74070
74090
74099
74121
74153
74173
74211
74221
74222
74229
74245
74267
74317
74326
74333
74343
74377
74394
74408
74415
74447
74485
74518
74550
74570
74577
74590
74653
74661
74694
74718
74727
74740
74746
74775
74809
74840
74859
74862
74893
74919
74943
74958
74989
74994
75045
75051
75062
75082
75126
75131
75140
75151
75156
75160
75176
75195
75216
75234
75237
75277
75281
75282
75348
75370
75389
75396
75400
75401
75451
75455
75463
75480
75481
75489
75515
75519
75582
75584
75592
75597
75610
75622
75719
75724
75758
75785
75796
75798
75802
75874
75881
75882
75896
75908
76002
76037
76077
76112
76125
76140
76165
76198
76200
76239
76262
76270
76271
76306
76361
76404
76414
76418
76426
76463
76487
76511
76541
76579
76588
76595
76600
76612
76630
76639
76716
76722
76725
76729
76732
76735
76757
76777
76782
76808
76810
76818
76867
76882
76895
76902
76930
76936
76993
77022
77068
77079
77080
77084
77117
77119
77131
77195
77203
77218
77240
77252
77308
77320
77347
77349
77430
77453
77517
77528
77563
77567
77592
77594
77599
77609
77612
77647
77694
77725
77735
77746
77778
77784
77792
77815
77820
77833
77849
77866
77916
77921
77953
77954
77997
78033
78034
78039
78066
78113
78121
78145
78181
78190
78221
78250
78254
78308
78314
78351
78397
78422
78437
78465
78482
78484
78518
78529
78539
78559
78560
78618
78654
78681
78695
78725
78731
78755
78765
78788
78794
78806
78855
78890
78939
78941
78944
78948
78975
78979
79004
79051
79111
79146
79163
79168
79185
79187
79243
79249
79251
79255
79280
79285
79296
79300
79301
79307
79311
79335
79341
79354
79404
79416
79428
79446
79467
79503
79537
79540
79568
79575
79576
79577
79584
79624
79631
79636
79643
79644
79659
79662
79699
79761
79786
79809
79829
79831
79836
79885
79896
79929
79968
79972
k
