7991
7990
7971
7965
7933
7930
7920
7882
7876
7844
7772
7768
7756
7692
7682
7636
7629
7602
7589
7574
7573
7558
7539
7472
7471
7468
7441
7434
7415
7404
7403
7382
7369
7362
7330
7273
7260
7255
7210
7199
7158
7100
7085
7063
7052
7041
7031
6965
6918
6895
6884
6878
6872
6840
6767
6759
6729
6716
6683
6678
6654
6603
6581
6565
6524
6512
6476
6464
6423
6413
6391
6370
6364
6338
6314
6271
6268
6193
6164
6158
6154
6136
6130
6120
6093
5975
5968
5933
5914
5892
5885
5882
5857
5841
5824
5803
5801
5786
5777
5734
5732
5695
5694
5693
5690
5673
5599
5581
5579
5558
5519
5478
5475
5455
5451
5429
5423
5410
5404
5387
5371
5339
5332
5323
5321
5301
5299
5265
5247
5213
5166
5124
5093
5091
5081
5072
5060
5020
4961
4956
4952
4941
4869
4864
4831
4788
4787
4781
4779
4751
4710
4706
4704
4692
4689
4661
4648
4624
4594
4549
4469
4443
4419
4392
4387
4377
4329
4328
4326
4318
4314
4295
4268
4262
4217
4196
4179
4174
4162
4126
4120
4082
4073
4058
4029
4010
3981
3978
3973
3927
3920
3913
3910
3909
3871
3869
3867
3855
3852
3850
3785
3694
3686
3664
3652
3647
3619
3595
3560
3535
3515
3514
3465
3462
3446
3432
3408
3404
3386
3371
3363
3268
3262
3236
3229
3163
3148
3147
3144
3141
3129
3101
3087
3075
3054
3050
3041
3020
3006
2983
2966
2949
2857
2826
2822
2818
2812
2808
2772
2750
2738
2725
2698
2692
2662
2657
2656
2584
2569
2557
2494
2478
2472
2444
2427
2408
2405
2395
2392
2382
2379
2366
2349
2306
2275
2261
2247
2221
2201
2189
2175
2160
2134
2125
2114
2110
2101
2093
2089
2064
2063
2034
2033
2028
2025
2020
2013
2009
1982
1957
1905
1890
1889
1859
1856
1839
1836
1820
1816
1797
1786
1758
1752
1732
1731
1712
1707
1704
1670
1668
1648
1645
1607
1593
1566
1536
1535
1481
1460
1389
1387
1385
1380
1370
1369
1328
1312
1311
1310
1305
1290
1288
1218
1204
1133
1129
1102
1096
1081
1034
1031
1022
1020
1007
1003
992
986
920
896
874
858
830
828
824
798
735
715
708
633
614
579
575
547
546
534
504
489
485
479
477
442
390
360
347
286
250
236
197
189
187
186
182
165
124
117
108
106
91
79
11
7
8
24
28
36
65
139
142
149
179
183
213
221
231
234
236
271
294
308
312
327
339
345
401
402
418
452
504
532
538
588
591
599
604
611
636
638
691
715
738
749
754
818
822
855
888
894
896
907
931
944
984
990
1009
1022
1056
1086
1093
1262
1264
1273
1309
1331
1348
1363
1367
1386
1411
1416
1445
1450
1462
1500
1501
1550
1588
1603
1616
1618
1629
1638
1660
1667
1688
1693
1735
1740
1742
1755
1757
1763
1768
1778
1817
1819
1850
1851
1857
1874
1892
1911
1912
1929
1955
1965
1971
2036
2060
2066
2105
2118
2134
2141
2171
2180
2186
2294
2331
2347
2351
2357
2396
2419
2445
2449
2552
2627
2663
2667
2685
2695
2696
2698
2708
2749
2764
2773
2781
2799
2852
2856
2876
2884
2890
2942
2944
2945
2949
2961
2980
3007
3009
3044
3079
3093
3098
3104
3190
3201
3221
3238
3254
3265
3296
3299
3305
3307
3308
3388
3389
3399
3422
3423
3455
3510
3524
3538
3541
3550
3583
3608
3621
3647
3654
3657
3667
3678
3715
3767
3782
3801
3808
3813
3824
3846
3855
3868
3885
3894
3925
3930
3940
3965
4015
4022
4034
4038
4060
4066
4079
4080
4083
4092
4108
4193
4216
4290
4320
4326
4342
4363
4455
4550
4572
4580
4609
4615
4623
4635
4693
4695
4725
4728
4759
4783
4800
4805
4826
4835
4848
4849
4917
4926
4945
4966
4999
5029
5061
5062
5066
5071
5100
5101
5115
5149
5151
5157
5177
5189
5199
5203
5214
5224
5257
5259
5325
5329
5360
5399
5420
5454
5459
5476
5502
5537
5584
5591
5621
5664
5675
5697
5712
5766
5819
5820
5847
5888
5970
5976
5982
6019
6028
6036
6046
6093
6110
6137
6150
6156
6159
6165
6186
6224
6228
6233
6239
6241
6269
6275
6298
6300
6310
6357
6359
6361
6367
6396
6439
6440
6442
6494
6497
6514
6526
6540
6568
6584
6598
6608
6643
6703
6710
6713
6727
6735
6763
6770
6776
6777
6791
6816
6819
6839
6845
6857
6863
6874
6890
6896
6925
6935
6967
6979
6982
7006
7025
7027
7030
7039
7055
7112
7136
7158
7189
7194
7209
7214
7222
7250
7252
7270
7312
7316
7347
7369
7403
7404
7425
7448
7457
7463
7490
7557
7565
7649
7659
7673
7707
7710
7752
7757
7793
7799
7920
7922
7945
7980
7991
7996
8000
k
