9987
9982
9981
9970
9947
9942
9925
9919
9888
9838
9830
9818
9793
9786
9783
9750
9744
9741
9719
9713
9692
9687
9660
9652
9641
9621
9617
9601
9596
9579
9562
9541
9511
9509
9431
9421
9401
9367
9333
9292
9279
9250
9243
9241
9223
9216
9205
9141
9113
9093
9063
9016
8985
8919
8902
8891
8874
8852
8851
8812
8803
8799
8792
8789
8780
8763
8724
8666
8646
8644
8633
8618
8609
8598
8576
8570
8555
8495
8472
8456
8433
8406
8373
8372
8292
8251
8246
8245
8197
8178
8158
8152
8147
8141
8129
8117
8115
8088
8080
8046
8022
7987
7971
7968
7961
7939
7929
7900
7899
7835
7810
7796
7792
7775
7760
7754
7740
7736
7728
7708
7702
7671
7650
7642
7629
7615
7601
7569
7550
7486
7466
7454
7439
7436
7432
7393
7389
7348
7347
7228
7214
7183
7116
7086
7049
7044
6990
6987
6984
6977
6950
6847
6833
6813
6757
6749
6744
6720
6719
6690
6670
6653
6652
6645
6599
6588
6567
6556
6550
6544
6506
6501
6469
6420
6373
6364
6332
6315
6308
6285
6277
6272
6254
6197
6195
6160
6159
6154
6104
6096
6082
6016
6014
5982
5967
5933
5890
5863
5822
5812
5705
5650
5629
5577
5568
5535
5492
5487
5486
5476
5465
5458
5428
5427
5422
5420
5416
5412
5404
5392
5386
5371
5309
5304
5285
5277
5250
5245
5234
5232
5230
5198
5181
5159
5148
5143
5139
5137
5110
5044
5035
5014
4978
4965
4963
4956
4946
4850
4826
4817
4807
4763
4740
4731
4699
4680
4639
4618
4617
4587
4575
4561
4559
4542
4526
4520
4502
4455
4441
4417
4408
4405
4402
4401
4397
4367
4341
4316
4289
4274
4260
4252
4248
4224
4203
4194
4181
4165
4144
4107
4081
4079
4050
4018
4003
3959
3957
3951
3942
3926
3901
3900
3866
3830
3795
3784
3759
3747
3743
3658
3655
3617
3612
3574
3542
3534
3520
3490
3487
3460
3450
3416
3413
3404
3372
3366
3351
3342
3307
3306
3283
3221
3192
3183
3169
3093
3069
3064
3063
2975
2929
2925
2924
2889
2865
2781
2777
2757
2754
2733
2701
2695
2669
2625
2623
2616
2606
2576
2573
2556
2501
2465
2454
2423
2395
2364
2361
2334
2318
2305
2250
2227
2225
2169
2151
2107
2097
2073
2065
2059
2011
1988
1973
1971
1963
1943
1941
1940
1932
1914
1908
1901
1871
1864
1837
1829
1816
1809
1749
1748
1746
1727
1722
1720
1689
1661
1653
1647
1641
1623
1594
1573
1563
1508
1468
1437
1406
1401
1392
1384
1369
1351
1339
1324
1317
1295
1266
1260
1258
1245
1239
1229
1183
1172
1170
1154
1150
1144
1129
1120
1092
1091
1065
1042
983
899
896
889
881
879
861
837
822
804
792
790
776
770
763
755
739
697
631
571
552
518
480
471
414
335
324
318
308
299
270
260
248
235
215
214
211
200
185
169
167
161
157
154
142
121
119
95
92
84
69
60
57
56
52
51
24
45
64
71
73
88
99
110
157
168
171
201
202
248
257
261
265
273
286
305
324
387
410
432
433
445
460
464
482
486
492
512
515
534
546
565
567
584
592
648
671
722
759
789
845
872
894
904
909
912
947
948
950
957
971
1008
1027
1029
1032
1054
1063
1076
1077
1103
1106
1109
1114
1205
1208
1212
1227
1228
1264
1287
1329
1403
1431
1445
1462
1468
1536
1567
1571
1588
1628
1654
1660
1703
1748
1754
1790
1792
1802
1806
1838
1846
1869
1898
1910
1932
1940
1957
1982
1983
2010
2020
2024
2033
2057
2088
2097
2134
2159
2202
2228
2229
2258
2262
2267
2272
2292
2318
2322
2331
2340
2385
2420
2441
2450
2468
2498
2538
2562
2566
2582
2584
2610
2613
2620
2634
2653
2669
2696
2728
2753
2787
2874
2877
2891
2893
2917
2919
2941
2958
2963
3028
3040
3048
3075
3120
3145
3200
3202
3229
3253
3268
3279
3338
3468
3478
3490
3559
3574
3577
3609
3619
3659
3667
3674
3683
3724
3796
3799
3837
3911
3917
3933
3943
3944
4010
4016
4021
4022
4033
4037
4044
4049
4073
4091
4111
4116
4139
4229
4235
4240
4264
4266
4292
4301
4304
4308
4312
4327
4352
4369
4423
4459
4506
4522
4526
4553
4586
4645
4699
4707
4710
4713
4747
4750
4759
4766
4769
4790
4792
4796
4983
4996
4998
5010
5028
5068
5079
5103
5104
5191
5206
5218
5228
5239
5270
5297
5304
5325
5356
5393
5415
5428
5475
5493
5499
5504
5520
5523
5538
5566
5592
5604
5618
5662
5673
5675
5782
5804
5812
5814
5832
5833
5851
5875
5895
5897
5903
5905
5925
5935
5944
5947
5959
6007
6029
6058
6064
6119
6155
6170
6187
6188
6192
6220
6221
6224
6248
6264
6302
6346
6393
6396
6403
6407
6422
6448
6457
6469
6475
6490
6494
6496
6498
6499
6576
6580
6612
6618
6623
6678
6700
6709
6765
6802
6806
6842
6874
6883
6889
6895
6903
6908
6911
6957
6960
6975
6985
7045
7063
7084
7087
7108
7112
7131
7156
7201
7229
7247
7287
7331
7337
7353
7389
7415
7421
7425
7450
7454
7458
7472
7481
7492
7504
7556
7570
7598
7621
7671
7685
7705
7728
7735
7775
7779
7791
7799
7813
7822
7828
7832
7842
7858
7871
7912
7935
7937
7945
7962
8002
8011
8014
8027
8054
8113
8151
8156
8214
8215
8218
8223
8237
8238
8330
8341
8347
8352
8355
8358
8361
8363
8364
8368
8374
8439
8447
8469
8516
8528
8544
8558
8582
8584
8611
8637
8645
8679
8695
8729
8732
8735
8754
8765
8787
8797
8810
8817
8858
8859
8884
8891
8932
9046
9055
9063
9081
9094
9100
9103
9137
9146
9149
9156
9184
9198
9246
9272
9319
9353
9363
9364
9401
9408
9444
9448
9452
9454
9529
9558
9573
9628
9636
9649
9650
9660
9677
9695
9711
9731
9760
9765
9767
9771
9772
9785
9821
9822
9841
9866
9879
9902
9903
9925
9944
9959
9994
k
