39990
39982
39971
39867
39848
39794
39777
39766
39754
39746
39743
39735
39724
39711
39691
39690
39670
39631
39625
39619
39605
39581
39576
39574
39555
39548
39535
39528
39523
39429
39405
39394
39383
39379
39360
39355
39347
39332
39312
39272
39264
39211
39199
39146
39144
39135
39102
39078
39075
39056
39053
39052
39051
38942
38930
38906
38887
38879
38874
38853
38830
38825
38824
38822
38791
38769
38726
38715
38696
38687
38639
38586
38581
38577
38561
38560
38559
38545
38502
38479
38463
38441
38435
38427
38419
38409
38405
38404
38400
38385
38337
38305
38291
38276
38259
38247
38244
38227
38215
38176
38175
38127
38104
38090
38059
38050
38012
37968
37951
37940
37936
37931
37928
37906
37904
37858
37836
37816
37812
37773
37731
37662
37660
37659
37655
37652
37647
37621
37613
37612
37609
37596
37584
37581
37548
37535
37526
37505
37494
37454
37405
37401
37397
37347
37263
37222
37217
37212
37208
37198
37196
37167
37150
37138
37016
36985
36973
36942
36930
36903
36899
36872
36869
36858
36843
36832
36801
36797
36788
36786
36783
36771
36767
36756
36703
36697
36691
36683
36616
36612
36611
36595
36581
36517
36486
36455
36446
36428
36419
36391
36346
36333
36312
36305
36288
36252
36240
36218
36209
36166
36121
36087
36082
36073
36072
36045
36033
36017
36016
36008
35996
35994
35988
35981
35954
35915
35911
35895
35890
35846
35835
35826
35825
35808
35732
35668
35641
35635
35613
35589
35525
35476
35455
35454
35449
35435
35424
35414
35365
35314
35300
35283
35259
35240
35230
35205
35195
35187
35165
35128
35069
35042
35027
35023
35002
34987
34978
34971
34949
34923
34906
34905
34886
34842
34834
34826
34810
34804
34798
34780
34760
34738
34726
34720
34664
34661
34539
34500
34490
34484
34483
34399
34361
34336
34306
34304
34300
34282
34229
34227
34208
34151
34138
34133
34084
34057
34033
34020
34010
33999
33960
33940
33928
33903
33878
33850
33778
33761
33752
33747
33739
33717
33700
33698
33627
33623
33597
33564
33538
33514
33504
33447
33427
33421
33420
33419
33415
33360
33333
33330
33314
33278
33270
33252
33250
33215
33158
33147
33112
33099
33028
33016
33005
32959
32951
32934
32923
32920
32916
32908
32876
32875
32868
32857
32856
32843
32839
32788
32787
32768
32753
32749
32723
32722
32695
32690
32689
32678
32649
32647
32493
32470
32463
32454
32409
32401
32398
32373
32334
32323
32301
32288
32278
32246
32230
32229
32223
32198
32189
32150
32140
32116
32049
32021
32018
32008
31934
31907
31894
31868
31854
31804
31770
31742
31698
31697
31685
31670
31668
31658
31649
31642
31641
31640
31584
31580
31519
31517
31507
31506
31499
31483
31451
31443
31441
31434
31431
31420
31418
31381
31366
31362
31351
31329
31290
31285
31284
31211
31145
31142
31137
31067
31058
31047
31023
31002
30999
30990
30979
30974
30963
30961
30951
30907
30892
30885
30871
30867
30866
30864
30860
30840
30825
30788
30730
30697
30694
30674
30668
30642
30620
30600
30589
30575
30570
30546
30541
30484
30469
30377
30318
30295
30283
30272
30266
30235
30165
30133
30123
30088
30021
30019
30014
30003
29988
29948
29941
29924
29922
29918
29891
29884
29861
29836
29822
29805
29741
29679
29675
29662
29648
29641
29634
29548
29546
29535
29528
29524
29484
29475
29430
29415
29289
29255
29244
29232
29231
29221
29205
29195
29193
29186
29171
29164
29154
29139
29118
29087
29077
29054
29041
29039
29034
29020
29010
28988
28909
28873
28866
28861
28816
28800
28773
28754
28697
28673
28666
28664
28632
28630
28606
28604
28598
28593
28586
28574
28573
28517
28511
28475
28459
28416
28404
28401
28349
28343
28329
28301
28149
28142
28131
28117
28112
28100
28092
28081
28054
27982
27980
27973
27968
27917
27914
27906
27886
27868
27848
27838
27834
27827
27826
27767
27755
27736
27724
27698
27691
27679
27662
27656
27649
27643
27625
27609
27590
27549
27537
27517
27501
27423
27418
27361
27353
27292
27264
27253
27203
27169
27160
27139
27114
27044
27002
26986
26971
26970
26947
26937
26911
26898
26874
26873
26870
26854
26765
26736
26730
26729
26726
26663
26651
26650
26644
26562
26536
26511
26498
26493
26491
26490
26432
26421
26415
26403
26402
26400
26347
26329
26279
26236
26228
26222
26218
26211
26196
26164
26131
26123
26085
26080
26065
26052
25999
25987
25985
25978
25974
25932
25916
25858
25843
25832
25806
25803
25742
25736
25733
25689
25672
25665
25613
25575
25565
25528
25501
25454
25448
25442
25433
25428
25415
25409
25363
25355
25353
25337
25331
25290
25262
25248
25230
25220
25206
25189
25159
25123
25109
25103
25077
25071
25065
25063
25049
25047
25039
25036
25010
25007
24990
24987
24971
24966
24932
24925
24912
24898
24894
24884
24880
24824
24736
24701
24667
24618
24590
24585
24572
24539
24526
24494
24478
24423
24408
24403
24391
24386
24379
24378
24368
24351
24324
24314
24292
24288
24253
24249
24240
24173
24137
24099
24013
24009
24006
23992
23979
23949
23942
23938
23923
23876
23850
23849
23821
23810
23806
23772
23753
23742
23716
23715
23683
23658
23642
23620
23587
23581
23539
23522
23462
23434
23363
23351
23328
23314
23295
23194
23177
23175
23123
23114
23112
23105
23081
23068
23044
23019
23015
23010
22988
22966
22963
22926
22922
22900
22885
22858
22853
22814
22762
22750
22722
22680
22675
22669
22590
22565
22545
22527
22522
22515
22504
22484
22479
22464
22431
22412
22343
22332
22320
22313
22312
22306
22299
22298
22277
22264
22171
22127
22126
22081
22079
22069
22066
22034
22017
22009
22001
21999
21979
21972
21945
21932
21917
21890
21870
21863
21860
21853
21848
21835
21820
21807
21793
21779
21773
21764
21761
21706
21693
21660
21649
21636
21634
21626
21623
21609
21589
21585
21557
21536
21535
21534
21516
21499
21454
21432
21424
21417
21395
21394
21391
21385
21361
21358
21315
21304
21295
21286
21229
21224
21217
21190
21161
21153
21145
21136
21083
21065
21037
21034
21022
21020
20994
20964
20945
20932
20913
20897
20893
20848
20847
20835
20822
20821
20798
20744
20727
20661
20608
20604
20599
20561
20558
20531
20441
20406
20369
20345
20322
20319
20274
20204
20202
20182
20179
20155
20150
20124
20036
20021
20000
19968
19959
19925
19906
19904
19845
19827
19807
19743
19716
19705
19703
19691
19680
19667
19666
19655
19643
19588
19542
19514
19502
19482
19461
19458
19444
19401
19372
19338
19278
19227
19221
19199
19182
19164
19152
19146
19136
19087
19082
19078
19075
19061
19025
19016
19014
19003
18996
18988
18968
18964
18915
18908
18895
18887
18860
18801
18785
18779
18767
18736
18701
18695
18618
18574
18568
18556
18548
18544
18466
18440
18399
18396
18363
18344
18333
18299
18259
18258
18241
18230
18223
18220
18209
18180
18162
18150
18124
18089
18087
18086
18059
18023
18013
17967
17960
17885
17858
17845
17822
17818
17806
17803
17780
17749
17733
17731
17702
17697
17666
17661
17632
17595
17574
17567
17538
17505
17489
17488
17442
17391
17386
17378
17359
17340
17295
17260
17212
17198
17189
17188
17183
17163
17083
17063
17038
17030
16984
16971
16969
16935
16920
16919
16903
16892
16873
16795
16786
16764
16762
16759
16729
16718
16705
16663
16661
16660
16644
16618
16613
16609
16565
16561
16558
16552
16548
16533
16532
16517
16509
16492
16482
16480
16476
16453
16423
16410
16392
16391
16390
16363
16360
16312
16303
16302
16259
16220
16177
16164
16133
16123
16109
16101
16096
16093
16075
16060
16056
16040
15988
15951
15922
15893
15860
15859
15806
15800
15774
15756
15747
15720
15717
15708
15679
15675
15665
15635
15627
15608
15542
15531
15517
15514
15504
15502
15457
15422
15375
15357
15347
15248
15232
15227
15225
15200
15193
15144
15133
15129
15115
15091
15037
15030
15010
14951
14884
14860
14846
14818
14796
14791
14662
14651
14626
14598
14584
14581
14560
14558
14542
14526
14521
14512
14501
14476
14437
14421
14381
14325
14319
14312
14296
14277
14263
14251
14239
14236
14196
14188
14173
14131
14119
14106
14090
14074
14073
14069
14056
14031
13996
13985
13949
13917
13849
13838
13832
13818
13775
13755
13716
13682
13673
13651
13638
13613
13593
13589
13559
13551
13547
13501
13444
13400
13392
13376
13329
13323
13322
13313
13257
13247
13242
13217
13169
13045
12993
12955
12913
12902
12901
12882
12863
12845
12844
12829
12828
12783
12740
12715
12704
12698
12666
12629
12573
12567
12563
12546
12545
12534
12533
12492
12481
12430
12405
12377
12357
12350
12322
12318
12293
12257
12215
12205
12173
12136
12118
12115
12106
12097
12080
12039
12037
12020
12017
12009
11996
11955
11942
11917
11886
11855
11840
11830
11829
11827
11814
11805
11797
11779
11774
11761
11752
11695
11694
11693
11621
11597
11549
11498
11470
11466
11455
11451
11432
11428
11382
11346
11344
11336
11334
11291
11276
11275
11237
11208
11195
11152
11143
11082
11079
11069
11064
10989
10982
10930
10913
10901
10900
10844
10838
10819
10811
10798
10760
10733
10723
10694
10685
10663
10634
10624
10614
10608
10547
10541
10539
10520
10518
10509
10491
10465
10464
10438
10363
10359
10337
10329
10314
10304
10249
10246
10242
10199
10189
10187
10171
10140
10115
10083
10058
10021
9998
9956
9938
9901
9875
9831
9811
9781
9755
9745
9726
9699
9697
9672
9644
9617
9581
9574
9572
9560
9553
9546
9503
9493
9477
9470
9458
9456
9437
9418
9389
9387
9385
9380
9352
9348
9342
9338
9330
9321
9308
9302
9248
9231
9219
9217
9214
9198
9162
9159
9155
9153
9144
9124
9107
9087
9086
9067
9048
9020
9006
9005
8999
8981
8976
8971
8934
8910
8895
8873
8850
8844
8832
8828
8826
8823
8815
8797
8790
8743
8732
8731
8724
8711
8683
8653
8652
8633
8624
8598
8556
8545
8540
8531
8520
8498
8496
8491
8478
8465
8463
8426
8370
8362
8327
8302
8281
8253
8230
8227
8199
8149
8140
8134
8094
8080
8052
8041
8035
7982
7955
7947
7918
7905
7890
7885
7867
7865
7861
7842
7820
7771
7766
7746
7735
7715
7701
7684
7672
7653
7633
7626
7622
7553
7534
7526
7477
7455
7419
7414
7403
7380
7376
7349
7338
7320
7312
7310
7305
7273
7261
7173
7144
7139
7121
7090
7088
7084
7032
7010
7004
6998
6992
6961
6944
6942
6934
6930
6928
6914
6900
6879
6869
6853
6807
6798
6788
6783
6776
6759
6735
6727
6699
6687
6681
6664
6635
6588
6580
6562
6549
6477
6466
6465
6459
6428
6421
6395
6394
6367
6345
6332
6318
6287
6189
6180
6174
6172
6162
6077
6053
6042
6023
6014
6007
5988
5958
5953
5924
5906
5890
5879
5843
5840
5837
5836
5827
5814
5812
5807
5797
5767
5726
5717
5714
5689
5676
5656
5621
5619
5576
5573
5569
5562
5561
5552
5551
5550
5534
5411
5363
5352
5347
5340
5330
5295
5259
5249
5242
5214
5169
5159
5144
5142
5130
5093
5085
5071
5053
5044
5041
5039
5029
4995
4974
4968
4961
4949
4948
4896
4871
4870
4821
4812
4789
4742
4739
4731
4696
4684
4666
4661
4658
4656
4634
4607
4602
4555
4543
4534
4516
4497
4482
4480
4470
4443
4438
4430
4395
4394
4335
4314
4274
4247
4246
4239
4188
4178
4103
4075
4051
4030
4006
4002
3996
3992
3990
3943
3906
3900
3822
3821
3806
3800
3764
3716
3711
3700
3695
3668
3639
3561
3541
3526
3523
3454
3447
3435
3426
3418
3385
3341
3339
3330
3297
3279
3247
3234
3216
3199
3193
3156
3154
3150
3062
3060
3051
3026
3001
2990
2980
2931
2881
2880
2842
2837
2823
2792
2745
2695
2660
2650
2637
2620
2616
2589
2569
2562
2555
2543
2522
2514
2502
2495
2487
2472
2471
2454
2415
2414
2412
2401
2387
2358
2357
2354
2343
2308
2295
2285
2272
2255
2243
2240
2208
2206
2189
2149
2147
2104
2080
2079
2069
2021
2013
1985
1965
1949
1912
1896
1884
1850
1842
1799
1796
1778
1763
1756
1745
1694
1682
1678
1650
1647
1602
1593
1574
1572
1556
1525
1516
1510
1506
1505
1504
1495
1489
1482
1449
1437
1420
1416
1412
1410
1404
1392
1391
1377
1365
1364
1352
1296
1277
1258
1246
1212
1191
1179
1132
1114
1106
1080
1066
1063
1046
1024
1009
967
924
886
876
861
858
836
764
743
724
714
705
673
627
623
592
587
521
512
510
497
493
463
459
400
396
366
364
341
337
334
330
307
297
291
278
275
269
265
255
237
211
205
184
157
131
101
43
35
20
17
45
88
92
108
112
113
164
166
174
184
189
196
247
257
261
280
334
344
355
358
362
385
414
429
445
459
466
473
531
537
538
543
546
562
594
606
612
631
634
656
682
715
728
763
766
785
807
865
877
878
879
890
904
906
944
953
974
1004
1016
1023
1027
1048
1074
1145
1148
1150
1173
1208
1283
1296
1297
1345
1364
1391
1446
1459
1476
1484
1490
1534
1554
1561
1625
1627
1632
1699
1700
1708
1736
1746
1753
1762
1763
1780
1818
1830
1847
1851
1857
1858
1862
1874
1885
1891
1899
1906
1909
1925
1937
1938
1954
1981
1988
1991
2053
2069
2070
2079
2080
2091
2125
2126
2154
2222
2241
2251
2279
2333
2356
2371
2408
2414
2436
2466
2507
2540
2552
2568
2569
2625
2643
2693
2694
2748
2753
2798
2808
2851
2856
2925
2942
2947
2997
3039
3067
3096
3131
3167
3175
3214
3224
3227
3228
3252
3258
3298
3336
3338
3388
3410
3428
3445
3456
3464
3478
3489
3524
3533
3537
3556
3582
3588
3611
3651
3669
3778
3817
3823
3835
3869
3903
3911
3916
3919
3923
3924
3950
3973
4013
4021
4053
4105
4108
4112
4117
4129
4147
4150
4154
4179
4180
4197
4229
4230
4241
4244
4289
4306
4308
4325
4393
4425
4436
4437
4468
4482
4489
4492
4516
4532
4543
4556
4558
4570
4602
4678
4680
4694
4721
4740
4756
4778
4794
4803
4816
4823
4835
4838
4855
4863
4867
4879
4906
4912
4930
4952
4959
4970
4975
5010
5014
5027
5029
5040
5082
5102
5112
5124
5130
5180
5185
5188
5193
5225
5242
5258
5261
5265
5295
5301
5311
5319
5340
5357
5373
5390
5407
5463
5477
5529
5542
5570
5571
5575
5594
5602
5603
5611
5686
5694
5697
5703
5766
5777
5818
5839
5841
5901
5902
5922
5923
5932
5987
5999
6000
6001
6002
6022
6030
6044
6051
6088
6104
6114
6133
6147
6168
6196
6205
6206
6237
6260
6281
6298
6321
6351
6396
6403
6406
6419
6429
6453
6468
6485
6504
6531
6555
6560
6611
6620
6644
6658
6659
6665
6684
6689
6697
6717
6760
6764
6766
6782
6789
6821
6824
6880
6899
6908
6941
6945
6957
6990
7037
7041
7109
7130
7139
7142
7147
7153
7166
7185
7194
7201
7203
7215
7231
7241
7259
7282
7284
7300
7304
7311
7360
7367
7379
7399
7423
7465
7488
7491
7496
7502
7509
7557
7566
7568
7587
7595
7641
7704
7705
7739
7746
7749
7756
7833
7868
7877
7939
7950
7975
7983
8003
8025
8049
8050
8069
8093
8181
8185
8199
8216
8259
8268
8279
8297
8301
8335
8336
8373
8389
8399
8410
8411
8427
8432
8446
8453
8475
8488
8497
8505
8531
8557
8559
8583
8597
8618
8696
8704
8764
8769
8782
8784
8798
8800
8803
8816
8834
8841
8869
8871
8906
8909
8974
8999
9019
9025
9040
9047
9131
9148
9207
9263
9268
9287
9306
9378
9431
9448
9500
9559
9569
9578
9582
9617
9646
9657
9659
9691
9710
9717
9735
9742
9765
9775
9787
9836
9850
9867
9885
9894
9898
9902
9919
9949
9970
9971
9986
10003
10020
10027
10052
10065
10074
10086
10089
10115
10138
10147
10151
10173
10177
10193
10221
10229
10260
10276
10323
10370
10377
10418
10478
10487
10510
10537
10540
10579
10597
10602
10612
10624
10631
10658
10659
10667
10669
10690
10697
10704
10727
10729
10750
10761
10784
10785
10787
10794
10834
10850
10860
10871
10873
10894
10901
10922
10951
10995
11000
11007
11030
11032
11109
11136
11139
11146
11148
11158
11211
11219
11224
11233
11247
11273
11308
11350
11365
11404
11437
11463
11466
11495
11523
11528
11534
11550
11559
11568
11584
11612
11736
11771
11792
11801
11802
11808
11858
11867
11899
11937
11949
11959
11971
11983
11984
11999
12037
12050
12070
12081
12091
12110
12115
12124
12156
12171
12183
12196
12207
12221
12241
12266
12286
12294
12298
12311
12327
12353
12368
12404
12408
12420
12424
12440
12475
12501
12504
12509
12511
12563
12607
12610
12639
12664
12673
12757
12758
12764
12795
12798
12814
12815
12826
12830
12892
12919
12936
12951
12953
12985
13020
13069
13112
13117
13119
13186
13192
13229
13249
13260
13311
13322
13342
13345
13363
13368
13375
13395
13428
13438
13454
13476
13501
13504
13571
13589
13606
13621
13628
13636
13649
13654
13669
13710
13714
13720
13875
13913
13922
13925
13967
13979
14006
14023
14028
14191
14213
14303
14310
14311
14316
14324
14358
14376
14449
14452
14477
14485
14493
14580
14600
14632
14643
14651
14668
14680
14693
14697
14729
14813
14819
14845
14863
14881
14899
14926
14937
14938
14941
14948
14983
15015
15021
15028
15064
15070
15094
15102
15118
15203
15231
15262
15279
15287
15292
15311
15349
15369
15381
15416
15433
15464
15470
15483
15501
15503
15514
15547
15573
15585
15600
15620
15659
15676
15678
15684
15715
15737
15766
15775
15779
15784
15882
15887
15927
15935
15938
15970
15980
15996
16027
16064
16077
16087
16090
16101
16142
16146
16163
16184
16189
16211
16214
16221
16234
16250
16254
16282
16293
16305
16317
16332
16336
16342
16353
16368
16380
16446
16455
16481
16516
16553
16566
16593
16612
16624
16640
16647
16663
16668
16671
16717
16729
16746
16747
16760
16767
16785
16808
16823
16865
16888
16889
16898
16903
16921
17009
17053
17056
17092
17112
17122
17129
17179
17186
17198
17202
17211
17259
17262
17314
17323
17326
17352
17358
17374
17376
17378
17409
17450
17472
17473
17489
17511
17516
17524
17545
17549
17615
17636
17675
17756
17803
17812
17818
17832
17846
17854
17862
17894
17922
17931
17964
17977
17979
17981
18010
18039
18049
18051
18056
18086
18108
18228
18234
18235
18271
18334
18348
18351
18388
18481
18490
18491
18528
18550
18582
18586
18618
18676
18689
18691
18693
18699
18715
18742
18747
18777
18782
18828
18830
18842
18845
18884
18925
18926
18930
18937
18943
18945
18990
19028
19031
19037
19113
19148
19161
19210
19213
19219
19220
19275
19292
19357
19359
19439
19455
19466
19472
19487
19520
19521
19538
19541
19556
19580
19585
19655
19659
19671
19700
19716
19763
19777
19783
19829
19859
19882
19896
19906
19918
19959
20014
20024
20045
20065
20085
20102
20118
20124
20129
20192
20257
20269
20288
20331
20372
20417
20421
20435
20441
20445
20450
20486
20488
20489
20491
20537
20580
20617
20632
20671
20679
20716
20746
20799
20825
20850
20851
20855
20857
20861
20892
20908
20929
20930
20935
20958
21050
21061
21116
21118
21134
21179
21234
21271
21335
21351
21377
21397
21407
21438
21441
21479
21484
21489
21496
21510
21546
21556
21573
21608
21625
21632
21647
21671
21694
21719
21747
21761
21791
21792
21811
21814
21839
21878
21902
21917
21972
21976
22034
22068
22087
22090
22105
22110
22138
22169
22180
22205
22215
22216
22260
22303
22363
22425
22438
22462
22485
22503
22533
22563
22583
22617
22618
22695
22702
22711
22802
22827
22857
22916
22924
22933
22964
22973
22998
23005
23042
23078
23100
23121
23142
23163
23165
23166
23225
23236
23260
23262
23296
23317
23330
23331
23352
23376
23378
23384
23396
23397
23425
23455
23472
23482
23507
23526
23532
23556
23590
23594
23655
23668
23673
23702
23710
23727
23736
23765
23805
23841
23850
23852
23860
23869
23889
23906
23920
24003
24004
24010
24032
24038
24039
24065
24075
24118
24131
24142
24173
24178
24204
24223
24231
24235
24262
24286
24317
24323
24324
24347
24363
24421
24460
24465
24476
24522
24523
24538
24541
24599
24611
24614
24623
24624
24632
24676
24697
24711
24731
24732
24737
24769
24779
24789
24798
24799
24804
24852
24929
24988
25017
25024
25028
25046
25049
25058
25080
25114
25123
25149
25160
25181
25203
25208
25223
25224
25236
25246
25308
25318
25323
25333
25372
25417
25446
25457
25500
25549
25577
25578
25580
25587
25601
25602
25700
25713
25749
25822
25834
25836
25846
25869
25878
25888
25897
25920
25929
25933
25939
25949
25955
25962
25969
25979
25994
26034
26040
26044
26072
26102
26149
26161
26164
26196
26245
26260
26292
26295
26300
26307
26320
26382
26405
26417
26436
26455
26484
26487
26500
26521
26530
26533
26575
26592
26598
26610
26627
26639
26654
26663
26664
26673
26715
26770
26791
26801
26822
26866
26875
26879
26887
26894
26935
26938
26947
26979
27012
27013
27024
27025
27053
27066
27082
27224
27283
27311
27392
27397
27404
27420
27434
27439
27477
27506
27518
27525
27550
27579
27582
27619
27652
27667
27690
27693
27792
27820
27829
27846
27877
27911
27915
27933
27955
27993
27994
28012
28016
28029
28054
28082
28143
28170
28179
28196
28240
28261
28310
28313
28331
28350
28519
28521
28546
28575
28608
28610
28678
28691
28703
28704
28713
28721
28723
28742
28760
28779
28802
28803
28808
28814
28826
28830
28831
28845
28846
28879
28925
28927
28936
28974
28996
28999
29056
29062
29079
29094
29149
29164
29171
29173
29176
29197
29216
29239
29244
29253
29266
29281
29318
29330
29350
29353
29393
29431
29435
29467
29485
29505
29507
29545
29608
29616
29619
29639
29682
29687
29697
29715
29721
29748
29755
29762
29763
29789
29802
29815
29826
29833
29841
29857
29866
29878
29897
29912
29919
29936
29980
30063
30101
30130
30136
30157
30167
30184
30189
30203
30231
30259
30311
30324
30328
30336
30350
30369
30442
30443
30450
30471
30478
30501
30502
30518
30527
30555
30564
30569
30577
30593
30629
30658
30680
30706
30723
30747
30749
30791
30820
30871
30894
30922
30933
30940
30947
30949
30958
30975
30985
30992
31026
31057
31067
31076
31090
31092
31094
31100
31112
31114
31127
31132
31168
31203
31213
31219
31230
31235
31274
31285
31364
31405
31418
31432
31449
31477
31483
31602
31605
31608
31612
31622
31623
31677
31733
31762
31802
31817
31833
31843
31855
31871
31886
31921
31945
32023
32030
32032
32044
32045
32050
32060
32063
32124
32137
32140
32141
32144
32162
32240
32267
32274
32299
32314
32332
32334
32337
32343
32349
32395
32396
32408
32419
32423
32436
32446
32455
32463
32467
32532
32538
32631
32681
32689
32706
32721
32726
32728
32780
32782
32816
32819
32827
32833
32850
32863
32902
32967
32988
32991
33004
33009
33022
33030
33050
33081
33085
33115
33128
33141
33150
33154
33156
33163
33192
33251
33288
33341
33357
33358
33391
33403
33411
33426
33467
33483
33491
33496
33513
33514
33540
33563
33588
33591
33614
33633
33641
33656
33684
33689
33697
33699
33705
33727
33730
33732
33742
33798
33806
33838
33842
33847
33861
33883
33908
33917
33925
33927
33938
33954
33970
33977
34008
34023
34052
34079
34085
34088
34103
34118
34123
34132
34135
34147
34187
34217
34219
34230
34263
34266
34281
34339
34340
34369
34391
34392
34398
34403
34457
34489
34493
34498
34502
34519
34520
34538
34542
34557
34608
34638
34714
34718
34771
34867
34877
34885
34910
34916
34931
34964
34995
35006
35033
35040
35048
35142
35148
35184
35186
35209
35214
35222
35235
35260
35268
35282
35296
35298
35325
35337
35349
35350
35390
35395
35399
35401
35432
35441
35461
35484
35552
35563
35576
35579
35583
35614
35650
35652
35654
35689
35694
35709
35719
35757
35791
35843
35865
35901
35903
35909
35939
35940
35944
35954
35981
35983
35986
35987
36020
36024
36043
36048
36051
36072
36087
36107
36117
36120
36173
36199
36203
36235
36241
36265
36270
36282
36287
36310
36326
36385
36441
36458
36523
36561
36562
36616
36620
36629
36632
36638
36729
36733
36738
36765
36784
36802
36807
36810
36914
36932
36964
36970
36974
37001
37003
37006
37011
37030
37050
37058
37066
37070
37087
37139
37153
37204
37227
37234
37243
37247
37248
37275
37357
37377
37440
37452
37496
37510
37511
37522
37530
37531
37536
37548
37601
37622
37685
37713
37779
37803
37809
37826
37835
37872
37881
37903
37938
37952
38001
38064
38084
38090
38095
38124
38127
38141
38176
38199
38201
38222
38226
38239
38248
38251
38268
38270
38283
38319
38329
38338
38341
38351
38358
38367
38375
38380
38422
38426
38433
38438
38452
38458
38471
38485
38562
38591
38618
38624
38628
38719
38732
38776
38798
38850
38855
38873
38880
38895
38914
38972
38979
38993
38996
39022
39084
39117
39148
39150
39171
39174
39188
39251
39268
39269
39285
39291
39318
39345
39353
39360
39361
39383
39406
39408
39410
39412
39418
39473
39481
39485
39496
39500
39512
39519
39533
39538
39545
39557
39590
39591
39594
39598
39599
39600
39609
39632
39637
39663
39692
39706
39795
39806
39827
39837
39856
39877
39908
39918
39960
39985
k
