99956
99904
99894
99886
99860
99855
99851
99834
99832
99822
99818
99794
99793
99789
99785
99771
99762
99748
99735
99726
99680
99649
99644
99633
99607
99551
99516
99502
99494
99477
99472
99431
99379
99368
99362
99360
99353
99336
99292
99231
99223
99213
99205
99174
99173
99159
99149
99126
99110
99036
99018
99006
98993
98981
98965
98946
98927
98905
98839
98823
98806
98803
98799
98787
98786
98785
98782
98755
98715
98702
98697
98657
98611
98600
98591
98567
98535
98503
98439
98419
98374
98341
98314
98291
98259
98170
98166
98164
98158
98155
98149
98146
98095
98082
98032
98025
98018
98003
97996
97944
97907
97868
97867
97843
97827
97812
97802
97774
97724
97694
97690
97662
97659
97622
97616
97561
97558
97556
97515
97474
97454
97409
97376
97370
97367
97306
97302
97279
97273
97216
97203
97188
97176
97175
97165
97163
97150
97110
97094
97068
97056
97036
97030
97019
96993
96936
96914
96887
96870
96865
96848
96837
96822
96820
96803
96802
96799
96783
96770
96733
96660
96652
96631
96603
96600
96592
96584
96578
96545
96530
96506
96486
96446
96445
96401
96386
96384
96378
96362
96317
96278
96273
96271
96268
96248
96238
96176
96174
96172
96158
96156
96155
96138
96125
96088
96036
95987
95946
95932
95887
95860
95858
95800
95799
95789
95780
95757
95754
95748
95722
95703
95665
95659
95650
95648
95647
95583
95560
95554
95548
95511
95498
95492
95491
95486
95450
95431
95399
95345
95343
95326
95305
95274
95273
95246
95201
95187
95171
95168
95153
95152
95121
95096
95095
95077
95070
95067
95063
95052
95045
95033
95005
94993
94955
94953
94924
94901
94869
94856
94830
94810
94805
94800
94788
94772
94737
94735
94726
94703
94695
94672
94664
94607
94606
94603
94601
94599
94591
94581
94574
94517
94514
94475
94472
94469
94452
94366
94360
94350
94309
94288
94257
94237
94231
94215
94211
94188
94173
94161
94133
94128
94117
94105
94100
94098
94097
94062
94043
94038
93986
93976
93975
93961
93957
93956
93911
93881
93876
93854
93840
93830
93826
93815
93774
93772
93761
93740
93739
93710
93704
93612
93562
93545
93519
93459
93456
93433
93421
93382
93375
93361
93350
93349
93325
93295
93282
93280
93249
93232
93224
93211
93207
93179
93174
93167
93125
93113
93111
93041
93020
93019
93018
92997
92972
92954
92919
92909
92859
92848
92844
92838
92835
92810
92778
92773
92751
92712
92697
92694
92679
92652
92636
92613
92607
92592
92576
92560
92546
92521
92506
92476
92456
92407
92405
92397
92375
92367
92357
92339
92314
92296
92295
92270
92267
92249
92156
92058
92016
92005
91996
91994
91986
91980
91979
91965
91931
91923
91917
91913
91897
91895
91894
91889
91865
91835
91813
91809
91799
91773
91762
91742
91739
91701
91649
91647
91624
91623
91597
91595
91584
91556
91543
91528
91505
91501
91464
91448
91429
91418
91406
91403
91393
91349
91335
91270
91261
91258
91249
91181
91159
91154
91119
91096
91081
91038
90986
90977
90970
90953
90935
90915
90909
90908
90906
90901
90889
90876
90871
90851
90813
90807
90799
90788
90786
90778
90771
90768
90759
90743
90736
90704
90688
90682
90661
90648
90622
90615
90613
90602
90599
90593
90574
90570
90569
90518
90515
90513
90486
90453
90445
90438
90427
90403
90395
90377
90369
90312
90300
90284
90283
90277
90256
90250
90234
90222
90220
90190
90188
90149
90147
90142
90135
90124
90114
90113
90102
90084
90069
90068
90031
90030
90014
90011
90007
89998
89985
89961
89900
89868
89846
89844
89789
89782
89773
89772
89746
89673
89669
89651
89622
89615
89609
89586
89585
89579
89577
89576
89573
89535
89529
89493
89451
89450
89413
89405
89396
89395
89393
89377
89362
89361
89347
89341
89302
89297
89295
89276
89252
89227
89216
89156
89153
89106
89099
89095
89067
89048
89035
89006
89003
88982
88961
88950
88945
88895
88883
88861
88847
88837
88819
88793
88739
88697
88695
88679
88669
88661
88630
88629
88616
88573
88540
88538
88517
88482
88481
88477
88455
88400
88360
88359
88305
88285
88266
88247
88224
88213
88190
88154
88153
88148
88142
88115
88102
88095
88059
88055
88037
88021
88010
87953
87946
87945
87920
87890
87886
87844
87843
87830
87795
87709
87706
87639
87621
87578
87565
87487
87462
87453
87438
87434
87417
87379
87363
87357
87325
87280
87276
87260
87245
87241
87213
87202
87190
87157
87079
86938
86937
86918
86911
86897
86865
86857
86849
86834
86793
86779
86765
86757
86734
86633
86577
86528
86443
86404
86361
86357
86309
86288
86284
86273
86232
86200
86188
86155
86148
86093
86063
86056
86042
86012
85987
85959
85951
85917
85904
85897
85896
85866
85865
85860
85709
85683
85673
85652
85616
85613
85587
85564
85537
85479
85439
85434
85395
85392
85378
85372
85367
85337
85335
85306
85286
85271
85248
85229
85206
85184
85162
85125
85109
85102
85101
85043
85000
84985
84960
84926
84902
84882
84871
84840
84836
84807
84773
84766
84744
84741
84739
84728
84688
84675
84604
84601
84588
84581
84564
84470
84427
84418
84384
84380
84364
84349
84272
84239
84218
84177
84163
84131
84121
84089
84086
84044
84010
84000
83980
83964
83950
83927
83916
83900
83861
83854
83851
83840
83805
83783
83776
83764
83763
83745
83720
83660
83640
83610
83598
83558
83490
83464
83445
83442
83437
83344
83337
83323
83317
83295
83293
83276
83258
83212
83210
83178
83132
83099
83094
83059
83036
83023
83014
82988
82965
82856
82800
82794
82775
82771
82718
82683
82653
82624
82602
82563
82546
82527
82456
82398
82376
82355
82331
82320
82310
82274
82270
82259
82246
82235
82222
82215
82210
82208
82187
82132
82125
82123
82116
82084
82081
82051
82048
82029
81998
81983
81972
81953
81937
81904
81845
81823
81820
81786
81776
81749
81723
81718
81713
81699
81687
81676
81650
81646
81620
81617
81612
81610
81609
81594
81591
81556
81554
81531
81526
81522
81521
81486
81440
81439
81428
81424
81389
81364
81353
81329
81326
81317
81316
81314
81310
81306
81291
81272
81255
81198
81180
81156
81148
81143
81139
81131
81129
81112
81108
81069
81031
81005
81003
80921
80905
80889
80857
80844
80828
80825
80815
80767
80756
80704
80695
80686
80659
80617
80585
80580
80565
80541
80491
80475
80462
80454
80435
80416
80404
80377
80368
80358
80355
80351
80349
80320
80271
80270
80269
80178
80148
80139
80128
80124
80080
80069
80042
80041
80033
80025
80009
80003
79998
79988
79970
79907
79905
79903
79883
79873
79858
79826
79825
79774
79773
79733
79672
79661
79612
79609
79604
79599
79589
79575
79550
79521
79457
79433
79425
79406
79357
79356
79351
79338
79306
79299
79289
79271
79243
79201
79187
79161
79131
79120
79104
79077
79069
79043
79033
79029
79023
78963
78959
78933
78924
78922
78905
78891
78889
78884
78879
78846
78811
78803
78783
78769
78752
78742
78729
78721
78706
78634
78600
78578
78567
78563
78562
78560
78549
78528
78504
78465
78464
78460
78417
78412
78409
78390
78378
78364
78346
78345
78331
78281
78279
78259
78209
78132
78108
78074
78066
78040
78024
78015
78014
78007
77990
77961
77956
77907
77879
77863
77853
77847
77806
77799
77793
77764
77754
77732
77702
77701
77695
77678
77651
77627
77621
77618
77591
77574
77572
77555
77552
77542
77539
77491
77489
77470
77428
77418
77407
77397
77395
77389
77369
77356
77331
77322
77297
77287
77250
77209
77178
77154
77136
77131
77129
77120
77085
77057
77001
76981
76964
76942
76935
76921
76918
76909
76907
76903
76898
76886
76876
76844
76838
76828
76822
76796
76793
76783
76753
76742
76741
76687
76683
76663
76635
76620
76603
76591
76589
76579
76565
76560
76534
76491
76489
76440
76404
76390
76354
76333
76283
76275
76269
76268
76254
76244
76240
76214
76172
76132
76124
76121
76119
76088
76044
76015
76003
75937
75926
75907
75882
75837
75815
75773
75745
75739
75736
75701
75667
75657
75652
75600
75590
75582
75564
75535
75531
75498
75463
75427
75413
75400
75399
75394
75383
75380
75368
75360
75350
75334
75325
75306
75286
75261
75208
75191
75178
75173
75165
75141
75128
75068
75008
74972
74928
74889
74861
74857
74805
74796
74773
74753
74747
74729
74694
74655
74635
74633
74628
74618
74605
74576
74573
74545
74528
74522
74510
74474
74470
74467
74466
74452
74441
74431
74429
74399
74352
74345
74316
74275
74259
74227
74192
74177
74158
74153
74151
74143
74137
74127
74118
74043
74041
74035
74020
73985
73984
73944
73877
73865
73831
73807
73773
73768
73766
73748
73670
73664
73640
73612
73608
73599
73579
73569
73558
73472
73454
73447
73380
73343
73335
73334
73330
73319
73302
73282
73226
73223
73175
73149
73133
73091
73009
72992
72967
72952
72908
72832
72816
72794
72780
72779
72766
72754
72745
72716
72659
72627
72626
72624
72621
72619
72615
72591
72587
72583
72580
72533
72527
72515
72500
72464
72450
72445
72436
72346
72305
72279
72251
72217
72193
72191
72147
72139
72135
72103
72080
72076
72075
72061
72056
72047
72044
72010
72006
72000
71949
71944
71930
71926
71918
71909
71722
71720
71717
71699
71696
71682
71675
71664
71657
71628
71617
71582
71554
71536
71525
71521
71512
71498
71492
71484
71478
71475
71402
71365
71340
71314
71293
71284
71240
71225
71190
71184
71183
71158
71138
71085
71059
71058
71044
71026
71013
70997
70992
70984
70975
70962
70924
70910
70873
70866
70855
70847
70839
70781
70773
70751
70708
70707
70703
70699
70662
70645
70601
70575
70488
70478
70454
70448
70442
70438
70429
70408
70393
70355
70354
70347
70341
70339
70323
70316
70292
70257
70238
70226
70219
70173
70166
70150
70147
70121
70075
70044
69967
69956
69950
69940
69937
69883
69869
69852
69827
69811
69802
69795
69790
69785
69766
69762
69749
69748
69702
69701
69635
69631
69614
69608
69604
69576
69552
69530
69519
69512
69502
69485
69469
69452
69419
69405
69404
69391
69382
69372
69363
69320
69317
69290
69289
69285
69280
69272
69260
69241
69238
69227
69218
69158
69147
69111
69087
69021
68948
68936
68909
68895
68891
68844
68821
68812
68789
68778
68765
68747
68725
68717
68707
68621
68608
68552
68545
68527
68500
68460
68444
68441
68439
68413
68410
68396
68395
68384
68370
68366
68362
68334
68318
68303
68297
68260
68251
68215
68184
68176
68170
68167
68112
68056
68055
68048
68041
68040
68031
68000
67964
67922
67856
67851
67821
67808
67759
67742
67730
67710
67706
67704
67689
67677
67642
67618
67580
67536
67523
67511
67489
67479
67474
67449
67438
67432
67415
67403
67393
67358
67345
67311
67310
67298
67289
67288
67276
67201
67179
67148
67145
67122
67108
67105
67091
67070
67066
67062
67052
67027
67001
66970
66950
66860
66854
66846
66826
66823
66810
66759
66721
66679
66645
66632
66595
66581
66563
66551
66498
66493
66479
66465
66443
66442
66399
66325
66291
66285
66284
66243
66219
66191
66182
66084
66077
66025
66002
65989
65983
65966
65926
65916
65910
65871
65870
65834
65832
65816
65812
65739
65723
65713
65699
65693
65676
65651
65637
65603
65591
65567
65543
65447
65442
65403
65360
65344
65313
65282
65265
65263
65233
65223
65199
65170
65165
65162
65154
65153
65144
65135
65122
65106
65086
65076
65073
65051
65042
65029
65025
65017
64934
64932
64904
64856
64852
64844
64773
64769
64721
64716
64687
64675
64618
64609
64603
64599
64459
64451
64426
64402
64373
64370
64347
64339
64335
64331
64298
64289
64284
64281
64271
64263
64215
64204
64203
64184
64121
64116
64104
64031
64007
63994
63960
63932
63920
63915
63889
63869
63862
63824
63815
63793
63730
63700
63687
63676
63662
63652
63651
63626
63614
63611
63583
63578
63554
63553
63518
63514
63438
63433
63428
63391
63383
63377
63343
63341
63340
63330
63311
63303
63292
63273
63256
63157
63137
63126
63114
63110
63091
63090
63081
63075
63059
63031
62998
62994
62988
62983
62980
62973
62962
62923
62903
62870
62812
62803
62792
62759
62757
62743
62742
62711
62694
62661
62642
62634
62611
62608
62607
62589
62580
62548
62510
62505
62504
62487
62480
62457
62435
62423
62397
62393
62323
62306
62281
62215
62210
62157
62155
62136
62009
61979
61949
61918
61910
61893
61889
61875
61870
61864
61834
61792
61788
61779
61756
61645
61643
61621
61610
61588
61587
61574
61528
61525
61506
61498
61486
61431
61425
61414
61354
61319
61308
61302
61299
61273
61213
61210
61203
61192
61121
61098
61078
61066
61030
61004
60933
60894
60868
60867
60864
60832
60795
60780
60777
60748
60734
60713
60712
60662
60656
60653
60637
60616
60615
60609
60527
60522
60501
60497
60490
60465
60461
60423
60420
60417
60378
60373
60370
60369
60285
60280
60247
60225
60221
60197
60193
60188
60187
60157
60149
60142
60129
60124
60119
60112
60107
60066
59998
59923
59912
59877
59835
59824
59759
59697
59651
59622
59620
59584
59574
59568
59549
59525
59511
59480
59470
59461
59456
59426
59407
59405
59389
59386
59383
59358
59342
59328
59302
59297
59280
59247
59228
59221
59202
59191
59125
59107
59103
59100
59082
59032
59024
58946
58931
58919
58815
58787
58743
58738
58718
58708
58702
58688
58683
58663
58657
58648
58647
58590
58589
58584
58575
58571
58569
58545
58542
58500
58476
58462
58454
58453
58446
58435
58428
58424
58409
58407
58373
58356
58344
58323
58306
58233
58159
58154
58129
58089
58087
58058
58043
58031
58002
57992
57971
57931
57922
57908
57888
57869
57868
57835
57774
57772
57762
57714
57685
57679
57654
57639
57571
57562
57511
57506
57496
57491
57470
57424
57407
57380
57374
57362
57328
57323
57311
57303
57281
57253
57241
57238
57214
57185
57114
57107
57102
57084
57072
57068
57065
57037
57023
57022
57020
57011
57007
56955
56946
56935
56930
56879
56873
56868
56866
56853
56833
56770
56698
56673
56671
56620
56618
56617
56592
56580
56566
56530
56486
56460
56446
56435
56418
56389
56378
56363
56354
56347
56344
56309
56302
56298
56275
56270
56253
56246
56221
56218
56128
56114
56108
56046
56037
56018
55988
55987
55957
55949
55929
55907
55905
55901
55894
55889
55857
55848
55843
55803
55801
55778
55724
55723
55706
55679
55647
55637
55631
55611
55610
55584
55578
55552
55542
55541
55522
55520
55474
55472
55375
55358
55331
55329
55321
55284
55270
55257
55249
55223
55217
55216
55205
55179
55175
55170
55157
55146
55136
55091
55079
55052
55038
54998
54986
54974
54949
54942
54933
54923
54912
54910
54900
54887
54879
54846
54823
54821
54794
54729
54725
54720
54663
54653
54615
54602
54597
54574
54558
54546
54542
54533
54526
54502
54493
54450
54430
54419
54400
54389
54375
54356
54346
54339
54321
54306
54298
54276
54268
54226
54164
54162
54120
54115
54087
54069
54062
54056
54048
54044
54027
54026
53976
53973
53950
53913
53895
53894
53892
53881
53847
53835
53821
53805
53793
53786
53766
53762
53752
53734
53728
53650
53611
53598
53558
53512
53509
53500
53475
53473
53433
53395
53336
53317
53313
53300
53297
53264
53256
53254
53227
53187
53181
53174
53150
53133
53110
53107
53086
53063
53045
53040
53034
53009
53002
52958
52943
52916
52913
52881
52837
52833
52815
52810
52799
52793
52791
52767
52752
52742
52723
52703
52648
52627
52602
52573
52554
52551
52493
52467
52371
52358
52356
52301
52207
52195
52180
52158
52152
52131
52126
52116
52105
52086
52085
52074
52067
52061
52053
52045
52043
52037
52017
51984
51977
51952
51921
51884
51880
51868
51829
51821
51808
51787
51784
51774
51770
51766
51750
51731
51696
51680
51601
51587
51559
51547
51536
51516
51510
51477
51470
51461
51429
51415
51408
51406
51344
51341
51340
51339
51332
51306
51270
51231
51189
51177
51147
51133
51120
51112
51054
51046
51044
51036
50988
50986
50977
50957
50951
50943
50923
50921
50880
50878
50862
50855
50850
50835
50723
50708
50694
50671
50669
50634
50627
50618
50614
50605
50537
50534
50528
50509
50498
50492
50490
50479
50477
50476
50463
50447
50414
50399
50376
50365
50345
50324
50322
50281
50278
50219
50216
50198
50185
50159
50124
50116
50113
50092
50085
50038
50013
49986
49982
49975
49963
49900
49894
49860
49857
49852
49851
49843
49821
49820
49800
49796
49774
49766
49744
49727
49706
49681
49617
49616
49556
49539
49529
49496
49479
49470
49459
49446
49436
49434
49403
49402
49354
49333
49324
49294
49241
49230
49106
49075
49063
49053
49043
49014
49012
48995
48961
48911
48731
48662
48635
48602
48590
48579
48576
48567
48547
48529
48503
48493
48454
48441
48440
48426
48400
48374
48370
48365
48319
48279
48272
48265
48238
48220
48209
48200
48193
48183
48178
48151
48142
48100
48097
48094
48068
48053
47995
47949
47922
47861
47806
47786
47777
47741
47740
47719
47671
47663
47657
47641
47590
47588
47584
47554
47544
47541
47507
47493
47489
47460
47442
47403
47390
47306
47301
47284
47233
47123
47103
47073
47033
47008
46972
46958
46945
46937
46921
46868
46846
46843
46827
46793
46782
46776
46766
46737
46720
46684
46651
46635
46628
46605
46576
46551
46549
46544
46542
46518
46513
46499
46469
46451
46440
46435
46429
46379
46375
46374
46349
46345
46300
46283
46273
46262
46257
46245
46217
46210
46189
46169
46140
46117
46106
46104
46078
46072
46068
46054
46035
45957
45952
45928
45918
45869
45848
45809
45797
45791
45764
45757
45743
45738
45712
45703
45653
45634
45632
45628
45617
45613
45609
45595
45593
45586
45556
45545
45450
45444
45437
45399
45392
45380
45263
45260
45254
45249
45223
45186
45178
45171
45168
45162
45160
45112
45036
45031
45003
44994
44981
44952
44941
44920
44869
44855
44843
44756
44753
44728
44699
44698
44697
44650
44602
44553
44540
44488
44472
44445
44441
44416
44382
44351
44281
44258
44244
44240
44219
44201
44191
44175
44125
44122
44113
44109
44103
44098
44094
44091
44086
44069
44048
44033
44008
44003
43938
43928
43905
43904
43889
43871
43859
43840
43817
43773
43708
43679
43670
43664
43647
43638
43625
43560
43535
43534
43518
43511
43437
43427
43410
43374
43367
43331
43305
43295
43273
43235
43227
43226
43189
43166
43064
43051
42969
42968
42964
42942
42937
42892
42890
42885
42797
42788
42723
42694
42659
42658
42608
42550
42495
42485
42460
42423
42421
42407
42371
42336
42267
42247
42230
42198
42192
42123
42106
42030
41962
41926
41878
41855
41842
41836
41811
41712
41710
41702
41689
41677
41661
41650
41630
41624
41577
41576
41574
41569
41558
41545
41527
41521
41508
41489
41472
41449
41393
41392
41373
41367
41351
41342
41329
41299
41259
41239
41228
41209
41208
41162
41145
41140
41088
41074
41071
41061
41034
41014
40984
40980
40974
40948
40940
40911
40902
40848
40803
40800
40670
40653
40594
40552
40549
40541
40536
40534
40502
40501
40458
40438
40428
40406
40403
40397
40381
40336
40330
40324
40287
40271
40257
40229
40193
40184
40183
40162
40160
40147
40134
40128
40120
40119
40118
40085
40082
40080
40079
40066
40057
40042
40032
40030
40027
40021
40018
40009
39994
39979
39975
39974
39971
39966
39905
39877
39873
39843
39802
39787
39759
39754
39731
39716
39587
39558
39511
39488
39454
39447
39437
39391
39388
39375
39323
39305
39268
39245
39196
39175
39156
39116
39094
39088
39035
39025
38985
38923
38906
38894
38874
38863
38842
38838
38835
38801
38794
38784
38776
38761
38756
38736
38735
38668
38662
38648
38627
38592
38576
38547
38524
38521
38487
38483
38461
38446
38428
38427
38423
38408
38397
38384
38383
38381
38377
38352
38318
38306
38253
38247
38233
38224
38190
38171
38163
38130
38103
38091
38083
38074
38067
38059
38023
38012
37992
37975
37965
37942
37941
37920
37899
37862
37831
37810
37792
37745
37739
37736
37732
37705
37647
37601
37576
37556
37522
37499
37495
37486
37476
37450
37398
37359
37310
37300
37293
37175
37102
37076
37073
37063
37040
37028
37012
37010
36955
36952
36951
36926
36919
36904
36861
36834
36829
36824
36761
36748
36739
36737
36725
36713
36681
36661
36652
36637
36605
36603
36600
36599
36580
36569
36561
36537
36493
36428
36399
36396
36375
36363
36358
36355
36342
36335
36325
36309
36293
36287
36282
36274
36262
36246
36231
36159
36158
36142
36139
36111
36077
36075
36053
36045
36027
36013
35988
35984
35980
35969
35967
35959
35954
35899
35868
35854
35847
35796
35790
35777
35767
35724
35720
35707
35693
35662
35627
35626
35620
35579
35571
35569
35547
35540
35536
35520
35430
35423
35406
35385
35352
35328
35284
35277
35244
35230
35225
35187
35181
35176
35131
35079
35065
35004
34998
34992
34986
34984
34947
34931
34902
34891
34890
34886
34849
34842
34829
34808
34771
34763
34756
34746
34745
34738
34731
34720
34719
34716
34689
34671
34656
34608
34577
34561
34558
34544
34531
34472
34426
34416
34413
34404
34381
34376
34374
34338
34323
34320
34285
34271
34265
34230
34225
34194
34151
34135
34111
34078
34075
34020
33999
33972
33971
33954
33944
33943
33926
33922
33903
33902
33796
33782
33765
33746
33735
33722
33683
33675
33644
33623
33610
33577
33554
33529
33522
33518
33513
33490
33473
33469
33466
33436
33425
33380
33372
33351
33288
33250
33219
33205
33141
33133
33126
33077
33075
33072
33057
33023
32993
32976
32974
32964
32962
32960
32939
32926
32913
32895
32883
32838
32805
32799
32763
32731
32725
32698
32675
32670
32667
32627
32622
32590
32588
32549
32512
32484
32455
32453
32423
32400
32397
32342
32338
32293
32288
32268
32240
32236
32191
32161
32139
32124
32102
32101
32080
32065
32034
32018
32004
31976
31953
31926
31925
31906
31876
31874
31856
31853
31826
31764
31756
31737
31715
31711
31662
31660
31621
31598
31592
31583
31577
31532
31530
31520
31503
31500
31488
31463
31440
31438
31435
31418
31379
31357
31356
31328
31293
31244
31233
31204
31179
31079
31046
31042
31025
31019
30980
30967
30952
30902
30898
30889
30874
30871
30849
30792
30784
30771
30762
30739
30737
30726
30674
30655
30650
30640
30638
30614
30609
30603
30579
30577
30568
30550
30520
30508
30502
30476
30475
30474
30470
30452
30441
30389
30386
30361
30358
30347
30258
30252
30248
30226
30198
30194
30103
30086
30022
30000
29992
29979
29952
29907
29878
29869
29849
29819
29805
29727
29714
29668
29638
29633
29629
29601
29600
29597
29589
29540
29528
29385
29335
29333
29319
29314
29312
29304
29303
29299
29199
29185
29159
29148
29107
29087
29069
29063
29053
28987
28940
28937
28930
28926
28923
28891
28854
28848
28839
28804
28802
28790
28787
28783
28776
28775
28763
28688
28681
28677
28675
28660
28639
28614
28588
28587
28535
28533
28519
28518
28497
28490
28470
28459
28441
28418
28391
28361
28350
28338
28334
28324
28316
28260
28241
28211
28181
28179
28153
28135
28120
28101
28075
28032
28021
28012
28007
27996
27992
27978
27971
27964
27926
27874
27869
27864
27858
27855
27853
27834
27810
27800
27798
27795
27783
27769
27743
27729
27714
27688
27649
27624
27618
27609
27597
27591
27565
27560
27544
27524
27515
27501
27499
27484
27465
27448
27420
27416
27405
27404
27394
27391
27362
27323
27273
27272
27266
27265
27246
27237
27232
27227
27210
27193
27189
27174
27173
27169
27165
27162
27148
27117
27106
27105
27102
27092
27059
27029
26986
26955
26933
26926
26910
26847
26795
26718
26687
26659
26610
26592
26577
26567
26519
26497
26484
26476
26469
26376
26359
26342
26276
26269
26260
26186
26149
26146
26143
26137
26091
26013
26003
25972
25943
25933
25920
25915
25906
25870
25812
25809
25799
25776
25738
25734
25711
25702
25683
25649
25617
25588
25559
25548
25542
25513
25509
25508
25495
25479
25459
25458
25440
25412
25376
25350
25316
25271
25258
25234
25230
25192
25142
25070
25064
25060
24982
24941
24914
24886
24880
24823
24803
24787
24783
24733
24719
24692
24622
24574
24547
24520
24517
24512
24509
24474
24468
24458
24435
24363
24268
24225
24206
24204
24200
24197
24173
24166
24152
24143
24125
24098
24092
24083
24041
24032
23983
23976
23935
23927
23926
23922
23921
23911
23893
23878
23868
23848
23833
23827
23818
23810
23780
23767
23765
23759
23756
23717
23699
23683
23623
23621
23620
23576
23566
23558
23551
23530
23517
23500
23460
23437
23408
23381
23351
23329
23316
23312
23305
23292
23289
23273
23244
23198
23183
23150
23147
23065
23048
23046
23042
23001
22982
22980
22973
22967
22961
22924
22920
22918
22911
22907
22883
22851
22832
22826
22824
22807
22803
22802
22798
22797
22754
22733
22728
22724
22722
22706
22689
22688
22674
22638
22625
22590
22586
22585
22580
22561
22558
22541
22531
22522
22500
22496
22483
22478
22462
22453
22451
22445
22439
22327
22239
22221
22189
22186
22178
22153
22140
22118
22109
22106
22094
22079
22037
22019
22018
22010
21979
21927
21922
21907
21904
21899
21890
21886
21870
21864
21855
21837
21811
21793
21762
21753
21750
21730
21729
21690
21652
21634
21631
21623
21602
21565
21563
21553
21550
21548
21534
21509
21478
21463
21461
21435
21416
21292
21241
21230
21229
21175
21173
21154
21127
21080
21062
21059
21000
20990
20976
20919
20891
20863
20837
20804
20768
20760
20753
20751
20733
20726
20689
20685
20682
20677
20616
20613
20597
20591
20577
20560
20553
20538
20498
20435
20428
20423
20383
20332
20321
20289
20263
20262
20251
20247
20244
20240
20238
20236
20202
20198
20178
20156
20151
20145
20120
20082
20077
20076
20059
20033
19985
19940
19939
19936
19930
19927
19877
19848
19829
19783
19744
19711
19652
19650
19643
19616
19540
19539
19476
19462
19446
19415
19371
19347
19341
19333
19293
19285
19265
19255
19245
19221
19209
19203
19202
19178
19134
19122
19118
19113
19102
19092
19070
19067
19050
19048
19041
19038
19003
18995
18994
18980
18977
18975
18964
18937
18908
18906
18881
18877
18864
18842
18838
18830
18827
18767
18740
18731
18677
18669
18644
18600
18586
18582
18577
18571
18569
18560
18535
18525
18506
18497
18453
18452
18445
18390
18304
18267
18260
18241
18236
18222
18201
18188
18182
18176
18168
18142
18136
18109
18097
18055
18052
18036
18004
17935
17934
17933
17923
17896
17879
17804
17789
17783
17781
17764
17739
17730
17726
17696
17695
17693
17689
17654
17606
17581
17565
17564
17488
17473
17466
17447
17405
17399
17361
17346
17345
17343
17334
17333
17309
17277
17265
17243
17241
17223
17214
17212
17209
17199
17195
17193
17178
17177
17142
17058
17032
17028
16996
16971
16965
16962
16943
16933
16929
16919
16912
16905
16879
16824
16816
16807
16806
16804
16786
16753
16749
16729
16725
16695
16670
16654
16640
16637
16628
16582
16563
16550
16542
16541
16508
16435
16407
16377
16343
16331
16323
16295
16279
16265
16247
16225
16223
16212
16204
16201
16179
16130
16070
16023
16002
15973
15965
15939
15931
15904
15816
15802
15798
15782
15768
15765
15728
15720
15633
15596
15584
15570
15569
15555
15549
15542
15538
15525
15488
15487
15418
15416
15413
15356
15341
15340
15305
15297
15242
15239
15196
15168
15160
15159
15127
15105
15053
15036
15021
15007
14994
14982
14966
14924
14915
14901
14890
14875
14853
14841
14827
14819
14816
14745
14730
14728
14698
14675
14669
14629
14588
14531
14515
14508
14460
14452
14436
14433
14408
14396
14364
14327
14293
14251
14235
14216
14211
14188
14167
14126
14102
14065
14052
14051
14044
14032
13974
13973
13963
13956
13916
13906
13898
13844
13824
13790
13784
13764
13757
13736
13708
13686
13650
13624
13561
13555
13528
13445
13411
13391
13383
13365
13338
13311
13278
13244
13227
13214
13203
13202
13199
13183
13178
13169
13104
13084
13046
13002
12974
12959
12949
12941
12907
12876
12853
12809
12805
12768
12737
12712
12700
12672
12666
12648
12623
12615
12602
12595
12588
12572
12566
12549
12547
12543
12525
12496
12481
12451
12407
12333
12318
12315
12309
12288
12241
12227
12225
12207
12194
12188
12186
12172
12152
12151
12128
12118
12099
12079
12073
12067
12019
11991
11983
11981
11971
11961
11924
11919
11918
11884
11875
11838
11829
11819
11813
11748
11724
11707
11701
11677
11645
11640
11517
11513
11509
11485
11461
11451
11414
11412
11395
11391
11357
11354
11347
11343
11335
11288
11278
11249
11244
11229
11225
11218
11214
11179
11143
11136
11093
11052
11049
11042
11027
11024
11002
10993
10972
10966
10954
10942
10908
10907
10898
10858
10830
10809
10775
10773
10769
10747
10731
10675
10674
10667
10644
10623
10619
10608
10577
10571
10562
10550
10546
10496
10492
10484
10476
10456
10419
10418
10414
10405
10358
10355
10319
10287
10259
10258
10230
10155
10144
10112
10111
10088
10076
10032
10016
10006
9983
9957
9949
9928
9924
9910
9870
9869
9849
9821
9814
9794
9781
9766
9760
9746
9738
9728
9726
9683
9667
9653
9647
9626
9616
9608
9607
9600
9596
9586
9585
9581
9574
9562
9522
9517
9515
9513
9489
9443
9426
9424
9398
9396
9377
9348
9346
9330
9314
9308
9285
9284
9245
9228
9145
9142
9083
9075
9002
8969
8932
8931
8930
8878
8842
8824
8810
8801
8760
8733
8727
8702
8696
8693
8688
8601
8599
8542
8535
8516
8493
8491
8477
8466
8459
8441
8435
8431
8426
8407
8398
8389
8335
8322
8313
8280
8263
8197
8182
8157
8121
8112
8103
8093
8075
8007
7983
7966
7955
7937
7927
7919
7908
7907
7864
7816
7800
7781
7744
7742
7643
7615
7598
7584
7582
7577
7528
7518
7516
7444
7402
7368
7366
7333
7322
7289
7271
7262
7256
7243
7240
7230
7182
7180
7169
7144
7135
7131
7093
7073
7058
7049
7043
7041
7032
7004
6992
6981
6964
6963
6958
6928
6927
6908
6906
6886
6849
6846
6809
6780
6774
6773
6743
6722
6678
6669
6666
6650
6646
6638
6627
6614
6600
6599
6590
6520
6488
6478
6452
6447
6437
6389
6367
6363
6354
6352
6350
6314
6289
6266
6248
6206
6184
6168
6162
6145
6142
6123
6096
6093
6091
6081
6074
6069
6018
6005
6004
5998
5996
5976
5946
5908
5819
5812
5805
5790
5769
5757
5739
5717
5655
5645
5628
5600
5595
5586
5565
5555
5538
5533
5512
5510
5503
5500
5482
5472
5463
5456
5434
5423
5410
5409
5399
5389
5370
5366
5293
5290
5283
5214
5213
5202
5201
5182
5172
5155
5115
5108
5103
5068
5060
5030
4964
4941
4923
4911
4904
4903
4884
4865
4860
4854
4823
4784
4782
4767
4757
4721
4634
4624
4617
4601
4594
4553
4547
4535
4523
4505
4490
4457
4433
4422
4419
4381
4372
4366
4353
4330
4329
4281
4220
4216
4207
4195
4192
4175
4158
4145
4137
4117
4115
4066
4044
4014
3967
3932
3915
3913
3877
3850
3784
3772
3734
3716
3714
3666
3594
3545
3527
3524
3519
3493
3472
3389
3383
3375
3348
3346
3343
3340
3312
3303
3296
3268
3265
3259
3251
3219
3218
3210
3208
3174
3153
3134
3131
3118
3074
3065
3060
3053
3041
3039
2999
2980
2967
2966
2965
2918
2892
2871
2870
2863
2753
2736
2692
2679
2656
2653
2621
2569
2557
2537
2489
2482
2479
2421
2406
2390
2372
2327
2297
2294
2285
2282
2275
2268
2254
2253
2245
2243
2152
2130
2125
2104
2103
2087
2084
2082
2046
2032
2026
2013
2000
1940
1914
1910
1889
1865
1861
1838
1830
1809
1807
1787
1782
1744
1730
1727
1655
1642
1624
1621
1564
1559
1544
1524
1444
1427
1424
1382
1373
1308
1301
1284
1256
1218
1210
1184
1183
1172
1170
1147
1118
1057
1051
1050
1045
1044
1035
1011
1007
890
889
886
883
869
840
831
822
815
799
789
781
731
724
698
682
671
650
642
639
603
594
580
573
570
486
483
472
358
351
343
333
314
310
274
262
261
259
230
224
194
144
136
119
65
53
51
49
38
25
9
22
35
68
77
84
168
171
176
198
221
226
247
293
301
309
318
341
399
404
406
412
439
452
510
512
528
537
541
584
626
627
637
638
640
652
673
685
698
741
774
857
858
859
867
887
893
895
919
922
923
985
986
999
1014
1038
1056
1077
1087
1108
1117
1144
1158
1168
1193
1204
1205
1209
1256
1267
1272
1299
1358
1400
1404
1409
1421
1450
1485
1488
1543
1609
1624
1640
1675
1678
1691
1702
1754
1793
1802
1821
1833
1840
1860
1909
1921
1969
1998
1999
2019
2033
2055
2061
2063
2097
2107
2121
2124
2125
2168
2184
2206
2208
2215
2227
2251
2252
2258
2274
2277
2280
2321
2379
2393
2400
2417
2421
2457
2462
2465
2469
2475
2501
2578
2587
2608
2625
2650
2673
2696
2708
2714
2723
2730
2744
2775
2789
2804
2852
2863
2865
2873
2912
2934
2942
2945
2946
2964
2968
2979
3006
3011
3013
3017
3027
3051
3055
3066
3070
3085
3090
3093
3101
3111
3112
3126
3131
3132
3136
3211
3227
3228
3246
3253
3255
3263
3283
3287
3302
3316
3322
3354
3356
3389
3417
3425
3438
3446
3468
3477
3520
3575
3591
3593
3603
3616
3619
3622
3637
3647
3662
3682
3696
3724
3743
3783
3803
3852
3855
3865
3878
3905
3910
3911
3936
4006
4037
4066
4068
4077
4082
4089
4099
4113
4118
4140
4166
4205
4208
4215
4250
4263
4298
4300
4322
4323
4347
4359
4371
4373
4403
4427
4453
4455
4457
4474
4496
4514
4528
4529
4541
4554
4573
4575
4578
4619
4626
4787
4839
4857
4899
4985
5009
5035
5047
5050
5061
5075
5087
5096
5101
5126
5181
5184
5189
5197
5200
5201
5209
5229
5238
5281
5306
5314
5387
5401
5419
5430
5462
5469
5475
5496
5499
5511
5518
5578
5583
5613
5637
5669
5695
5724
5741
5744
5767
5770
5853
5863
5871
5895
5910
5916
5950
5971
6015
6046
6063
6084
6089
6105
6106
6113
6119
6137
6139
6140
6162
6179
6231
6256
6298
6308
6337
6360
6404
6421
6430
6437
6461
6462
6478
6560
6575
6621
6651
6669
6698
6703
6773
6806
6867
6911
6934
6951
6992
7016
7020
7042
7057
7066
7121
7151
7177
7191
7222
7278
7309
7341
7346
7367
7377
7440
7473
7476
7496
7498
7521
7537
7540
7564
7577
7643
7664
7743
7752
7767
7774
7793
7816
7818
7831
7832
7833
7852
7879
7922
7945
7973
7986
7992
7996
8008
8071
8111
8130
8148
8170
8174
8189
8200
8201
8243
8258
8276
8277
8281
8284
8317
8336
8340
8365
8374
8380
8406
8419
8438
8439
8444
8446
8450
8451
8489
8526
8527
8560
8589
8627
8632
8643
8658
8707
8729
8754
8767
8768
8773
8797
8870
8888
8890
8897
8903
8925
8979
9005
9063
9065
9083
9130
9142
9168
9185
9189
9190
9232
9236
9288
9300
9307
9310
9317
9323
9330
9334
9384
9389
9403
9407
9429
9460
9466
9474
9487
9546
9554
9569
9634
9680
9701
9703
9714
9730
9732
9740
9756
9784
9850
9851
9905
9913
9946
9983
9984
9995
10003
10021
10076
10106
10123
10135
10176
10188
10192
10193
10206
10224
10243
10264
10277
10287
10300
10304
10307
10310
10327
10336
10364
10376
10383
10386
10431
10433
10436
10458
10494
10524
10571
10576
10646
10682
10692
10696
10737
10770
10805
10824
10830
10837
10838
10841
10918
10951
10973
10983
11009
11069
11087
11098
11100
11118
11151
11256
11357
11370
11377
11387
11388
11395
11406
11443
11447
11471
11490
11509
11542
11553
11558
11560
11591
11601
11609
11614
11645
11666
11669
11686
11699
11700
11718
11786
11809
11810
11815
11820
11829
11841
11842
11915
11924
11940
11953
11980
11981
12026
12057
12063
12076
12084
12101
12164
12168
12169
12199
12203
12247
12305
12307
12332
12379
12394
12479
12498
12502
12503
12518
12520
12529
12575
12586
12638
12654
12665
12725
12739
12814
12828
12842
12848
12876
12890
12939
12948
12967
12992
13014
13044
13068
13118
13149
13154
13176
13180
13194
13229
13244
13248
13302
13320
13329
13339
13344
13358
13365
13366
13424
13434
13535
13568
13618
13646
13689
13747
13765
13791
13818
13858
13862
13865
13867
13876
13893
13980
13983
13991
14014
14020
14026
14028
14033
14084
14089
14121
14141
14173
14186
14217
14225
14243
14256
14263
14289
14296
14311
14328
14331
14364
14378
14381
14386
14390
14398
14421
14425
14440
14493
14559
14580
14583
14600
14603
14608
14618
14642
14644
14656
14670
14758
14771
14776
14794
14876
14904
14906
14913
14917
14970
14985
14986
14997
15016
15043
15071
15074
15077
15123
15144
15177
15183
15190
15193
15195
15270
15274
15308
15313
15324
15328
15336
15340
15354
15390
15411
15425
15456
15465
15466
15484
15488
15500
15504
15511
15529
15534
15535
15623
15639
15670
15678
15711
15743
15774
15846
15860
15868
15892
15896
15927
15932
15958
15979
16046
16056
16084
16091
16194
16195
16242
16252
16266
16267
16270
16296
16306
16344
16352
16418
16445
16470
16473
16488
16514
16531
16545
16589
16597
16664
16675
16677
16679
16690
16695
16723
16807
16820
16827
16842
16895
16920
16990
17006
17018
17034
17062
17071
17104
17107
17110
17157
17165
17195
17201
17219
17222
17238
17274
17302
17330
17335
17380
17386
17431
17444
17448
17464
17563
17587
17612
17632
17638
17653
17689
17736
17745
17788
17799
17822
17829
17841
17852
17878
17911
17913
17922
17965
17971
17977
17997
18005
18009
18048
18074
18080
18146
18172
18174
18195
18215
18217
18238
18265
18266
18271
18272
18280
18325
18332
18333
18368
18389
18390
18397
18419
18426
18464
18494
18498
18501
18502
18505
18549
18562
18573
18584
18590
18631
18632
18642
18680
18700
18818
18824
18833
18880
18888
18912
18931
18934
18936
18968
19029
19048
19051
19068
19096
19101
19135
19175
19193
19269
19281
19287
19354
19372
19377
19394
19408
19424
19446
19453
19467
19477
19487
19514
19550
19637
19653
19657
19667
19669
19689
19695
19701
19708
19709
19716
19816
19824
19839
19870
19876
19888
19924
19937
19958
20041
20085
20090
20114
20133
20177
20178
20289
20295
20352
20381
20405
20430
20452
20466
20469
20473
20508
20532
20549
20552
20568
20578
20579
20581
20613
20624
20629
20630
20651
20662
20673
20682
20693
20719
20748
20764
20813
20849
20877
20907
20957
20962
20989
21001
21010
21022
21030
21031
21047
21104
21127
21176
21180
21185
21202
21204
21254
21255
21258
21300
21304
21319
21347
21365
21388
21411
21465
21483
21518
21560
21585
21603
21610
21622
21640
21668
21676
21678
21708
21723
21734
21766
21773
21781
21786
21789
21800
21810
21880
21904
21934
21967
21982
22009
22010
22012
22060
22082
22091
22106
22113
22155
22173
22233
22245
22269
22277
22284
22332
22379
22388
22398
22403
22457
22479
22514
22558
22580
22584
22604
22624
22650
22662
22671
22682
22747
22749
22763
22770
22780
22796
22809
22833
22840
22870
22961
22963
22966
22974
22993
23008
23030
23040
23080
23089
23101
23103
23105
23115
23136
23144
23215
23220
23223
23228
23254
23336
23339
23364
23365
23385
23391
23460
23467
23471
23479
23492
23518
23524
23578
23593
23616
23628
23651
23658
23674
23675
23694
23701
23722
23745
23794
23825
23858
23862
23893
23898
23899
23919
23923
23962
23999
24035
24042
24058
24059
24068
24072
24079
24082
24158
24165
24170
24176
24263
24276
24300
24322
24339
24350
24363
24372
24383
24419
24420
24441
24475
24501
24502
24511
24524
24570
24592
24635
24651
24653
24654
24658
24674
24677
24701
24704
24705
24714
24724
24738
24757
24802
24813
24842
24845
24904
24913
25001
25020
25111
25122
25130
25183
25203
25204
25227
25274
25284
25331
25332
25344
25351
25368
25383
25386
25417
25465
25554
25573
25576
25583
25594
25659
25677
25695
25713
25725
25732
25733
25751
25770
25777
25793
25794
25811
25812
25830
25834
25850
25867
25868
25883
25889
25933
25948
25975
26012
26017
26028
26055
26083
26104
26110
26127
26142
26148
26150
26177
26214
26223
26232
26256
26274
26276
26294
26361
26363
26380
26442
26461
26472
26489
26496
26539
26577
26586
26609
26610
26640
26658
26678
26681
26683
26724
26764
26788
26807
26812
26817
26834
26842
26882
26886
26916
26928
26942
26953
26970
26973
26985
26992
27001
27010
27033
27036
27039
27073
27119
27124
27128
27140
27193
27196
27228
27239
27308
27371
27383
27390
27437
27456
27457
27498
27524
27530
27558
27582
27584
27599
27606
27660
27665
27692
27718
27738
27750
27789
27790
27798
27844
27854
27876
27920
27940
27950
27958
27997
27998
27999
28016
28087
28119
28151
28153
28164
28181
28185
28194
28202
28203
28252
28260
28279
28287
28294
28350
28360
28366
28372
28375
28382
28406
28407
28419
28436
28480
28485
28499
28531
28549
28563
28566
28574
28593
28608
28626
28647
28652
28696
28705
28721
28749
28757
28758
28785
28789
28805
28845
28859
28891
28923
28943
28957
28973
28976
28978
28994
29015
29016
29044
29053
29058
29067
29071
29080
29098
29106
29113
29148
29165
29174
29183
29194
29198
29216
29235
29265
29320
29329
29357
29399
29428
29429
29459
29518
29525
29526
29533
29537
29542
29592
29623
29650
29656
29660
29771
29774
29786
29787
29791
29805
29812
29823
29827
29836
29865
29890
29901
29905
29913
29928
29948
29980
30019
30048
30055
30103
30116
30120
30132
30170
30175
30190
30194
30225
30261
30267
30297
30336
30357
30366
30395
30417
30433
30455
30460
30463
30480
30490
30536
30541
30575
30598
30629
30646
30652
30655
30684
30687
30721
30774
30794
30795
30796
30805
30813
30825
30828
30832
30835
30862
30883
30890
30894
30927
30934
30939
30943
30973
30977
30982
30996
31028
31030
31038
31117
31132
31141
31191
31205
31225
31235
31262
31263
31284
31319
31337
31364
31394
31399
31423
31457
31496
31500
31529
31542
31550
31612
31614
31640
31651
31653
31668
31712
31718
31770
31809
31816
31854
31857
31878
31891
31932
31958
31967
31975
32003
32037
32054
32080
32106
32110
32115
32151
32155
32239
32243
32251
32268
32287
32320
32331
32342
32376
32379
32383
32395
32432
32456
32472
32498
32516
32529
32536
32580
32595
32628
32704
32712
32743
32746
32784
32799
32828
32839
32881
32886
32895
32913
32930
32941
33049
33072
33092
33094
33107
33108
33165
33175
33218
33224
33244
33292
33318
33326
33338
33346
33409
33537
33589
33647
33650
33669
33690
33747
33782
33792
33812
33813
33829
33863
33879
33880
33896
33908
33919
33942
33947
34033
34039
34045
34060
34109
34129
34139
34157
34181
34195
34207
34224
34282
34283
34302
34355
34374
34380
34394
34398
34410
34416
34425
34481
34493
34541
34571
34572
34592
34593
34598
34604
34606
34617
34622
34692
34727
34741
34749
34755
34758
34766
34798
34813
34818
34851
34885
34910
34911
34913
34916
34939
34940
34955
34960
34983
35011
35051
35057
35077
35080
35102
35125
35142
35143
35182
35191
35223
35235
35274
35275
35296
35298
35304
35313
35362
35371
35391
35423
35445
35456
35485
35487
35488
35492
35538
35539
35554
35560
35572
35593
35598
35605
35645
35674
35683
35684
35687
35733
35744
35758
35762
35793
35849
35884
35896
35913
35915
35938
35942
35958
35962
35982
36016
36020
36030
36033
36051
36080
36092
36137
36152
36173
36177
36232
36237
36254
36285
36301
36311
36329
36346
36366
36386
36389
36407
36423
36451
36452
36459
36466
36470
36482
36483
36508
36509
36521
36527
36543
36547
36569
36585
36616
36623
36633
36674
36730
36734
36744
36747
36748
36753
36786
36818
36863
36866
36872
36890
36916
36919
36931
36940
36945
37001
37030
37040
37186
37202
37210
37212
37218
37226
37230
37259
37290
37367
37382
37394
37420
37423
37483
37485
37499
37551
37586
37659
37665
37688
37698
37701
37713
37745
37770
37788
37790
37836
37840
37849
37855
37860
37870
37900
37907
37908
37944
37951
37981
38016
38049
38063
38065
38079
38095
38138
38145
38146
38159
38207
38216
38219
38285
38305
38327
38339
38367
38371
38384
38400
38405
38430
38451
38467
38493
38505
38506
38529
38530
38551
38557
38626
38648
38678
38683
38703
38705
38779
38792
38826
38911
38912
38950
38969
38974
38985
38991
39046
39059
39080
39084
39091
39096
39105
39111
39132
39136
39148
39174
39175
39180
39202
39206
39215
39218
39262
39269
39273
39301
39309
39331
39346
39348
39349
39352
39364
39384
39390
39412
39414
39452
39453
39488
39492
39522
39567
39589
39610
39629
39658
39675
39683
39711
39733
39770
39802
39827
39838
39845
39857
39862
39889
39909
39996
40090
40100
40115
40133
40139
40140
40172
40179
40182
40205
40210
40223
40239
40260
40275
40285
40360
40362
40374
40388
40401
40415
40429
40438
40455
40463
40464
40474
40500
40516
40553
40561
40570
40576
40628
40635
40639
40658
40693
40713
40727
40746
40777
40824
40867
40892
40894
40946
40951
41045
41103
41158
41198
41201
41208
41221
41240
41253
41256
41259
41288
41303
41310
41325
41340
41378
41388
41391
41399
41419
41436
41441
41457
41526
41535
41536
41563
41567
41575
41579
41614
41630
41635
41647
41648
41696
41705
41775
41849
41854
41901
41921
41941
41956
41977
41984
41993
42003
42079
42109
42166
42180
42212
42260
42292
42296
42334
42361
42419
42444
42446
42448
42452
42453
42486
42501
42519
42525
42534
42552
42559
42627
42659
42661
42710
42711
42783
42804
42808
42812
42813
42848
42865
42926
42987
43063
43069
43075
43088
43095
43106
43121
43135
43140
43144
43233
43242
43249
43250
43251
43271
43276
43291
43345
43359
43368
43374
43403
43414
43420
43424
43438
43451
43481
43498
43513
43540
43563
43643
43650
43665
43701
43703
43738
43741
43760
43765
43769
43795
43804
43811
43832
43840
43951
43966
43975
43980
43984
43992
43996
44013
44045
44077
44093
44097
44157
44160
44197
44199
44200
44215
44234
44245
44248
44309
44321
44322
44349
44405
44452
44496
44501
44516
44522
44542
44546
44559
44575
44582
44608
44653
44677
44693
44719
44768
44789
44798
44806
44808
44818
44850
44896
44923
44940
44947
44955
44967
45019
45025
45040
45056
45057
45058
45071
45088
45100
45107
45145
45182
45190
45206
45255
45281
45286
45291
45357
45390
45403
45458
45469
45495
45503
45535
45555
45561
45588
45602
45695
45713
45723
45759
45762
45795
45822
45853
45860
45862
45866
45872
45914
46005
46033
46051
46052
46109
46159
46201
46209
46215
46228
46250
46280
46306
46312
46348
46393
46407
46415
46459
46499
46505
46511
46515
46549
46557
46587
46626
46632
46666
46685
46688
46701
46714
46762
46771
46806
46824
46871
46876
46914
46952
46971
47007
47058
47083
47112
47124
47186
47189
47196
47236
47258
47272
47277
47336
47355
47357
47358
47389
47396
47397
47398
47400
47404
47452
47455
47473
47522
47525
47533
47537
47543
47570
47585
47597
47614
47651
47659
47669
47674
47690
47713
47716
47719
47774
47796
47800
47817
47825
47860
47884
47896
47898
47908
47912
47925
47946
47948
47965
47990
48002
48004
48005
48007
48021
48060
48068
48112
48131
48144
48149
48162
48192
48222
48233
48259
48265
48275
48304
48322
48330
48345
48364
48367
48389
48405
48424
48429
48436
48461
48474
48488
48512
48525
48530
48534
48543
48557
48570
48578
48587
48592
48629
48687
48701
48705
48710
48761
48762
48779
48805
48814
48849
48904
48915
48924
48941
48944
48998
49007
49012
49032
49085
49105
49123
49146
49208
49217
49254
49261
49265
49294
49304
49307
49356
49376
49407
49442
49453
49462
49466
49498
49525
49543
49561
49570
49617
49628
49660
49697
49708
49775
49781
49811
49822
49860
49898
49921
49948
49966
49970
49971
49973
49984
49990
49995
50009
50010
50011
50031
50094
50138
50153
50158
50168
50184
50252
50272
50287
50294
50302
50309
50310
50318
50344
50353
50356
50390
50398
50401
50403
50405
50406
50421
50431
50453
50489
50513
50517
50553
50575
50581
50582
50609
50641
50697
50731
50736
50786
50799
50800
50808
50818
50828
50844
50865
50890
50916
50919
50938
50952
50958
50966
50968
50978
50995
50997
51037
51043
51067
51082
51109
51170
51187
51191
51214
51226
51228
51248
51275
51294
51302
51306
51316
51333
51358
51366
51410
51420
51486
51488
51496
51513
51539
51556
51609
51630
51680
51704
51707
51711
51726
51736
51766
51842
51864
51914
51920
51958
51961
51977
51978
52000
52031
52037
52087
52111
52113
52163
52185
52186
52254
52266
52269
52273
52280
52286
52302
52315
52368
52373
52397
52421
52422
52425
52458
52471
52504
52515
52603
52654
52678
52694
52700
52704
52750
52797
52846
52848
52875
52901
52911
52954
53065
53066
53067
53078
53100
53102
53117
53190
53203
53214
53216
53228
53240
53246
53258
53263
53274
53291
53370
53394
53413
53430
53454
53475
53485
53486
53534
53551
53558
53565
53579
53608
53614
53623
53656
53689
53717
53788
53822
53828
53830
53844
53859
53866
53867
53902
53927
53937
53939
53943
54010
54018
54038
54066
54074
54076
54077
54084
54093
54105
54116
54173
54185
54191
54250
54252
54370
54390
54469
54475
54498
54506
54521
54568
54572
54663
54666
54671
54701
54718
54737
54759
54762
54771
54830
54840
54866
54899
54901
54936
54938
54965
54969
54977
54989
54992
54993
54998
55009
55012
55026
55048
55108
55116
55133
55150
55154
55165
55173
55174
55183
55193
55229
55230
55232
55262
55298
55304
55314
55328
55331
55380
55414
55420
55451
55455
55458
55462
55470
55472
55485
55494
55508
55509
55517
55519
55546
55549
55633
55635
55646
55655
55661
55663
55668
55725
55728
55734
55735
55746
55769
55770
55788
55791
55799
55812
55851
55873
55885
55905
55913
55914
55955
55979
56037
56039
56067
56070
56110
56111
56152
56153
56181
56187
56209
56223
56237
56248
56261
56269
56288
56298
56345
56373
56385
56391
56397
56412
56422
56431
56457
56478
56501
56512
56531
56599
56607
56633
56640
56641
56654
56668
56679
56683
56731
56749
56778
56817
56820
56823
56828
56833
56835
56859
56880
56893
56907
56913
56934
56956
56986
57013
57033
57042
57049
57056
57076
57094
57120
57201
57260
57295
57304
57321
57344
57347
57352
57428
57449
57464
57519
57532
57540
57558
57571
57575
57576
57579
57585
57596
57598
57609
57630
57636
57637
57641
57687
57724
57739
57763
57811
57815
57856
57883
57899
57942
57952
57960
57964
57980
57995
58001
58003
58007
58009
58016
58025
58030
58064
58073
58075
58077
58103
58121
58192
58225
58270
58286
58292
58298
58311
58315
58339
58353
58379
58389
58392
58407
58426
58445
58456
58466
58513
58517
58521
58545
58553
58569
58615
58629
58636
58641
58673
58683
58687
58713
58730
58767
58771
58781
58787
58796
58799
58800
58812
58817
58820
58858
58859
58890
58898
58929
58934
58961
58964
59016
59021
59027
59042
59056
59086
59095
59121
59140
59177
59191
59209
59244
59284
59341
59376
59384
59393
59404
59412
59441
59461
59469
59484
59495
59504
59527
59587
59627
59652
59654
59727
59745
59810
59815
59837
59887
59910
59921
59938
59949
59959
60052
60084
60098
60111
60118
60143
60186
60213
60219
60229
60274
60402
60471
60474
60499
60500
60537
60564
60600
60621
60626
60699
60702
60705
60759
60795
60798
60849
60911
60934
60940
60949
61024
61047
61077
61104
61121
61143
61181
61184
61187
61205
61210
61214
61232
61245
61290
61307
61311
61347
61365
61386
61393
61400
61410
61478
61481
61510
61520
61521
61567
61596
61602
61612
61651
61662
61682
61683
61727
61751
61777
61897
61911
61914
61921
61932
61957
61982
61996
62048
62054
62080
62097
62105
62134
62154
62165
62193
62200
62225
62237
62268
62342
62352
62376
62380
62398
62406
62458
62479
62483
62486
62563
62571
62598
62599
62628
62639
62640
62649
62681
62719
62746
62754
62757
62764
62769
62778
62781
62825
62912
62914
62915
62964
63029
63034
63037
63038
63055
63058
63062
63064
63075
63082
63121
63179
63192
63204
63205
63216
63248
63264
63317
63329
63402
63406
63413
63439
63475
63504
63517
63528
63567
63570
63574
63581
63590
63644
63649
63679
63684
63732
63753
63754
63756
63770
63781
63812
63814
63857
63864
63879
63886
63948
63952
63979
63989
64062
64068
64087
64095
64123
64130
64142
64188
64189
64192
64198
64202
64238
64240
64267
64309
64356
64393
64415
64427
64434
64435
64476
64485
64501
64507
64513
64556
64586
64591
64633
64641
64652
64680
64688
64727
64746
64765
64778
64817
64823
64861
64870
64873
64876
64889
64901
64907
64925
65005
65015
65039
65076
65084
65092
65106
65115
65140
65170
65189
65194
65203
65225
65241
65321
65383
65386
65387
65411
65467
65483
65571
65592
65639
65672
65683
65686
65705
65727
65746
65751
65778
65794
65893
65900
65911
65934
65938
65949
65960
65997
66064
66071
66076
66124
66138
66141
66152
66172
66178
66194
66255
66277
66278
66295
66311
66348
66381
66429
66452
66462
66510
66521
66543
66556
66584
66603
66684
66702
66710
66714
66766
66776
66777
66792
66803
66805
66812
66842
66852
66860
66861
66870
66871
66928
66937
66976
66982
67006
67033
67050
67084
67163
67165
67184
67197
67207
67212
67217
67218
67221
67224
67241
67298
67330
67335
67363
67370
67407
67427
67468
67492
67494
67514
67543
67553
67570
67598
67627
67636
67641
67644
67678
67687
67689
67697
67703
67705
67742
67743
67785
67790
67860
67867
67882
67884
67903
67905
67911
67915
67929
67938
67946
67984
67997
68002
68054
68080
68095
68098
68108
68125
68138
68174
68193
68221
68229
68240
68248
68273
68290
68304
68305
68320
68353
68356
68358
68409
68417
68434
68494
68502
68534
68535
68558
68619
68648
68769
68778
68842
68850
68858
68868
68870
68939
68969
68979
68990
68992
69023
69045
69075
69079
69123
69124
69136
69172
69191
69196
69319
69331
69365
69397
69421
69431
69434
69484
69496
69544
69564
69581
69584
69585
69641
69665
69671
69680
69681
69697
69717
69725
69741
69798
69812
69816
69831
69834
69857
69860
69872
69877
69879
69920
69950
69984
70028
70038
70049
70066
70068
70079
70119
70120
70180
70194
70205
70214
70306
70308
70321
70322
70329
70356
70367
70376
70382
70407
70437
70448
70458
70470
70508
70509
70530
70531
70582
70607
70613
70631
70639
70650
70665
70691
70709
70711
70730
70746
70756
70790
70823
70832
70867
70883
70925
70931
70937
70949
70963
70990
71018
71029
71054
71058
71079
71094
71107
71134
71164
71190
71196
71204
71210
71223
71261
71262
71273
71289
71305
71308
71313
71323
71339
71341
71360
71379
71392
71396
71397
71406
71408
71423
71475
71512
71529
71541
71550
71552
71618
71624
71668
71683
71686
71700
71717
71725
71737
71755
71785
71791
71816
71831
71839
71843
71883
71891
71908
71923
71924
71942
71980
71987
72042
72057
72079
72096
72121
72136
72158
72161
72165
72168
72254
72283
72296
72329
72422
72427
72440
72483
72509
72512
72513
72547
72558
72559
72576
72577
72584
72596
72604
72606
72635
72636
72639
72646
72656
72665
72709
72725
72739
72750
72752
72764
72813
72821
72849
72852
72863
72869
72874
72876
72900
72917
72931
73034
73042
73043
73070
73103
73110
73112
73128
73144
73163
73165
73167
73178
73236
73246
73251
73297
73302
73309
73339
73347
73358
73378
73385
73399
73438
73451
73468
73529
73583
73634
73661
73671
73678
73752
73827
73870
73896
73904
73945
73954
73986
74023
74026
74039
74052
74058
74098
74109
74117
74122
74135
74142
74222
74241
74251
74281
74304
74317
74335
74340
74371
74382
74539
74554
74624
74628
74665
74671
74693
74699
74705
74714
74721
74726
74748
74777
74780
74801
74814
74816
74849
74883
74891
74895
74917
74927
74936
74940
74978
74990
75048
75053
75061
75071
75101
75115
75127
75168
75191
75276
75288
75302
75304
75305
75332
75337
75382
75393
75402
75413
75424
75441
75451
75458
75500
75508
75533
75536
75538
75559
75586
75608
75663
75679
75716
75772
75793
75801
75830
75859
75860
75888
75912
75930
75934
75949
75951
75953
75972
75980
75989
75994
76026
76032
76039
76048
76064
76123
76131
76135
76146
76149
76173
76176
76208
76252
76276
76280
76282
76320
76343
76358
76388
76402
76414
76422
76451
76454
76458
76468
76494
76504
76505
76507
76537
76562
76597
76611
76612
76629
76633
76663
76694
76713
76733
76735
76737
76763
76812
76819
76821
76831
76852
76854
76865
76883
76923
76928
76956
76958
76973
77004
77009
77024
77038
77040
77042
77058
77062
77063
77087
77094
77122
77148
77150
77178
77205
77221
77224
77243
77244
77252
77259
77287
77319
77325
77396
77398
77406
77407
77424
77445
77453
77501
77541
77563
77565
77614
77641
77644
77658
77659
77680
77731
77742
77758
77770
77797
77809
77926
77979
77989
77990
77999
78006
78019
78020
78036
78078
78116
78164
78174
78194
78205
78217
78229
78232
78238
78259
78261
78265
78320
78354
78431
78442
78453
78467
78475
78486
78521
78535
78543
78550
78570
78584
78602
78627
78641
78659
78676
78679
78683
78701
78710
78714
78716
78727
78731
78758
78767
78786
78808
78816
78853
78860
78877
78896
78914
78924
78931
78959
78961
78969
78991
79021
79025
79034
79064
79078
79099
79102
79111
79113
79116
79120
79126
79152
79161
79187
79200
79246
79252
79267
79284
79286
79297
79304
79319
79328
79364
79420
79460
79473
79476
79506
79530
79543
79573
79611
79643
79652
79663
79709
79711
79736
79737
79761
79783
79784
79795
79807
79858
79868
79870
79873
79911
79924
79950
79951
79982
79994
80025
80030
80087
80088
80140
80193
80200
80208
80209
80221
80238
80247
80257
80280
80304
80322
80335
80412
80449
80480
80488
80553
80557
80581
80643
80648
80653
80659
80666
80667
80682
80705
80730
80741
80757
80758
80775
80796
80838
80898
80907
80973
81004
81033
81052
81068
81069
81093
81096
81188
81207
81221
81241
81242
81263
81326
81343
81366
81384
81392
81426
81434
81442
81445
81459
81464
81469
81490
81501
81510
81517
81530
81554
81582
81594
81604
81620
81639
81655
81674
81680
81681
81704
81715
81729
81777
81814
81825
81830
81836
81874
81908
81917
81928
81950
81977
81979
81988
82005
82085
82103
82106
82109
82110
82117
82167
82193
82194
82218
82220
82237
82314
82341
82347
82372
82377
82500
82503
82504
82523
82566
82612
82665
82675
82685
82716
82729
82748
82751
82754
82803
82826
82857
82910
82944
82961
82967
82996
83001
83011
83037
83045
83047
83054
83055
83060
83089
83098
83113
83147
83157
83159
83160
83164
83190
83224
83258
83287
83296
83299
83324
83340
83351
83399
83415
83424
83445
83463
83490
83496
83498
83502
83517
83566
83571
83598
83609
83627
83633
83674
83682
83694
83701
83770
83774
83794
83837
83862
83864
83871
83875
83907
83925
83963
83968
83974
83979
83999
84022
84076
84081
84088
84094
84095
84150
84166
84183
84220
84230
84231
84260
84273
84278
84309
84313
84370
84382
84385
84392
84402
84421
84431
84444
84465
84479
84487
84545
84549
84562
84566
84575
84584
84607
84623
84660
84664
84672
84682
84696
84730
84779
84801
84873
84880
84890
84910
84947
84972
84980
84985
84987
84997
85022
85045
85067
85075
85095
85110
85130
85142
85148
85153
85248
85261
85294
85308
85311
85355
85363
85396
85419
85433
85481
85485
85492
85504
85513
85537
85538
85558
85565
85572
85625
85646
85664
85674
85700
85701
85738
85743
85794
85822
85825
85870
85887
85930
85944
85962
86072
86083
86088
86119
86150
86185
86202
86206
86224
86250
86253
86271
86274
86288
86298
86300
86328
86342
86348
86368
86397
86423
86451
86474
86486
86515
86516
86517
86521
86527
86605
86619
86621
86667
86696
86709
86715
86724
86742
86744
86756
86762
86825
86896
86921
86954
87010
87013
87027
87032
87091
87104
87126
87132
87144
87220
87222
87247
87273
87277
87291
87372
87400
87412
87476
87478
87564
87605
87608
87634
87639
87644
87670
87682
87695
87696
87705
87716
87753
87776
87807
87826
87843
87870
87888
87972
87995
88013
88015
88042
88052
88059
88064
88114
88141
88166
88211
88250
88256
88259
88337
88384
88395
88402
88417
88450
88456
88483
88485
88490
88509
88546
88562
88574
88578
88625
88635
88643
88670
88690
88704
88729
88732
88738
88762
88767
88806
88873
88877
88885
88898
88923
88961
88970
88990
89005
89064
89085
89096
89102
89107
89110
89115
89125
89150
89167
89177
89184
89186
89224
89239
89245
89258
89279
89298
89322
89341
89378
89379
89398
89443
89445
89458
89498
89501
89511
89528
89530
89534
89540
89565
89583
89629
89680
89690
89708
89724
89736
89757
89761
89805
89816
89835
89881
89890
89925
89960
89990
90000
90028
90105
90107
90143
90145
90185
90195
90210
90232
90270
90304
90325
90371
90393
90415
90426
90430
90455
90462
90516
90553
90568
90569
90576
90591
90609
90621
90622
90628
90631
90640
90681
90702
90707
90724
90732
90760
90762
90770
90775
90797
90802
90853
90871
90872
90909
90914
90932
90943
90947
90960
90962
91039
91047
91070
91122
91124
91156
91173
91225
91228
91240
91307
91308
91311
91313
91317
91332
91342
91442
91468
91490
91504
91508
91527
91564
91566
91681
91691
91698
91709
91749
91755
91758
91763
91767
91774
91841
91844
91849
91853
91866
91883
91908
91914
91920
91942
91943
91946
91965
91967
91978
92000
92007
92008
92096
92099
92113
92149
92151
92169
92228
92257
92266
92268
92272
92289
92306
92317
92345
92352
92384
92399
92405
92425
92441
92461
92480
92495
92507
92528
92530
92602
92658
92675
92694
92712
92728
92729
92746
92748
92752
92821
92827
92831
92847
92848
92857
92862
92888
92901
92905
92909
92913
92933
93033
93047
93061
93087
93187
93205
93239
93255
93285
93310
93321
93337
93348
93352
93357
93376
93431
93483
93531
93558
93570
93585
93588
93601
93638
93654
93708
93744
93760
93761
93766
93769
93790
93841
93842
93844
93849
93868
93899
93927
93939
93949
93954
93970
93974
93975
94003
94005
94009
94039
94043
94070
94101
94162
94177
94181
94187
94195
94200
94233
94271
94354
94373
94377
94394
94401
94457
94503
94508
94527
94553
94565
94569
94573
94579
94587
94589
94634
94635
94643
94713
94742
94745
94757
94792
94798
94799
94802
94804
94815
94821
94825
94833
94876
94877
94889
94906
94918
94923
94933
94935
94937
94947
94956
94974
94994
95065
95082
95093
95121
95122
95132
95156
95171
95183
95259
95276
95288
95310
95320
95335
95348
95355
95361
95382
95391
95443
95460
95476
95512
95518
95538
95645
95701
95721
95785
95798
95813
95818
95837
95841
95888
95917
95927
95955
95965
95967
95987
96022
96051
96091
96105
96124
96162
96175
96209
96248
96254
96277
96310
96335
96364
96365
96373
96383
96409
96425
96430
96470
96496
96510
96526
96547
96554
96564
96580
96593
96626
96631
96665
96692
96733
96762
96771
96777
96779
96818
96819
96883
96908
96918
96929
96932
96947
96963
96994
97000
97019
97047
97054
97073
97088
97090
97100
97134
97158
97183
97212
97219
97266
97290
97296
97323
97329
97332
97347
97349
97360
97367
97379
97424
97429
97497
97536
97544
97565
97573
97592
97595
97598
97608
97619
97665
97668
97676
97709
97753
97798
97854
97871
97877
97900
97912
97933
97973
97983
97992
98010
98098
98109
98117
98124
98134
98164
98176
98200
98213
98231
98252
98269
98284
98341
98399
98436
98458
98468
98511
98519
98556
98565
98576
98608
98637
98646
98648
98649
98652
98665
98667
98679
98686
98705
98706
98713
98715
98741
98765
98799
98808
98846
98862
98878
98879
98885
98894
98948
98968
98997
99010
99016
99020
99021
99027
99142
99190
99193
99212
99229
99275
99279
99282
99334
99351
99367
99370
99374
99402
99423
99431
99444
99469
99481
99483
99516
99548
99560
99580
99601
99628
99633
99658
99660
99671
99685
99706
99707
99852
99909
99921
99934
99947
99978
99981
k
