9999
9985
9949
9933
9878
9870
9861
9854
9823
9806
9781
9776
9762
9759
9742
9722
9718
9712
9709
9708
9707
9692
9684
9624
9619
9607
9598
9591
9587
9548
9545
9531
9528
9477
9467
9466
9435
9431
9411
9362
9333
9301
9299
9292
9287
9273
9260
9257
9246
9228
9213
9158
9140
9134
9119
9093
9044
9036
9024
9020
9016
9015
8986
8954
8944
8928
8893
8885
8883
8874
8852
8835
8834
8829
8816
8793
8774
8730
8704
8625
8607
8582
8567
8557
8509
8505
8487
8473
8441
8428
8415
8382
8370
8366
8340
8309
8300
8285
8279
8277
8272
8218
8214
8197
8168
8114
8112
8087
8040
8039
8038
8026
8025
7992
7989
7900
7898
7891
7838
7835
7827
7817
7807
7786
7782
7774
7740
7732
7717
7705
7702
7697
7689
7686
7672
7664
7661
7627
7614
7610
7598
7575
7565
7498
7439
7407
7389
7360
7335
7325
7308
7288
7268
7233
7208
7206
7199
7175
7168
7152
7140
7113
7100
7098
7078
7058
6984
6946
6937
6878
6877
6871
6866
6830
6782
6764
6744
6691
6690
6689
6685
6682
6661
6647
6639
6636
6579
6577
6542
6538
6534
6522
6350
6348
6301
6297
6295
6238
6236
6227
6222
6221
6210
6179
6162
6156
6137
6126
6112
6109
6100
6087
6086
6062
6019
5982
5864
5862
5857
5838
5835
5832
5766
5752
5741
5736
5724
5711
5702
5690
5689
5682
5669
5667
5658
5632
5616
5577
5530
5508
5461
5449
5437
5431
5367
5364
5325
5311
5281
5271
5264
5254
5252
5240
5175
5172
5171
5116
5113
5102
5079
5060
5047
5021
4981
4971
4966
4962
4960
4953
4941
4936
4923
4918
4910
4870
4856
4826
4800
4794
4788
4786
4760
4752
4706
4692
4646
4624
4586
4565
4495
4449
4437
4420
4391
4371
4369
4366
4361
4347
4337
4323
4322
4314
4288
4275
4272
4233
4214
4213
4202
4185
4129
4114
4112
4093
4073
4040
3950
3927
3884
3871
3809
3796
3773
3770
3752
3742
3679
3663
3645
3638
3632
3615
3585
3513
3502
3497
3493
3477
3474
3440
3433
3384
3367
3365
3333
3326
3324
3320
3311
3308
3298
3255
3228
3204
3197
3173
3086
3070
3030
2988
2982
2958
2953
2912
2878
2864
2836
2821
2800
2761
2756
2737
2735
2720
2702
2694
2685
2656
2654
2619
2552
2538
2500
2498
2494
2474
2461
2447
2424
2422
2380
2375
2367
2353
2308
2282
2262
2247
2244
2228
2226
2225
2203
2202
2199
2194
2183
2146
2137
2126
2094
2091
2083
2046
2013
1993
1971
1942
1904
1901
1883
1853
1844
1804
1802
1750
1726
1713
1693
1649
1623
1598
1594
1590
1551
1534
1463
1429
1386
1373
1339
1338
1308
1295
1281
1278
1187
1183
1176
1157
1138
1124
1097
1096
1086
1063
1036
1021
985
911
886
883
854
729
727
714
713
698
674
671
633
623
616
614
607
606
595
562
552
518
496
489
447
410
374
344
322
312
272
237
227
215
201
150
116
58
40
15
25
54
56
71
86
92
109
116
121
131
132
133
139
161
162
198
205
247
248
257
276
288
316
328
353
367
373
381
382
383
388
402
438
494
514
530
557
572
583
595
605
615
617
666
673
683
732
749
756
762
777
788
850
910
997
1018
1019
1023
1061
1063
1103
1106
1116
1126
1130
1133
1155
1173
1218
1223
1227
1233
1254
1260
1261
1272
1298
1308
1313
1344
1415
1422
1426
1491
1500
1553
1580
1581
1622
1630
1639
1649
1668
1684
1693
1695
1708
1709
1722
1723
1744
1767
1790
1801
1823
1841
1858
1869
1929
1953
1986
2000
2010
2021
2041
2102
2143
2182
2194
2195
2207
2230
2255
2278
2289
2330
2336
2412
2432
2456
2489
2547
2560
2588
2595
2633
2652
2657
2721
2725
2737
2739
2794
2846
2849
2929
2955
2958
2963
2970
3074
3077
3079
3083
3090
3109
3152
3157
3177
3191
3206
3214
3223
3238
3256
3274
3330
3333
3355
3392
3409
3413
3436
3443
3451
3457
3470
3489
3503
3541
3567
3580
3594
3606
3642
3656
3679
3684
3690
3702
3728
3766
3782
3837
3843
3888
3891
3919
3943
3986
3997
4031
4041
4074
4086
4112
4130
4145
4192
4206
4213
4219
4258
4270
4271
4277
4291
4294
4301
4320
4337
4338
4342
4405
4445
4459
4477
4478
4483
4498
4522
4547
4555
4585
4645
4711
4721
4724
4772
4778
4782
4783
4784
4789
4821
4878
4880
4917
4929
4945
4958
4980
4988
4997
5000
5005
5070
5074
5080
5117
5137
5146
5169
5186
5203
5331
5333
5334
5362
5400
5414
5415
5433
5461
5470
5523
5570
5580
5581
5585
5586
5624
5672
5706
5719
5746
5767
5778
5792
5813
5818
5819
5856
5913
5940
5949
5964
5966
5969
5972
6020
6078
6124
6142
6159
6187
6197
6222
6248
6257
6258
6261
6318
6323
6329
6346
6359
6380
6406
6418
6457
6464
6467
6480
6512
6549
6582
6586
6590
6627
6662
6704
6718
6720
6769
6771
6783
6788
6794
6836
6850
6886
6925
6971
6978
6980
6987
7007
7066
7130
7177
7185
7186
7205
7220
7255
7259
7304
7314
7339
7353
7363
7365
7388
7400
7413
7423
7439
7458
7467
7468
7469
7482
7495
7499
7506
7517
7526
7537
7563
7645
7656
7657
7689
7698
7737
7747
7760
7772
7773
7781
7797
7831
7861
7993
8054
8062
8097
8106
8110
8133
8197
8204
8214
8254
8348
8350
8359
8398
8464
8487
8546
8558
8559
8580
8583
8592
8606
8634
8641
8643
8650
8659
8670
8680
8717
8721
8729
8740
8745
8753
8762
8783
8784
8794
8798
8805
8819
8876
8881
8886
8889
8914
8934
8941
8963
8978
9057
9069
9073
9076
9090
9108
9134
9141
9152
9191
9215
9261
9278
9284
9292
9293
9295
9307
9308
9313
9380
9406
9415
9419
9445
9470
9517
9532
9552
9558
9566
9595
9616
9627
9639
9646
9674
9675
9685
9693
9739
9743
9746
9767
9774
9791
9808
9824
9848
9909
9922
9969
9977
k
