39999
39996
39987
39970
39959
39958
39932
39893
39891
39882
39850
39841
39829
39808
39791
39779
39733
39729
39721
39678
39663
39629
39624
39622
39587
39581
39567
39562
39559
39558
39549
39537
39505
39501
39483
39478
39458
39452
39443
39428
39399
39391
39383
39380
39374
39357
39355
39339
39338
39279
39246
39206
39200
39185
39153
39127
39115
39100
39094
39080
39066
39052
39041
39023
39006
38988
38969
38968
38959
38953
38949
38933
38922
38906
38887
38836
38816
38794
38792
38759
38755
38737
38725
38703
38699
38686
38685
38665
38644
38583
38577
38575
38570
38492
38491
38483
38461
38452
38448
38393
38385
38381
38377
38376
38355
38352
38345
38329
38327
38323
38284
38283
38281
38259
38255
38234
38212
38200
38190
38176
38171
38121
38119
38117
38092
38090
38063
38049
38019
38016
37989
37869
37868
37814
37770
37736
37715
37712
37682
37676
37645
37554
37535
37521
37517
37512
37509
37493
37484
37465
37458
37445
37422
37378
37377
37348
37289
37280
37258
37252
37192
37177
37175
37114
37062
37061
37047
37016
37011
37010
36970
36967
36948
36939
36885
36880
36861
36840
36839
36826
36809
36776
36717
36714
36701
36679
36678
36676
36673
36646
36599
36580
36556
36553
36550
36500
36488
36466
36368
36353
36322
36319
36316
36284
36281
36277
36267
36264
36263
36254
36246
36223
36211
36199
36152
36150
36143
36140
36125
36115
36112
36107
36034
36023
35982
35976
35966
35962
35950
35888
35846
35812
35796
35773
35770
35764
35763
35761
35744
35737
35719
35703
35682
35657
35617
35586
35548
35536
35530
35511
35484
35472
35452
35439
35423
35388
35378
35362
35333
35326
35308
35297
35296
35269
35247
35246
35226
35219
35216
35202
35169
35129
35027
35020
35019
34993
34930
34929
34926
34910
34836
34816
34777
34771
34769
34757
34751
34742
34670
34642
34569
34553
34542
34536
34503
34502
34498
34491
34434
34432
34401
34386
34380
34373
34365
34349
34289
34271
34234
34223
34215
34189
34159
34108
34074
34069
34067
34042
34040
33990
33954
33943
33915
33913
33899
33829
33806
33803
33749
33715
33714
33708
33634
33622
33563
33552
33542
33530
33393
33384
33383
33368
33364
33357
33328
33278
33221
33208
33199
33112
33067
33054
33031
33028
33013
33008
32995
32989
32965
32946
32945
32936
32935
32923
32917
32913
32880
32862
32838
32837
32830
32829
32758
32742
32707
32653
32633
32611
32575
32560
32549
32538
32485
32473
32462
32434
32357
32344
32281
32254
32194
32175
32172
32154
32148
32126
32122
32115
32068
32067
32059
32033
31990
31982
31945
31930
31926
31891
31875
31862
31827
31821
31804
31799
31784
31779
31772
31748
31739
31718
31668
31652
31638
31629
31614
31584
31563
31558
31546
31477
31469
31467
31453
31446
31439
31438
31424
31422
31402
31384
31334
31309
31307
31297
31286
31277
31246
31239
31184
31154
31149
31120
31113
31100
31057
31045
31003
30983
30964
30931
30902
30857
30796
30788
30780
30739
30693
30669
30657
30642
30635
30630
30626
30581
30555
30552
30498
30496
30486
30466
30388
30383
30379
30333
30330
30323
30310
30297
30274
30146
30119
30097
30087
30061
30048
30022
29989
29983
29976
29974
29946
29927
29924
29918
29894
29819
29803
29799
29795
29789
29786
29770
29740
29737
29684
29677
29669
29666
29631
29625
29584
29574
29568
29567
29555
29542
29541
29532
29513
29508
29505
29474
29462
29442
29436
29435
29431
29411
29363
29317
29311
29296
29260
29223
29222
29201
29190
29180
29166
29140
29096
29034
29006
28981
28962
28941
28882
28869
28863
28836
28829
28828
28811
28783
28744
28724
28723
28717
28713
28680
28663
28593
28536
28512
28508
28477
28466
28460
28450
28433
28431
28422
28395
28379
28377
28371
28313
28308
28273
28253
28244
28206
28152
28112
28093
28092
28090
28075
28040
28012
27987
27978
27975
27963
27953
27891
27881
27860
27857
27845
27815
27808
27776
27773
27766
27749
27729
27617
27615
27588
27561
27547
27546
27513
27499
27470
27464
27415
27384
27380
27361
27345
27338
27309
27308
27289
27283
27260
27236
27206
27204
27192
27109
27096
27064
27061
27060
26989
26951
26950
26928
26919
26905
26883
26881
26863
26848
26846
26842
26805
26792
26783
26759
26751
26742
26730
26723
26699
26684
26679
26668
26637
26591
26584
26577
26571
26499
26474
26451
26439
26437
26426
26395
26373
26363
26355
26348
26302
26276
26247
26246
26245
26201
26181
26178
26151
26147
26104
26097
26087
26081
26044
25939
25921
25904
25878
25861
25852
25839
25825
25798
25761
25753
25743
25726
25724
25719
25654
25629
25626
25615
25584
25571
25566
25559
25555
25540
25485
25426
25415
25383
25368
25363
25356
25333
25251
25163
25148
25127
25102
25097
25083
25056
25034
25016
25014
25007
24995
24969
24939
24938
24889
24855
24838
24819
24818
24809
24783
24776
24773
24749
24677
24646
24642
24623
24615
24603
24573
24564
24562
24546
24532
24493
24423
24407
24369
24367
24348
24342
24338
24329
24303
24290
24276
24253
24237
24221
24220
24195
24188
24177
24160
24156
24148
24126
24052
23997
23965
23943
23875
23839
23789
23785
23720
23716
23698
23676
23667
23665
23619
23608
23602
23587
23582
23554
23553
23543
23536
23516
23483
23464
23461
23436
23429
23426
23393
23375
23354
23341
23323
23296
23293
23292
23279
23268
23266
23232
23217
23189
23176
23175
23166
23161
23147
23130
23123
23122
23100
23090
23032
23019
23008
23004
23001
22963
22939
22919
22905
22875
22844
22834
22785
22783
22730
22728
22704
22694
22688
22661
22660
22625
22591
22579
22555
22520
22511
22502
22466
22456
22452
22438
22433
22383
22370
22367
22353
22322
22316
22306
22223
22219
22193
22122
22121
22114
22113
22111
22104
22020
22012
22009
22004
21988
21967
21950
21943
21940
21934
21930
21928
21883
21859
21771
21746
21718
21701
21676
21675
21666
21656
21616
21591
21590
21588
21586
21576
21574
21573
21570
21569
21557
21525
21487
21456
21441
21419
21409
21401
21384
21379
21373
21370
21341
21310
21302
21295
21294
21275
21256
21250
21236
21185
21173
21123
21115
21111
21107
21096
21054
21042
21037
21014
20999
20932
20916
20911
20909
20879
20805
20762
20758
20733
20722
20715
20713
20702
20696
20666
20641
20640
20631
20598
20587
20572
20571
20562
20554
20550
20542
20497
20454
20429
20418
20394
20392
20368
20350
20337
20319
20313
20311
20305
20293
20263
20203
20129
20120
20112
20061
20034
19984
19934
19899
19871
19853
19829
19822
19806
19766
19762
19730
19726
19724
19722
19719
19715
19666
19658
19654
19650
19637
19577
19563
19457
19439
19389
19388
19373
19350
19290
19257
19255
19251
19230
19226
19215
19195
19189
19148
19144
19138
19133
19128
19120
19112
19072
19067
19024
19003
18978
18959
18922
18908
18896
18847
18822
18810
18763
18708
18703
18701
18683
18671
18653
18647
18566
18560
18541
18539
18535
18526
18520
18480
18473
18470
18465
18425
18416
18376
18360
18345
18341
18269
18262
18230
18162
18146
18139
18101
18093
18063
18053
18040
18036
18019
18005
17978
17970
17947
17946
17938
17876
17869
17868
17813
17796
17780
17768
17757
17755
17754
17692
17660
17635
17568
17560
17552
17538
17524
17484
17482
17474
17461
17457
17456
17446
17440
17420
17403
17389
17387
17357
17355
17351
17328
17315
17307
17271
17233
17223
17145
17135
17112
17095
17087
17066
17028
17022
16987
16936
16917
16900
16887
16873
16846
16840
16829
16792
16791
16776
16769
16751
16725
16708
16705
16671
16639
16619
16572
16553
16521
16520
16474
16472
16465
16457
16449
16392
16384
16379
16378
16363
16330
16326
16319
16309
16259
16247
16218
16204
16149
16143
16108
16044
16026
16023
15977
15948
15926
15899
15859
15835
15824
15818
15807
15783
15779
15768
15720
15687
15686
15675
15652
15648
15627
15605
15574
15559
15540
15520
15506
15447
15434
15406
15399
15398
15378
15362
15355
15352
15338
15324
15313
15270
15253
15164
15124
15089
15087
15081
15066
15049
15047
15020
14997
14991
14979
14966
14947
14926
14917
14864
14860
14850
14819
14812
14806
14789
14740
14710
14706
14703
14697
14680
14678
14647
14611
14575
14553
14547
14546
14538
14526
14521
14514
14509
14487
14482
14429
14412
14409
14401
14389
14379
14366
14286
14283
14278
14270
14248
14203
14202
14198
14183
14142
14138
14123
14122
14120
14100
14087
14084
14079
14071
14070
14064
14005
13994
13989
13987
13982
13964
13958
13917
13913
13892
13888
13873
13833
13813
13790
13748
13744
13718
13707
13700
13685
13680
13661
13643
13613
13608
13605
13553
13527
13516
13511
13460
13434
13377
13338
13318
13296
13249
13229
13215
13212
13165
13127
13102
13091
13085
13080
13006
12995
12970
12951
12925
12909
12905
12903
12881
12861
12847
12741
12733
12732
12706
12690
12678
12601
12579
12566
12459
12439
12426
12422
12390
12359
12338
12320
12318
12290
12261
12252
12186
12169
12161
12138
12135
12071
12061
12060
12058
12028
12006
11993
11975
11926
11921
11904
11890
11888
11875
11866
11810
11804
11777
11761
11727
11711
11699
11683
11662
11645
11623
11572
11569
11568
11550
11540
11538
11535
11491
11456
11450
11447
11429
11404
11402
11397
11395
11366
11352
11318
11303
11296
11288
11247
11219
11181
11165
11146
11137
11107
11088
11070
11050
11044
11041
11014
11001
10984
10970
10969
10958
10930
10910
10860
10858
10836
10831
10805
10763
10756
10746
10707
10697
10687
10666
10653
10639
10629
10584
10550
10540
10514
10512
10482
10479
10463
10453
10451
10417
10400
10396
10380
10371
10307
10285
10246
10231
10209
10205
10201
10159
10145
10124
10123
10099
10081
10044
9979
9948
9944
9935
9927
9917
9914
9883
9843
9841
9826
9796
9783
9776
9771
9720
9676
9666
9639
9610
9591
9588
9574
9567
9552
9544
9538
9531
9527
9522
9510
9503
9496
9457
9424
9403
9400
9380
9282
9255
9201
9185
9155
9154
9135
9103
9089
9087
9081
9078
9076
9062
9040
9037
9025
8999
8992
8990
8989
8948
8943
8940
8913
8910
8903
8871
8865
8842
8801
8782
8765
8709
8685
8679
8629
8599
8527
8442
8410
8385
8382
8362
8267
8253
8244
8194
8117
8099
8092
8087
8078
8074
8072
8067
8058
8057
7990
7968
7935
7934
7928
7874
7844
7825
7821
7794
7765
7680
7671
7670
7663
7641
7608
7605
7572
7556
7543
7518
7500
7476
7462
7460
7450
7434
7425
7372
7364
7354
7346
7341
7309
7303
7297
7254
7252
7238
7224
7185
7178
7153
7152
7144
7110
7080
7079
7053
7043
6970
6944
6895
6883
6869
6840
6825
6809
6745
6694
6649
6645
6613
6611
6607
6604
6600
6575
6562
6493
6482
6468
6407
6393
6386
6377
6364
6358
6357
6348
6318
6290
6276
6252
6216
6206
6188
6140
6123
6116
6084
6081
6079
6066
6056
6055
6032
6016
6009
5996
5992
5949
5905
5895
5842
5840
5836
5831
5757
5746
5715
5712
5690
5675
5641
5620
5579
5574
5572
5424
5406
5401
5359
5357
5348
5336
5333
5330
5303
5253
5236
5225
5211
5164
5108
5092
5088
5085
5010
4977
4949
4942
4924
4896
4892
4890
4886
4862
4832
4785
4773
4742
4684
4673
4658
4656
4644
4613
4595
4593
4585
4511
4476
4474
4471
4459
4448
4446
4432
4425
4392
4385
4382
4380
4368
4339
4333
4330
4277
4239
4208
4177
4137
4132
4089
4085
4057
4006
3955
3917
3901
3891
3860
3853
3849
3834
3785
3780
3754
3749
3739
3728
3657
3644
3642
3638
3583
3529
3527
3487
3411
3385
3372
3355
3351
3344
3336
3316
3294
3292
3184
3148
3144
3132
3109
3102
3046
3036
3016
2993
2992
2954
2951
2942
2880
2874
2862
2843
2836
2828
2814
2803
2789
2770
2765
2764
2757
2728
2715
2703
2702
2690
2681
2670
2669
2665
2640
2638
2626
2619
2599
2574
2557
2546
2543
2536
2527
2507
2496
2493
2487
2443
2434
2423
2417
2389
2383
2355
2341
2338
2310
2303
2295
2247
2240
2224
2194
2135
2112
2099
2076
2069
2045
2031
2022
2012
1980
1977
1957
1945
1921
1913
1885
1834
1833
1826
1751
1747
1724
1720
1717
1701
1695
1641
1639
1612
1592
1589
1572
1565
1541
1527
1469
1453
1450
1439
1377
1373
1368
1359
1338
1312
1301
1282
1268
1255
1229
1218
1213
1203
1179
1176
1148
1137
1127
1110
1106
1078
1067
1047
998
935
889
888
875
815
769
732
725
700
696
672
661
657
625
624
615
606
539
524
523
504
433
409
393
383
345
330
294
274
237
203
181
145
142
104
84
81
59
8
1
10
71
79
212
213
215
220
229
251
299
311
326
380
419
420
429
447
456
459
460
467
473
475
515
525
537
538
542
575
613
614
620
663
666
684
713
726
762
790
795
820
821
846
847
873
880
894
903
913
940
959
962
967
978
979
997
1011
1013
1034
1036
1043
1061
1075
1122
1196
1197
1223
1228
1230
1259
1318
1329
1341
1378
1405
1420
1425
1439
1448
1477
1509
1517
1522
1524
1535
1552
1556
1563
1587
1602
1603
1623
1656
1659
1719
1720
1728
1737
1739
1773
1774
1787
1819
1826
1849
1893
1894
1933
1952
1981
2003
2028
2085
2105
2107
2136
2172
2179
2190
2242
2261
2263
2270
2314
2315
2362
2379
2415
2434
2435
2466
2478
2502
2503
2594
2606
2636
2659
2663
2675
2714
2767
2770
2778
2782
2783
2811
2841
2846
2858
2878
2884
2888
2893
2896
2905
2911
2939
2983
2993
3030
3031
3043
3117
3124
3133
3138
3140
3148
3189
3207
3219
3231
3258
3319
3322
3333
3339
3356
3374
3380
3396
3403
3406
3441
3524
3536
3621
3637
3649
3680
3727
3737
3754
3779
3803
3821
3866
3869
3881
3905
3943
3952
3954
3967
3975
3980
3983
4014
4030
4089
4138
4144
4167
4207
4221
4234
4259
4261
4271
4274
4285
4338
4361
4368
4453
4526
4552
4603
4606
4611
4627
4648
4657
4671
4693
4729
4759
4778
4781
4796
4818
4910
4926
4933
4942
4968
4991
5002
5020
5021
5023
5037
5101
5127
5133
5192
5205
5220
5227
5242
5259
5260
5263
5282
5286
5320
5332
5345
5356
5360
5377
5387
5388
5507
5526
5549
5566
5639
5699
5788
5811
5816
5852
5868
5871
5894
5915
5969
5983
6013
6020
6031
6052
6069
6075
6082
6092
6116
6150
6153
6173
6197
6213
6252
6256
6365
6379
6397
6429
6457
6462
6493
6496
6548
6588
6593
6597
6602
6604
6643
6654
6700
6767
6784
6815
6835
6839
6902
6909
6910
6922
6931
6949
6955
6966
6971
6991
7067
7101
7117
7135
7187
7196
7248
7288
7297
7349
7350
7361
7363
7373
7378
7381
7395
7421
7449
7506
7524
7546
7552
7559
7561
7574
7581
7582
7589
7682
7712
7714
7763
7784
7786
7837
7878
7907
7918
7945
7954
7980
7993
8024
8034
8044
8062
8086
8127
8202
8219
8221
8245
8257
8266
8300
8336
8360
8387
8421
8449
8456
8471
8488
8517
8527
8537
8551
8562
8591
8599
8617
8627
8666
8676
8720
8722
8731
8814
8835
8848
8888
8918
8950
9032
9039
9097
9100
9112
9113
9136
9140
9150
9163
9194
9203
9208
9232
9237
9338
9358
9367
9374
9435
9453
9460
9472
9516
9534
9558
9624
9625
9632
9654
9682
9683
9695
9698
9711
9724
9744
9758
9765
9796
9829
9845
9848
9878
9888
9907
9918
9923
9934
9968
9995
10042
10087
10093
10098
10099
10106
10135
10146
10154
10164
10207
10215
10232
10245
10251
10264
10267
10277
10305
10312
10353
10364
10456
10466
10469
10541
10554
10564
10580
10583
10596
10651
10675
10681
10723
10750
10808
10817
10838
10839
10857
10891
10900
10901
10907
10923
10967
11005
11013
11016
11017
11019
11026
11045
11056
11134
11207
11291
11315
11332
11345
11361
11366
11383
11391
11392
11404
11422
11428
11429
11471
11507
11522
11531
11539
11558
11564
11571
11572
11583
11603
11634
11638
11686
11701
11708
11730
11773
11800
11811
11848
11987
12008
12037
12044
12047
12069
12070
12112
12123
12145
12153
12163
12179
12227
12239
12251
12260
12263
12271
12275
12283
12293
12298
12336
12356
12392
12400
12443
12444
12459
12462
12479
12535
12560
12593
12609
12622
12635
12651
12675
12706
12709
12717
12720
12749
12808
12812
12815
12841
12852
12856
12857
12872
12889
12925
12946
12956
12957
12998
13020
13027
13033
13083
13111
13128
13142
13154
13157
13165
13182
13245
13257
13261
13307
13355
13371
13429
13437
13441
13478
13482
13492
13516
13541
13570
13584
13585
13590
13593
13637
13668
13719
13733
13772
13782
13832
13858
13892
13925
13930
13961
13989
14012
14024
14033
14040
14064
14072
14078
14135
14159
14166
14206
14209
14242
14271
14273
14296
14312
14339
14365
14376
14377
14420
14429
14430
14455
14497
14514
14532
14538
14550
14558
14601
14607
14613
14619
14644
14646
14663
14672
14687
14702
14720
14736
14754
14827
14834
14854
14873
14882
14900
14905
14906
14917
14920
14927
14928
14961
14981
15000
15014
15047
15061
15081
15097
15098
15115
15119
15120
15129
15143
15155
15175
15206
15231
15311
15315
15324
15328
15339
15354
15359
15360
15402
15433
15434
15470
15483
15484
15489
15507
15531
15549
15601
15622
15626
15638
15649
15676
15687
15695
15720
15723
15747
15748
15760
15776
15782
15785
15796
15816
15818
15820
15821
15826
15838
15888
15921
15935
15943
15951
15962
16005
16011
16037
16052
16096
16134
16148
16149
16165
16210
16219
16224
16246
16275
16278
16287
16296
16301
16308
16328
16345
16371
16383
16402
16407
16473
16479
16486
16490
16496
16550
16562
16565
16578
16591
16598
16609
16622
16624
16651
16668
16682
16784
16792
16808
16814
16848
16870
16879
16891
16895
16949
16952
16976
16990
17028
17083
17086
17102
17112
17131
17144
17176
17185
17209
17256
17282
17284
17285
17292
17311
17323
17333
17351
17360
17371
17373
17410
17422
17447
17450
17467
17493
17513
17534
17548
17551
17563
17589
17591
17624
17650
17687
17713
17756
17783
17814
17827
17845
17870
17872
17902
17914
17934
17970
17975
17990
18003
18034
18070
18075
18084
18117
18121
18188
18203
18218
18249
18250
18251
18280
18281
18299
18311
18329
18337
18366
18373
18393
18405
18426
18431
18472
18526
18549
18561
18572
18641
18652
18668
18682
18687
18745
18759
18761
18771
18773
18815
18825
18855
18857
18872
18875
18944
18973
19015
19032
19038
19071
19090
19099
19105
19106
19120
19135
19190
19208
19220
19227
19246
19287
19293
19321
19332
19340
19353
19363
19387
19404
19435
19439
19456
19496
19522
19532
19533
19549
19556
19569
19577
19657
19733
19797
19807
19842
19853
19913
19928
19952
19966
19969
19981
19991
19994
20000
20047
20093
20112
20121
20123
20150
20154
20157
20172
20174
20178
20209
20225
20228
20244
20245
20269
20279
20294
20310
20312
20345
20353
20362
20364
20377
20380
20398
20441
20455
20468
20469
20491
20538
20545
20550
20576
20577
20598
20603
20624
20625
20630
20633
20635
20670
20673
20674
20706
20715
20716
20735
20738
20785
20792
20793
20801
20843
20866
20871
20892
20917
20934
20935
20983
20990
20995
21000
21024
21025
21066
21084
21088
21138
21149
21151
21175
21189
21206
21216
21228
21240
21243
21245
21257
21278
21335
21354
21361
21371
21379
21380
21401
21403
21443
21468
21478
21490
21504
21519
21548
21563
21566
21583
21585
21599
21617
21621
21661
21678
21705
21737
21750
21753
21754
21759
21787
21804
21835
21864
21879
21882
21894
21990
22003
22006
22013
22016
22025
22026
22052
22076
22136
22147
22209
22217
22220
22226
22278
22280
22284
22337
22457
22458
22534
22537
22552
22572
22631
22657
22687
22715
22743
22763
22782
22797
22810
22846
22847
22876
22889
22923
22929
22952
22960
22990
22995
23018
23021
23037
23073
23078
23093
23094
23193
23203
23220
23234
23235
23302
23311
23318
23326
23333
23345
23404
23455
23508
23556
23573
23594
23609
23614
23624
23634
23660
23677
23702
23711
23713
23715
23746
23748
23751
23766
23768
23777
23834
23848
23849
23862
23914
23915
23978
23979
23980
24011
24017
24031
24036
24040
24057
24061
24067
24139
24140
24163
24196
24213
24265
24307
24312
24351
24370
24376
24396
24407
24419
24426
24433
24446
24456
24463
24477
24505
24540
24605
24621
24650
24673
24710
24714
24728
24760
24762
24776
24779
24780
24790
24823
24831
24846
24850
24852
24907
24912
24915
24933
24939
24962
24965
24978
24990
25007
25029
25069
25077
25086
25103
25119
25164
25222
25236
25253
25256
25258
25271
25276
25279
25295
25326
25354
25366
25375
25413
25415
25431
25450
25484
25489
25504
25505
25508
25532
25535
25540
25550
25591
25592
25612
25635
25671
25675
25686
25689
25742
25746
25749
25784
25792
25794
25810
25819
25845
25848
25932
25937
25981
25982
26039
26044
26070
26073
26119
26149
26161
26162
26168
26187
26194
26201
26214
26218
26235
26252
26265
26269
26295
26307
26326
26355
26374
26398
26405
26412
26440
26452
26460
26466
26550
26582
26622
26661
26681
26693
26696
26697
26705
26745
26756
26757
26773
26806
26818
26868
26879
26898
26901
26923
26993
27044
27067
27168
27178
27183
27197
27199
27267
27280
27288
27298
27384
27393
27400
27432
27454
27483
27489
27528
27536
27600
27601
27621
27633
27636
27697
27704
27707
27709
27737
27742
27744
27750
27754
27763
27768
27777
27779
27783
27810
27815
27834
27872
27894
27900
27908
27938
27958
27982
27989
27990
28005
28016
28030
28037
28059
28096
28137
28146
28148
28164
28166
28170
28179
28183
28254
28279
28286
28382
28431
28458
28461
28501
28533
28544
28568
28601
28613
28652
28700
28702
28705
28717
28723
28761
28780
28792
28798
28820
28882
28897
28961
28993
29069
29072
29086
29106
29108
29118
29173
29177
29178
29204
29215
29250
29260
29329
29333
29377
29396
29420
29430
29450
29457
29541
29563
29638
29681
29698
29713
29723
29791
29805
29814
29843
29964
29971
29992
30001
30003
30006
30024
30039
30069
30080
30081
30098
30123
30125
30126
30142
30176
30215
30235
30240
30285
30311
30320
30351
30363
30378
30422
30503
30510
30565
30591
30594
30610
30614
30642
30687
30699
30716
30752
30768
30807
30818
30819
30829
30832
30871
30876
30878
30880
30923
30947
30989
30998
31017
31033
31039
31045
31067
31114
31120
31176
31179
31234
31275
31303
31334
31350
31356
31362
31381
31391
31399
31425
31428
31469
31483
31488
31524
31536
31544
31564
31594
31628
31632
31633
31650
31662
31673
31701
31705
31738
31748
31749
31751
31752
31790
31795
31839
31844
31848
31850
31895
31942
31969
31995
32002
32031
32035
32056
32059
32160
32225
32243
32246
32263
32266
32274
32302
32353
32383
32421
32435
32442
32450
32465
32502
32530
32533
32546
32552
32561
32566
32575
32617
32619
32627
32657
32659
32662
32700
32721
32863
32894
32896
32959
32964
32982
33006
33021
33030
33033
33036
33043
33060
33109
33125
33130
33157
33163
33188
33191
33198
33206
33211
33228
33255
33268
33294
33303
33326
33352
33364
33371
33412
33449
33473
33490
33502
33503
33519
33520
33590
33616
33622
33638
33645
33662
33680
33699
33729
33770
33811
33831
33869
33881
33883
33895
33918
33930
33955
33968
33973
33979
33993
34026
34052
34053
34067
34068
34070
34073
34092
34095
34109
34111
34123
34159
34160
34161
34173
34233
34250
34251
34299
34315
34316
34332
34372
34409
34442
34462
34472
34497
34521
34523
34560
34577
34605
34614
34642
34659
34701
34706
34734
34746
34753
34759
34780
34813
34823
34835
34839
34851
34863
34867
34882
34897
34901
34932
34948
34972
34983
34994
35013
35056
35065
35097
35116
35148
35174
35188
35198
35227
35235
35258
35313
35408
35435
35440
35475
35485
35492
35498
35614
35652
35682
35684
35695
35703
35718
35723
35735
35751
35802
35827
35848
35864
35875
35876
35919
35933
35945
36002
36032
36046
36049
36075
36096
36119
36149
36182
36188
36223
36261
36269
36272
36276
36292
36361
36365
36372
36409
36415
36425
36429
36464
36474
36475
36500
36517
36518
36545
36547
36574
36592
36606
36622
36633
36714
36715
36753
36770
36787
36803
36809
36828
36834
36867
36909
36911
36930
36963
36986
37011
37020
37028
37040
37072
37102
37111
37118
37128
37131
37219
37238
37269
37277
37280
37294
37302
37315
37319
37324
37425
37440
37468
37519
37563
37564
37565
37592
37603
37632
37645
37651
37658
37689
37692
37700
37705
37709
37713
37731
37744
37757
37771
37792
37834
37844
37864
37865
37888
37929
37938
37956
37968
37969
37987
38032
38065
38089
38093
38097
38109
38121
38128
38134
38157
38173
38240
38247
38269
38271
38274
38297
38301
38306
38349
38420
38446
38462
38468
38490
38508
38547
38581
38589
38601
38605
38648
38678
38683
38684
38686
38698
38724
38731
38765
38768
38783
38785
38844
38862
38899
38970
38987
38992
38994
39016
39056
39065
39088
39090
39097
39167
39187
39191
39236
39244
39249
39294
39295
39320
39331
39341
39364
39377
39387
39392
39473
39601
39627
39651
39655
39692
39721
39724
39746
39763
39783
39793
39843
39855
39865
39866
39869
39884
39894
39904
39941
39977
39983
39988
k
