79986
79962
79933
79929
79891
79880
79826
79763
79754
79752
79739
79722
79710
79695
79691
79690
79686
79678
79677
79666
79652
79602
79585
79574
79569
79551
79516
79513
79484
79465
79454
79452
79420
79397
79395
79348
79311
79302
79288
79284
79283
79259
79249
79243
79197
79190
79176
79159
79143
79105
79090
79062
79059
79047
79014
79013
78997
78993
78974
78964
78919
78911
78900
78880
78874
78846
78824
78791
78786
78767
78741
78738
78604
78563
78523
78519
78508
78473
78457
78435
78432
78412
78336
78332
78311
78306
78284
78276
78250
78216
78215
78201
78197
78192
78185
78177
78173
78145
78120
78112
78105
78054
78050
78043
78021
78017
77995
77990
77956
77953
77925
77901
77813
77794
77782
77771
77767
77766
77736
77719
77687
77658
77656
77643
77632
77619
77616
77598
77587
77586
77572
77551
77536
77524
77484
77475
77473
77465
77422
77416
77410
77396
77359
77357
77353
77352
77302
77293
77290
77280
77254
77248
77197
77186
77079
77063
76998
76988
76981
76955
76951
76923
76891
76865
76858
76839
76815
76786
76784
76782
76756
76669
76654
76630
76617
76577
76547
76534
76529
76495
76433
76429
76404
76402
76363
76354
76353
76323
76298
76267
76258
76249
76248
76217
76215
76183
76172
76131
76115
76112
76099
76053
76038
76017
75987
75973
75946
75942
75929
75916
75876
75840
75816
75814
75787
75743
75649
75647
75637
75608
75584
75573
75568
75545
75528
75499
75456
75448
75372
75333
75307
75306
75264
75255
75184
75167
75132
75112
75098
75095
75089
75065
75063
75052
75019
74991
74818
74800
74794
74763
74672
74669
74642
74583
74557
74552
74532
74525
74508
74499
74495
74490
74479
74455
74440
74426
74371
74351
74350
74332
74302
74274
74273
74245
74229
74211
74204
74196
74187
74183
74181
74171
74127
74075
74069
74066
74036
74031
73996
73931
73879
73801
73788
73753
73699
73663
73646
73601
73583
73558
73554
73526
73502
73494
73470
73455
73454
73414
73389
73353
73339
73330
73329
73302
73277
73257
73254
73217
73133
73124
73115
73114
73076
73060
73059
73039
73035
73028
73024
73021
73013
72988
72955
72941
72918
72885
72856
72814
72813
72804
72787
72737
72619
72615
72560
72485
72469
72415
72408
72399
72394
72382
72338
72326
72309
72304
72279
72272
72263
72260
72259
72250
72219
72215
72211
72201
72193
72152
72139
72095
72083
72072
72066
72058
72048
72037
72028
72004
71953
71897
71852
71835
71830
71814
71811
71803
71788
71772
71771
71767
71739
71684
71678
71610
71600
71598
71595
71566
71551
71537
71512
71509
71508
71506
71505
71485
71483
71469
71455
71451
71423
71396
71386
71365
71352
71346
71337
71321
71313
71306
71295
71275
71272
71253
71224
71208
71204
71176
71149
71122
71095
71063
71059
71058
71050
71045
71041
71037
71026
71020
71013
71004
70997
70987
70986
70976
70914
70854
70851
70789
70768
70764
70752
70740
70739
70734
70720
70697
70672
70670
70661
70655
70643
70628
70602
70599
70540
70539
70528
70492
70488
70477
70470
70444
70418
70415
70309
70306
70285
70264
70245
70243
70225
70214
70200
70159
70138
70135
70130
70102
70095
70079
70072
70052
70050
70031
69978
69973
69915
69850
69819
69814
69813
69738
69728
69707
69703
69675
69657
69585
69546
69536
69534
69531
69524
69515
69513
69510
69499
69469
69437
69397
69385
69377
69355
69347
69341
69325
69324
69323
69294
69261
69240
69238
69236
69200
69184
69178
69176
69169
69162
69158
69128
69125
69121
69120
69119
69114
69100
69093
69067
69031
68991
68947
68946
68931
68930
68926
68923
68884
68873
68862
68857
68852
68798
68783
68709
68704
68701
68689
68668
68664
68662
68650
68648
68645
68641
68634
68633
68622
68618
68617
68609
68547
68541
68540
68525
68520
68507
68499
68468
68458
68448
68437
68424
68403
68365
68358
68330
68317
68295
68252
68180
68171
68155
68146
68143
68141
68136
68131
68125
68109
68102
68077
68053
68050
67979
67972
67964
67963
67944
67940
67933
67913
67907
67905
67898
67870
67853
67827
67781
67773
67767
67766
67762
67726
67663
67643
67621
67593
67585
67559
67540
67511
67504
67494
67493
67424
67419
67390
67383
67364
67326
67323
67316
67315
67294
67279
67275
67259
67236
67231
67205
67193
67185
67148
67106
67100
67083
67082
67042
67002
67001
66953
66927
66921
66916
66855
66828
66815
66799
66786
66782
66738
66734
66720
66709
66681
66611
66570
66569
66553
66552
66543
66538
66526
66523
66520
66497
66481
66461
66425
66401
66365
66350
66322
66307
66292
66281
66279
66254
66234
66217
66216
66207
66192
66189
66148
66127
66101
66100
66072
66056
66053
66026
65999
65989
65981
65976
65954
65949
65920
65914
65892
65875
65865
65857
65815
65745
65737
65694
65668
65653
65620
65609
65585
65564
65547
65519
65460
65428
65421
65413
65397
65394
65387
65383
65376
65365
65320
65314
65309
65296
65275
65250
65238
65213
65190
65185
65159
65130
65106
65104
65100
65075
65071
65027
65018
65015
64991
64916
64911
64879
64869
64857
64853
64836
64826
64733
64702
64683
64673
64648
64637
64635
64605
64597
64534
64485
64468
64437
64426
64424
64376
64372
64348
64347
64329
64319
64302
64227
64201
64186
64184
64173
64154
64125
64115
64090
64054
64039
64034
64026
64022
63986
63969
63968
63965
63960
63959
63925
63901
63888
63886
63837
63830
63828
63804
63769
63765
63729
63716
63684
63645
63541
63535
63521
63490
63477
63464
63451
63442
63423
63357
63340
63300
63270
63245
63208
63187
63150
63136
63129
63111
63108
63067
63060
63049
63047
63043
63013
62972
62970
62966
62959
62949
62934
62928
62918
62892
62837
62835
62823
62789
62772
62703
62701
62696
62691
62672
62658
62639
62619
62589
62586
62578
62569
62545
62533
62529
62492
62488
62486
62409
62400
62390
62386
62335
62318
62271
62249
62217
62172
62170
62144
62117
62098
62090
62077
62020
62004
61961
61959
61957
61935
61933
61918
61915
61901
61871
61819
61783
61773
61770
61755
61728
61712
61707
61703
61648
61642
61624
61604
61564
61557
61550
61501
61492
61488
61475
61463
61451
61442
61432
61407
61363
61347
61329
61325
61318
61282
61241
61232
61154
61136
61056
61005
60998
60993
60986
60978
60964
60954
60934
60923
60919
60915
60896
60892
60845
60832
60826
60823
60822
60807
60806
60805
60772
60766
60757
60723
60690
60676
60667
60654
60649
60626
60593
60555
60539
60534
60466
60442
60438
60400
60382
60373
60349
60340
60314
60310
60299
60291
60282
60267
60219
60214
60208
60159
60117
60114
60113
60080
60077
60060
60050
60047
60041
59996
59971
59968
59966
59942
59936
59919
59910
59860
59825
59806
59793
59774
59766
59737
59713
59697
59676
59665
59655
59622
59613
59598
59583
59546
59536
59531
59501
59486
59475
59474
59465
59431
59400
59390
59358
59339
59332
59331
59325
59278
59263
59242
59228
59218
59215
59212
59184
59169
59160
59152
59144
59130
59119
59084
59066
59038
59026
59014
58946
58926
58919
58897
58892
58888
58886
58883
58838
58831
58719
58712
58710
58689
58684
58642
58632
58616
58606
58597
58575
58573
58549
58526
58524
58518
58507
58486
58482
58447
58419
58316
58260
58245
58239
58227
58212
58198
58184
58181
58174
58167
58154
58151
58137
58131
58119
58088
58069
58058
58003
57952
57927
57902
57883
57856
57829
57809
57801
57763
57747
57716
57714
57678
57662
57631
57556
57551
57547
57525
57501
57493
57472
57434
57431
57429
57404
57391
57384
57372
57367
57348
57333
57272
57232
57180
57170
57110
57081
57078
57039
57024
57008
56984
56974
56955
56909
56900
56857
56855
56849
56777
56696
56695
56661
56634
56618
56605
56604
56585
56559
56527
56523
56506
56489
56486
56438
56433
56402
56379
56368
56360
56310
56279
56259
56234
56232
56211
56169
56129
56099
56047
56041
56029
56024
56017
55969
55953
55938
55937
55923
55840
55782
55775
55773
55718
55672
55636
55603
55595
55594
55564
55563
55530
55493
55462
55449
55446
55417
55407
55360
55342
55333
55322
55315
55271
55252
55247
55229
55215
55208
55204
55186
55143
55130
55125
55110
55078
55064
55034
55002
54994
54902
54889
54887
54878
54871
54864
54856
54839
54803
54737
54688
54662
54658
54653
54646
54637
54616
54611
54580
54578
54558
54557
54537
54489
54485
54471
54448
54424
54390
54337
54298
54279
54263
54221
54217
54204
54187
54183
54130
54106
54098
54062
54043
54025
54024
54012
53967
53949
53919
53858
53836
53819
53813
53765
53756
53677
53660
53649
53623
53608
53595
53594
53589
53586
53580
53561
53548
53547
53535
53498
53454
53442
53438
53420
53413
53369
53311
53267
53245
53227
53214
53197
53189
53182
53172
53165
53162
53150
53127
53108
53079
53054
53038
53023
52975
52972
52962
52953
52936
52926
52912
52890
52862
52854
52853
52817
52796
52790
52789
52770
52765
52726
52725
52698
52669
52660
52648
52594
52593
52579
52555
52542
52541
52536
52519
52490
52479
52455
52453
52446
52405
52402
52390
52384
52383
52363
52337
52317
52312
52311
52298
52238
52185
52150
52149
52137
52126
52089
52081
52075
52070
52060
52014
52009
51957
51931
51930
51906
51902
51867
51859
51796
51784
51777
51770
51765
51764
51742
51720
51718
51687
51683
51649
51593
51581
51527
51523
51517
51504
51499
51480
51469
51432
51378
51362
51340
51318
51284
51277
51257
51241
51230
51223
51141
51126
51112
51106
51097
51094
51012
51006
51000
50989
50944
50920
50918
50914
50904
50886
50868
50822
50804
50798
50792
50778
50776
50760
50725
50708
50699
50670
50651
50649
50631
50613
50611
50578
50544
50538
50526
50505
50494
50487
50476
50475
50458
50451
50439
50397
50337
50318
50311
50299
50270
50233
50222
50211
50182
50181
50174
50169
50161
50139
50117
50108
50061
50007
49982
49961
49887
49862
49843
49818
49762
49758
49746
49715
49705
49676
49674
49648
49646
49643
49619
49609
49597
49596
49576
49573
49562
49558
49494
49477
49470
49403
49374
49365
49361
49335
49310
49279
49270
49242
49230
49229
49216
49211
49208
49179
49172
49169
49162
49138
49110
49072
49068
49065
49040
49036
49025
49003
48999
48988
48972
48969
48947
48847
48842
48834
48827
48815
48801
48771
48763
48752
48712
48627
48594
48571
48515
48458
48453
48425
48406
48396
48374
48363
48311
48289
48262
48259
48256
48225
48206
48178
48137
48117
48114
48102
48059
48023
48012
47989
47975
47966
47935
47921
47906
47900
47875
47866
47861
47859
47828
47822
47809
47804
47803
47793
47774
47771
47768
47760
47734
47669
47664
47649
47636
47629
47619
47616
47602
47583
47562
47528
47525
47522
47499
47473
47466
47463
47439
47436
47422
47414
47401
47382
47379
47377
47364
47361
47357
47351
47350
47348
47344
47337
47330
47311
47295
47285
47249
47239
47208
47207
47185
47170
47119
47111
47075
47051
46997
46970
46965
46950
46908
46907
46894
46835
46811
46805
46770
46765
46742
46692
46651
46596
46582
46580
46574
46572
46559
46472
46460
46445
46406
46349
46345
46337
46300
46296
46293
46291
46230
46194
46170
46153
46147
46146
46141
46124
46117
46086
46082
46081
46025
46006
45996
45995
45988
45980
45972
45951
45950
45948
45929
45910
45893
45862
45858
45823
45800
45798
45756
45737
45713
45708
45701
45689
45673
45620
45592
45577
45567
45499
45477
45469
45416
45409
45392
45344
45328
45296
45277
45274
45268
45221
45206
45171
45162
45105
45063
45060
44990
44976
44934
44908
44879
44864
44843
44841
44830
44795
44794
44791
44773
44747
44726
44705
44672
44659
44642
44579
44560
44517
44490
44479
44478
44406
44386
44366
44363
44295
44266
44253
44229
44221
44195
44190
44181
44144
44104
44063
44060
44057
44004
43990
43931
43904
43903
43899
43884
43883
43847
43837
43763
43702
43687
43684
43683
43681
43621
43609
43603
43546
43525
43510
43500
43459
43431
43378
43373
43367
43257
43255
43254
43241
43235
43223
43207
43164
43132
43121
43093
43065
43034
43007
43002
43000
42990
42981
42974
42969
42968
42967
42962
42946
42898
42888
42884
42869
42866
42859
42851
42825
42819
42818
42807
42793
42792
42791
42788
42763
42747
42709
42677
42655
42591
42585
42583
42580
42516
42414
42374
42354
42342
42338
42293
42285
42265
42264
42250
42239
42233
42208
42201
42196
42172
42132
42125
42114
42107
42069
42045
42037
42036
42034
42019
41997
41991
41946
41921
41831
41829
41828
41821
41798
41797
41785
41773
41763
41745
41741
41731
41694
41689
41688
41682
41637
41631
41602
41546
41525
41491
41476
41453
41434
41432
41407
41374
41337
41322
41253
41235
41177
41166
41152
41151
41130
41128
41086
41080
41045
41043
41012
41005
40979
40934
40916
40880
40875
40852
40844
40838
40835
40834
40833
40784
40779
40732
40705
40687
40685
40565
40556
40534
40515
40475
40465
40405
40386
40363
40309
40301
40272
40249
40236
40234
40220
40204
40201
40178
40150
40137
40104
40097
40080
40037
40014
40010
40003
39987
39977
39961
39934
39924
39896
39829
39824
39774
39763
39723
39719
39714
39710
39683
39632
39603
39581
39565
39552
39521
39495
39473
39457
39443
39403
39372
39342
39314
39275
39258
39246
39242
39199
39168
39157
39119
39118
39077
39046
39036
39008
39007
39006
38993
38983
38953
38951
38938
38908
38894
38891
38871
38864
38850
38835
38808
38790
38789
38736
38714
38703
38692
38635
38609
38527
38525
38516
38469
38451
38438
38398
38397
38380
38364
38347
38200
38195
38154
38125
38086
38083
38077
38052
38028
38026
38020
37979
37958
37955
37946
37941
37932
37885
37866
37855
37845
37838
37837
37835
37833
37804
37772
37728
37710
37693
37692
37681
37659
37614
37599
37591
37572
37493
37487
37459
37441
37434
37432
37428
37426
37422
37421
37408
37385
37347
37322
37307
37297
37291
37256
37238
37189
37180
37171
37154
37108
37089
37047
37015
36985
36940
36911
36875
36873
36845
36835
36813
36779
36755
36732
36722
36715
36624
36556
36528
36520
36485
36479
36467
36462
36454
36430
36427
36417
36413
36388
36373
36353
36342
36319
36312
36306
36299
36290
36284
36213
36177
36110
36093
36069
36047
36041
36004
35995
35956
35932
35909
35908
35904
35881
35878
35857
35847
35844
35813
35805
35792
35748
35724
35699
35645
35600
35599
35580
35575
35562
35548
35511
35510
35509
35491
35486
35484
35451
35430
35398
35378
35370
35360
35314
35273
35267
35258
35253
35244
35236
35233
35209
35170
35164
35108
35070
35057
35042
35032
35012
34981
34900
34897
34893
34881
34843
34826
34816
34814
34769
34763
34716
34671
34665
34660
34638
34521
34517
34488
34483
34480
34464
34450
34436
34432
34410
34378
34377
34367
34344
34319
34317
34312
34273
34271
34251
34226
34214
34193
34177
34161
34144
34128
34127
34124
34109
34088
34079
34041
34035
33997
33981
33979
33957
33907
33888
33860
33807
33795
33772
33748
33710
33692
33595
33577
33570
33568
33566
33548
33543
33453
33422
33411
33380
33371
33275
33246
33226
33191
33156
33151
33135
33130
33117
33074
33046
33045
33009
32999
32980
32966
32956
32955
32945
32939
32912
32906
32888
32884
32862
32857
32836
32818
32802
32797
32744
32743
32737
32735
32697
32650
32626
32609
32564
32545
32537
32462
32444
32424
32419
32394
32373
32362
32331
32322
32314
32298
32262
32252
32249
32233
32210
32197
32187
32185
32147
32141
32118
32100
32094
32087
32020
31911
31902
31899
31873
31859
31843
31832
31828
31818
31814
31807
31805
31800
31778
31760
31759
31716
31707
31687
31624
31563
31547
31519
31485
31447
31410
31385
31317
31290
31284
31213
31202
31192
31191
31128
31072
31066
31032
31019
31002
30991
30953
30931
30910
30875
30872
30867
30857
30808
30784
30752
30741
30739
30737
30708
30697
30674
30645
30641
30625
30616
30605
30602
30556
30524
30512
30491
30490
30483
30474
30468
30455
30450
30438
30408
30363
30356
30349
30310
30306
30282
30271
30231
30224
30220
30195
30134
30110
30105
30095
30085
30078
30034
30015
30008
29959
29935
29926
29848
29773
29768
29761
29740
29722
29708
29661
29660
29635
29627
29613
29608
29601
29592
29579
29563
29561
29548
29528
29517
29507
29417
29405
29402
29398
29393
29373
29352
29334
29321
29315
29308
29300
29299
29270
29252
29216
29204
29194
29183
29178
29170
29134
29133
29127
29113
29101
29084
29075
29059
29023
29010
29005
28981
28959
28921
28876
28859
28839
28834
28826
28795
28789
28780
28777
28757
28747
28702
28698
28671
28654
28625
28620
28598
28593
28592
28565
28554
28503
28497
28492
28491
28489
28478
28452
28441
28424
28386
28380
28374
28348
28322
28313
28276
28250
28226
28190
28156
28124
28108
28094
28064
28032
28004
27995
27986
27984
27979
27972
27933
27928
27922
27919
27912
27903
27902
27860
27825
27819
27816
27778
27762
27754
27748
27709
27643
27608
27597
27593
27568
27492
27490
27482
27480
27475
27451
27412
27377
27365
27360
27336
27308
27267
27206
27135
27117
27094
27087
27082
27072
27064
27051
27050
27042
27034
27032
27023
26990
26973
26960
26945
26906
26802
26797
26686
26675
26636
26618
26590
26579
26576
26568
26556
26505
26490
26475
26462
26455
26453
26392
26386
26385
26384
26361
26350
26344
26322
26310
26279
26266
26258
26231
26210
26200
26158
26094
26090
26084
26061
26047
26037
25992
25966
25953
25905
25850
25826
25800
25770
25768
25729
25685
25684
25675
25668
25663
25609
25602
25601
25588
25549
25543
25518
25514
25495
25480
25456
25411
25407
25405
25400
25390
25377
25368
25353
25351
25327
25307
25305
25290
25249
25247
25215
25203
25183
25178
25141
25121
25085
25047
25041
25006
24986
24968
24888
24887
24886
24859
24855
24835
24832
24825
24821
24805
24774
24758
24740
24711
24700
24695
24651
24634
24633
24626
24607
24533
24513
24490
24473
24472
24462
24442
24427
24423
24362
24358
24322
24304
24300
24252
24239
24235
24196
24192
24152
24151
24147
24132
24131
24114
24104
24086
24050
24049
24043
24012
23999
23930
23896
23895
23846
23797
23792
23751
23737
23730
23722
23705
23681
23660
23638
23630
23620
23596
23587
23555
23500
23475
23465
23458
23420
23407
23397
23393
23384
23380
23357
23344
23335
23307
23284
23281
23215
23214
23207
23149
23142
23131
23119
23112
23107
23053
23017
23011
22956
22949
22904
22873
22864
22806
22776
22770
22764
22742
22728
22718
22676
22669
22654
22643
22633
22618
22587
22569
22559
22530
22528
22519
22507
22501
22453
22445
22438
22399
22374
22372
22371
22366
22323
22317
22307
22300
22292
22281
22214
22204
22186
22149
22145
22110
22087
22066
22059
22050
22040
22035
22012
21957
21949
21912
21874
21872
21871
21849
21788
21787
21737
21659
21632
21575
21526
21519
21517
21477
21474
21436
21435
21433
21387
21368
21362
21340
21332
21295
21271
21259
21231
21224
21203
21194
21184
21182
21175
21165
21162
21141
21130
21116
21076
21066
21064
21043
21005
20908
20904
20895
20863
20825
20820
20816
20806
20801
20794
20790
20785
20783
20745
20723
20713
20690
20672
20623
20560
20532
20528
20504
20476
20450
20418
20416
20414
20406
20403
20399
20391
20390
20380
20318
20287
20283
20262
20240
20234
20228
20226
20199
20195
20192
20177
20144
20099
20068
20054
20036
20028
20019
20017
20008
20001
19996
19978
19961
19960
19949
19939
19930
19923
19906
19903
19897
19889
19868
19814
19809
19808
19785
19751
19726
19702
19680
19673
19634
19605
19561
19559
19508
19468
19462
19460
19433
19427
19387
19369
19352
19342
19340
19327
19316
19303
19289
19248
19214
19198
19197
19195
19183
19162
19161
19156
19152
19123
19100
19096
19043
19040
18997
18991
18982
18892
18803
18794
18681
18671
18663
18633
18631
18622
18610
18607
18565
18546
18538
18507
18469
18437
18237
18221
18218
18192
18180
18165
18145
18125
18099
18079
18064
17984
17980
17965
17946
17943
17922
17905
17902
17896
17895
17870
17866
17852
17846
17819
17788
17774
17739
17711
17705
17682
17672
17660
17629
17627
17616
17605
17602
17589
17558
17512
17461
17386
17374
17370
17336
17331
17298
17297
17272
17270
17269
17247
17233
17213
17204
17194
17180
17170
17165
17145
17138
17107
17076
17066
17050
17044
17026
16994
16973
16899
16881
16875
16869
16833
16828
16822
16803
16771
16770
16750
16748
16742
16721
16709
16703
16701
16695
16688
16685
16669
16632
16599
16594
16570
16553
16509
16504
16501
16492
16483
16436
16419
16403
16370
16272
16237
16202
16136
16116
16115
16098
16074
16044
16005
15988
15982
15978
15954
15953
15892
15876
15871
15855
15847
15787
15784
15780
15729
15718
15714
15704
15700
15680
15673
15644
15629
15618
15583
15532
15528
15523
15521
15496
15457
15456
15449
15446
15444
15439
15430
15427
15392
15380
15365
15357
15356
15317
15305
15300
15297
15287
15270
15193
15187
15156
15119
15097
15076
15057
15028
14996
14966
14962
14948
14861
14860
14832
14796
14780
14774
14749
14732
14728
14710
14706
14702
14667
14606
14598
14578
14577
14566
14552
14547
14527
14498
14465
14461
14459
14425
14413
14411
14406
14381
14352
14333
14328
14299
14297
14293
14286
14262
14208
14192
14188
14115
14102
14078
14047
14021
13983
13981
13951
13913
13875
13856
13851
13824
13796
13745
13676
13670
13635
13634
13620
13618
13614
13604
13594
13516
13483
13475
13446
13428
13378
13367
13333
13314
13309
13299
13250
13233
13197
13176
13149
13129
13113
13055
13047
13042
13010
13004
12995
12988
12958
12947
12935
12934
12915
12875
12854
12816
12814
12810
12794
12781
12767
12762
12749
12732
12730
12698
12683
12670
12662
12661
12651
12643
12619
12611
12596
12577
12572
12531
12512
12500
12497
12496
12494
12477
12443
12436
12404
12375
12366
12348
12300
12294
12289
12260
12228
12206
12164
12159
12149
12132
12121
12109
12090
12057
12031
12030
12028
12020
12014
12010
11940
11866
11864
11843
11842
11809
11808
11783
11631
11626
11619
11618
11574
11519
11510
11492
11490
11487
11476
11459
11402
11388
11370
11351
11339
11318
11310
11305
11265
11238
11231
11218
11205
11162
11157
11147
11144
11125
11113
11101
11051
11036
11004
10978
10966
10941
10928
10919
10901
10898
10834
10820
10777
10773
10724
10701
10668
10661
10651
10636
10628
10616
10606
10541
10523
10506
10502
10451
10411
10382
10363
10344
10339
10312
10304
10280
10276
10256
10253
10179
10174
10134
10106
10099
10021
10015
10003
9977
9964
9960
9957
9947
9946
9931
9893
9865
9862
9852
9842
9840
9834
9803
9775
9763
9740
9725
9715
9713
9712
9706
9700
9685
9681
9677
9670
9668
9659
9633
9593
9576
9554
9513
9499
9490
9467
9458
9398
9390
9329
9293
9258
9247
9167
9143
9129
9125
9097
9085
9054
9042
9008
9000
8967
8961
8959
8936
8900
8879
8867
8860
8858
8854
8851
8816
8813
8767
8761
8750
8743
8728
8653
8646
8634
8578
8556
8549
8454
8428
8415
8403
8398
8369
8367
8351
8321
8303
8293
8264
8244
8240
8190
8160
8146
8122
8096
8083
8080
8078
8077
8069
8061
8054
8040
8008
7975
7970
7961
7960
7879
7876
7838
7822
7796
7795
7794
7762
7720
7685
7668
7667
7592
7587
7559
7533
7531
7530
7529
7483
7461
7441
7426
7419
7417
7406
7386
7370
7360
7358
7340
7320
7260
7242
7235
7233
7231
7220
7189
7167
7151
7105
7082
7025
7023
6970
6927
6922
6908
6901
6898
6866
6865
6841
6824
6818
6815
6776
6750
6735
6729
6711
6668
6650
6638
6618
6604
6552
6542
6533
6511
6501
6500
6484
6461
6443
6427
6422
6421
6347
6331
6330
6316
6315
6305
6274
6246
6228
6192
6190
6180
6153
6130
6128
6124
6091
6090
6082
6076
6036
6034
6021
5972
5956
5946
5940
5923
5909
5890
5880
5833
5809
5784
5763
5749
5710
5706
5683
5681
5664
5662
5642
5617
5550
5545
5528
5518
5486
5467
5453
5448
5445
5435
5431
5429
5409
5394
5378
5271
5214
5135
5132
5096
5052
5029
5026
4985
4957
4944
4940
4937
4923
4922
4903
4894
4852
4822
4790
4782
4742
4711
4671
4670
4661
4654
4642
4640
4639
4638
4625
4594
4582
4571
4570
4551
4522
4516
4496
4474
4453
4437
4428
4413
4412
4410
4381
4348
4294
4242
4240
4193
4116
4099
4066
4055
4045
4027
4021
4016
4006
3999
3947
3938
3896
3831
3760
3737
3709
3639
3636
3608
3582
3580
3557
3551
3544
3520
3516
3501
3491
3481
3436
3426
3397
3361
3360
3352
3347
3341
3316
3279
3236
3234
3214
3149
3145
3126
3048
3021
3003
2972
2958
2911
2906
2902
2880
2867
2864
2829
2814
2792
2784
2783
2767
2756
2752
2744
2718
2626
2621
2606
2604
2564
2532
2518
2483
2458
2444
2443
2437
2406
2395
2368
2361
2352
2336
2324
2315
2274
2266
2257
2231
2211
2165
2155
2143
2120
2118
2104
2095
2087
2054
2041
2028
2006
2000
1981
1958
1937
1927
1882
1872
1870
1858
1815
1779
1773
1757
1755
1720
1675
1656
1635
1598
1588
1586
1568
1561
1550
1482
1473
1395
1375
1345
1318
1311
1302
1254
1225
1219
1180
1168
1161
1160
1144
1136
1120
1110
1090
1009
984
973
958
942
941
940
938
933
920
913
910
901
899
837
824
818
781
774
758
735
724
694
634
632
600
574
484
402
340
335
305
293
286
271
268
261
257
237
232
209
175
171
170
149
143
134
128
114
79
57
16
10
25
132
137
174
205
251
273
286
299
331
339
356
359
361
364
366
373
406
452
456
478
498
511
537
563
593
618
630
632
655
690
691
700
723
748
763
777
778
792
836
850
856
872
879
884
902
940
941
942
950
987
1032
1044
1047
1051
1084
1094
1106
1114
1115
1116
1164
1203
1236
1237
1289
1306
1337
1354
1379
1383
1395
1450
1460
1462
1463
1482
1487
1513
1518
1537
1542
1550
1553
1561
1562
1600
1622
1657
1661
1666
1779
1796
1799
1801
1812
1813
1820
1858
1898
1907
1910
1936
1956
1957
2014
2016
2017
2074
2081
2089
2132
2133
2149
2191
2214
2228
2244
2251
2264
2277
2278
2290
2333
2335
2346
2352
2361
2383
2389
2402
2414
2417
2479
2531
2577
2607
2672
2673
2740
2753
2759
2766
2824
2846
2871
2893
2902
2924
2967
2976
3002
3074
3075
3132
3140
3171
3183
3194
3238
3244
3252
3261
3262
3308
3318
3335
3344
3346
3397
3410
3415
3422
3443
3465
3481
3483
3490
3520
3614
3616
3651
3652
3661
3668
3682
3707
3720
3732
3735
3876
3937
3974
3980
4006
4087
4100
4108
4110
4154
4208
4212
4225
4226
4234
4236
4245
4247
4261
4318
4367
4389
4390
4402
4415
4530
4543
4560
4567
4568
4576
4583
4595
4633
4655
4677
4690
4695
4704
4721
4757
4776
4823
4831
4871
4905
4931
4943
4950
4961
5010
5025
5043
5050
5053
5062
5074
5076
5090
5165
5232
5236
5269
5286
5315
5323
5331
5338
5358
5370
5413
5432
5451
5457
5478
5496
5503
5514
5544
5546
5556
5635
5673
5689
5691
5711
5720
5733
5769
5791
5797
5805
5807
5813
5814
5821
5845
5847
5858
5881
5927
5957
5980
5989
6105
6106
6122
6127
6163
6196
6252
6277
6279
6295
6300
6334
6335
6341
6357
6362
6381
6383
6403
6478
6516
6519
6525
6563
6575
6597
6607
6662
6668
6675
6726
6733
6737
6754
6770
6778
6780
6786
6792
6796
6826
6827
6866
6912
6920
6927
6936
6979
7005
7037
7042
7043
7054
7059
7068
7089
7095
7096
7109
7185
7188
7233
7262
7293
7359
7374
7387
7405
7420
7429
7437
7449
7480
7486
7495
7500
7522
7538
7546
7547
7628
7671
7677
7692
7698
7699
7708
7719
7745
7753
7762
7766
7769
7770
7818
7848
7855
7875
7889
7898
7926
7939
7953
7956
7980
8033
8064
8112
8121
8130
8169
8236
8238
8264
8282
8318
8356
8415
8444
8452
8458
8485
8494
8498
8590
8596
8603
8610
8615
8623
8636
8674
8763
8782
8785
8801
8818
8821
8847
8861
8865
8901
8906
8945
8994
9017
9022
9070
9083
9086
9114
9143
9148
9162
9234
9248
9258
9299
9301
9314
9319
9349
9409
9489
9506
9525
9549
9550
9557
9580
9622
9640
9649
9666
9686
9715
9734
9736
9750
9817
9837
9869
9878
9904
9905
9953
9960
9969
9979
9980
9997
10002
10010
10027
10058
10073
10074
10079
10115
10117
10124
10126
10148
10162
10195
10219
10224
10233
10251
10292
10333
10334
10418
10437
10450
10451
10464
10531
10571
10579
10637
10640
10648
10690
10732
10749
10760
10781
10805
10844
10855
10895
10924
10929
10942
10955
10958
10962
10986
10988
10989
11009
11036
11063
11070
11086
11089
11116
11156
11158
11165
11189
11232
11245
11317
11325
11332
11334
11348
11382
11388
11409
11411
11480
11562
11580
11646
11647
11660
11693
11717
11729
11735
11738
11740
11785
11791
11806
11809
11843
11852
11859
11863
11867
11894
11900
11902
11929
11931
11937
11943
11947
11948
11970
12045
12049
12057
12124
12137
12155
12160
12195
12201
12203
12266
12290
12317
12326
12330
12335
12346
12372
12381
12400
12401
12402
12416
12425
12442
12461
12487
12508
12538
12560
12586
12597
12599
12638
12644
12662
12677
12679
12714
12724
12747
12748
12752
12754
12760
12770
12776
12838
12847
12861
12880
12891
12894
12916
12927
12941
12968
12983
13003
13004
13015
13021
13027
13034
13046
13048
13082
13105
13132
13170
13188
13192
13235
13258
13259
13286
13333
13363
13421
13445
13506
13544
13551
13559
13560
13585
13588
13598
13601
13606
13620
13644
13720
13773
13783
13839
13906
13915
13970
13983
14036
14086
14092
14133
14137
14165
14224
14225
14248
14285
14292
14331
14337
14349
14407
14452
14458
14479
14485
14494
14506
14518
14525
14547
14548
14563
14594
14603
14609
14618
14622
14631
14664
14673
14678
14679
14760
14764
14781
14794
14824
14829
14906
14922
14931
14942
14951
14958
15006
15019
15033
15048
15140
15141
15165
15178
15187
15207
15210
15217
15219
15247
15277
15287
15303
15315
15366
15368
15400
15420
15494
15515
15519
15534
15536
15540
15551
15560
15579
15587
15592
15644
15659
15686
15702
15722
15736
15738
15750
15770
15807
15830
15833
15849
15851
15856
15863
15881
15912
15924
15938
15940
15948
15954
15970
15980
15985
15995
16034
16058
16095
16118
16137
16158
16168
16173
16174
16191
16213
16221
16230
16253
16304
16325
16329
16350
16374
16394
16428
16436
16481
16492
16508
16512
16527
16557
16635
16647
16648
16663
16664
16665
16679
16682
16701
16711
16731
16738
16739
16754
16810
16811
16824
16837
16853
16856
16857
16914
16921
16929
16936
16950
16970
16979
17011
17040
17043
17082
17115
17202
17209
17213
17218
17237
17242
17244
17253
17275
17288
17294
17299
17339
17357
17362
17377
17378
17389
17440
17450
17462
17603
17625
17626
17631
17650
17670
17675
17698
17709
17733
17740
17741
17754
17761
17811
17843
17865
17874
17875
17914
17917
17948
17961
17986
18021
18033
18038
18061
18063
18066
18084
18108
18116
18139
18143
18157
18204
18208
18215
18217
18238
18278
18325
18365
18373
18389
18392
18397
18417
18429
18458
18463
18475
18487
18515
18516
18552
18554
18571
18576
18665
18671
18672
18699
18725
18726
18729
18737
18746
18769
18776
18802
18803
18814
18837
18847
18856
18878
18886
18917
18924
18933
18954
18973
19000
19007
19067
19077
19087
19169
19190
19207
19237
19249
19263
19272
19293
19295
19307
19334
19370
19378
19385
19398
19467
19472
19473
19475
19489
19494
19499
19501
19513
19541
19592
19600
19640
19685
19708
19728
19774
19778
19798
19800
19813
19847
19855
19857
19866
19876
19919
19922
19943
19960
19967
19993
20013
20037
20048
20050
20076
20084
20113
20117
20127
20146
20173
20186
20222
20236
20251
20253
20324
20348
20404
20461
20473
20480
20481
20496
20512
20532
20544
20571
20581
20589
20603
20620
20664
20695
20697
20714
20717
20767
20784
20799
20814
20830
20833
20862
20866
20871
20881
20891
20895
20933
20936
20961
20989
21012
21014
21038
21064
21067
21077
21127
21183
21206
21296
21325
21365
21368
21391
21392
21394
21399
21427
21444
21479
21490
21503
21510
21519
21528
21605
21611
21636
21650
21653
21662
21666
21691
21694
21724
21727
21752
21771
21779
21806
21808
21829
21833
21905
21917
21920
21971
22098
22128
22166
22170
22177
22181
22198
22213
22233
22240
22270
22271
22331
22332
22373
22381
22388
22393
22404
22427
22429
22459
22476
22479
22488
22557
22576
22611
22614
22657
22659
22695
22697
22746
22752
22754
22776
22778
22780
22809
22815
22834
22859
22889
22897
22902
22922
22927
22948
23033
23044
23051
23067
23075
23091
23147
23173
23194
23218
23219
23323
23347
23419
23423
23431
23435
23491
23504
23574
23607
23620
23649
23661
23662
23712
23729
23781
23793
23828
23852
23871
23946
23950
23964
23967
23973
23985
24014
24029
24050
24128
24201
24270
24276
24296
24302
24304
24308
24340
24342
24355
24419
24465
24470
24483
24561
24578
24611
24614
24618
24646
24666
24679
24722
24763
24767
24770
24777
24793
24797
24832
24834
24852
24880
24917
24925
24957
24960
24977
24984
25009
25010
25030
25034
25054
25070
25097
25150
25196
25219
25227
25233
25237
25279
25295
25310
25323
25369
25384
25432
25453
25476
25484
25489
25516
25559
25561
25595
25632
25713
25718
25774
25781
25809
25838
25852
25853
25869
25878
25917
25932
25949
25953
25956
25963
25970
25986
25994
25998
26031
26104
26107
26131
26144
26145
26183
26233
26254
26307
26323
26365
26366
26379
26386
26393
26401
26421
26440
26444
26452
26472
26530
26553
26597
26656
26677
26679
26695
26711
26712
26725
26738
26788
26806
26815
26821
26844
26857
26875
26902
26914
26915
26916
26920
26928
26932
26961
26977
26991
27030
27077
27087
27099
27105
27108
27122
27129
27137
27148
27152
27226
27228
27273
27277
27280
27281
27290
27295
27308
27310
27361
27367
27396
27422
27437
27463
27470
27496
27514
27518
27585
27624
27643
27653
27683
27692
27731
27752
27773
27774
27814
27825
27838
27845
27850
27893
27894
27956
27969
27991
28088
28094
28097
28106
28143
28155
28160
28179
28180
28182
28192
28195
28215
28268
28324
28336
28382
28396
28411
28443
28468
28486
28505
28550
28595
28603
28620
28636
28653
28707
28711
28714
28735
28747
28751
28816
28825
28833
28863
28869
28891
28925
28935
28949
28987
29016
29018
29021
29030
29047
29082
29092
29098
29110
29114
29116
29130
29143
29146
29191
29192
29215
29230
29235
29245
29280
29299
29307
29349
29353
29408
29431
29432
29445
29478
29495
29504
29512
29613
29641
29653
29654
29672
29674
29686
29731
29734
29761
29766
29784
29819
29857
29859
29882
29909
29937
29941
29945
29977
29997
30037
30038
30097
30103
30104
30134
30156
30161
30173
30202
30218
30255
30264
30267
30311
30332
30339
30367
30377
30401
30465
30474
30507
30514
30516
30523
30533
30572
30592
30595
30600
30622
30658
30671
30679
30696
30700
30724
30725
30733
30749
30805
30826
30845
30873
30892
30929
30949
30952
30954
31013
31016
31033
31050
31066
31099
31102
31116
31123
31220
31289
31342
31347
31367
31398
31427
31464
31473
31485
31514
31519
31538
31567
31575
31581
31603
31605
31607
31626
31648
31669
31671
31680
31722
31723
31726
31734
31765
31769
31798
31821
31840
31861
31872
31918
31924
31943
31953
31957
31958
31961
31985
32018
32028
32029
32035
32038
32047
32114
32132
32134
32158
32160
32177
32199
32202
32210
32246
32266
32292
32327
32351
32390
32393
32410
32482
32485
32495
32497
32523
32543
32548
32561
32569
32570
32573
32580
32604
32645
32659
32680
32692
32706
32723
32760
32788
32804
32857
32877
32878
32904
32922
32989
33000
33056
33067
33080
33112
33124
33187
33224
33261
33313
33319
33320
33325
33327
33356
33358
33364
33380
33389
33405
33409
33424
33469
33495
33502
33512
33514
33528
33536
33545
33566
33580
33587
33616
33622
33628
33629
33648
33672
33686
33695
33745
33789
33792
33813
33832
33843
33844
33847
33867
33875
33904
33941
34066
34078
34098
34112
34118
34125
34130
34141
34172
34174
34190
34194
34222
34265
34300
34313
34340
34357
34359
34372
34395
34418
34446
34469
34485
34486
34506
34532
34545
34557
34560
34562
34568
34591
34605
34613
34639
34695
34703
34721
34742
34751
34813
34816
34847
34854
34857
34875
34887
34968
34991
34999
35034
35049
35069
35074
35077
35082
35093
35113
35125
35141
35190
35206
35247
35254
35255
35277
35318
35326
35328
35332
35378
35382
35393
35401
35424
35451
35464
35489
35507
35511
35518
35525
35602
35610
35616
35684
35704
35709
35714
35726
35751
35772
35779
35802
35808
35828
35847
35867
35877
35891
35922
35951
35987
36009
36031
36055
36063
36074
36096
36171
36180
36191
36203
36219
36225
36351
36400
36409
36415
36416
36419
36432
36441
36458
36580
36589
36619
36701
36742
36744
36751
36764
36801
36817
36831
36833
36879
36886
36898
36946
36948
36957
36961
36988
37022
37051
37121
37122
37135
37157
37164
37178
37189
37199
37225
37266
37308
37310
37323
37328
37344
37370
37388
37477
37492
37495
37518
37520
37521
37528
37534
37541
37543
37569
37634
37638
37663
37687
37692
37721
37741
37763
37841
37861
37870
37901
37910
37939
37984
38002
38022
38027
38028
38033
38038
38066
38069
38082
38084
38089
38092
38094
38096
38118
38142
38161
38193
38194
38202
38244
38261
38281
38351
38377
38384
38407
38420
38464
38465
38508
38576
38582
38645
38653
38654
38664
38677
38679
38717
38755
38796
38810
38813
38819
38825
38848
38889
38957
38979
38996
39016
39039
39054
39115
39122
39176
39184
39220
39240
39283
39286
39293
39302
39316
39323
39387
39390
39406
39409
39412
39420
39473
39477
39483
39531
39546
39579
39583
39592
39637
39640
39679
39685
39699
39706
39709
39716
39767
39832
39834
39856
39899
39900
39915
39934
39935
39947
40026
40034
40046
40062
40078
40084
40133
40182
40229
40243
40260
40273
40284
40288
40325
40338
40339
40350
40365
40439
40440
40470
40503
40530
40535
40571
40574
40597
40628
40635
40665
40691
40717
40720
40734
40774
40845
40873
40887
40900
40901
40916
40917
40977
40982
40987
40995
40999
41060
41065
41068
41069
41095
41097
41116
41117
41133
41174
41175
41199
41215
41218
41258
41264
41315
41317
41327
41337
41348
41350
41353
41367
41404
41431
41462
41478
41482
41501
41511
41532
41536
41614
41633
41641
41675
41707
41713
41750
41767
41811
41829
41837
41941
41974
41982
42004
42024
42034
42035
42060
42075
42087
42093
42117
42132
42141
42175
42182
42186
42191
42193
42195
42212
42232
42246
42248
42303
42374
42379
42384
42386
42404
42405
42428
42434
42470
42523
42532
42534
42589
42597
42613
42616
42632
42647
42663
42696
42703
42710
42720
42726
42729
42757
42774
42775
42809
42818
42862
42867
42874
42882
42894
42933
42960
42981
42991
42999
43002
43004
43013
43017
43031
43073
43077
43095
43112
43114
43169
43176
43177
43217
43218
43242
43243
43280
43288
43344
43348
43383
43386
43421
43466
43492
43508
43544
43567
43574
43595
43598
43686
43694
43766
43778
43779
43787
43816
43883
43888
43940
43960
43967
43975
43982
43985
43993
44008
44025
44063
44083
44176
44186
44191
44209
44253
44254
44264
44267
44363
44392
44485
44503
44504
44539
44566
44669
44685
44694
44722
44777
44784
44785
44801
44806
44809
44848
44876
44923
44934
44935
44947
44948
44962
44968
45051
45097
45110
45111
45117
45118
45126
45149
45160
45191
45212
45242
45247
45266
45295
45330
45332
45345
45348
45370
45374
45399
45402
45426
45455
45459
45460
45479
45481
45496
45526
45527
45539
45555
45596
45614
45619
45628
45644
45658
45665
45669
45686
45687
45718
45721
45754
45758
45760
45781
45817
45856
45869
45895
45896
45950
45960
45992
46002
46008
46023
46027
46079
46087
46094
46150
46179
46186
46190
46221
46228
46297
46321
46336
46340
46359
46391
46395
46396
46423
46450
46454
46459
46466
46514
46540
46544
46576
46580
46583
46612
46633
46641
46657
46661
46664
46667
46685
46733
46747
46771
46845
46882
46886
46894
46913
46928
46957
46967
46983
47016
47023
47027
47032
47035
47053
47119
47141
47184
47189
47199
47219
47222
47226
47250
47262
47282
47308
47327
47357
47367
47377
47399
47411
47443
47458
47475
47481
47527
47547
47564
47567
47579
47591
47597
47605
47619
47648
47662
47710
47714
47749
47760
47786
47791
47804
47806
47807
47819
47839
47845
47846
47859
47878
47879
47898
47926
47927
47955
48031
48096
48103
48104
48109
48126
48152
48167
48182
48212
48228
48230
48231
48236
48237
48245
48247
48267
48314
48331
48332
48388
48389
48392
48399
48415
48450
48470
48483
48493
48504
48528
48547
48553
48577
48589
48598
48622
48638
48667
48675
48683
48713
48718
48735
48772
48798
48799
48800
48802
48803
48837
48844
48882
48895
48914
48923
48928
48934
48939
48947
48977
49055
49104
49109
49124
49127
49135
49148
49162
49169
49188
49200
49233
49235
49309
49310
49331
49349
49363
49373
49375
49401
49436
49460
49484
49505
49552
49563
49583
49595
49601
49616
49619
49638
49700
49717
49720
49721
49724
49745
49748
49749
49794
49830
49835
49890
49896
49970
50015
50027
50051
50058
50131
50135
50161
50163
50169
50170
50184
50196
50231
50271
50307
50316
50327
50366
50369
50380
50391
50450
50471
50552
50556
50579
50587
50595
50629
50644
50697
50702
50707
50717
50747
50793
50796
50830
50831
50855
50865
50873
50896
50981
50988
50997
51006
51032
51037
51052
51120
51144
51156
51162
51168
51176
51190
51220
51287
51298
51299
51302
51396
51408
51473
51484
51504
51506
51514
51584
51595
51615
51637
51722
51749
51762
51769
51777
51823
51848
51865
51889
51914
51916
51923
51928
51945
51952
51967
51972
51984
51994
52016
52029
52051
52057
52061
52070
52082
52086
52103
52166
52182
52187
52203
52209
52251
52272
52277
52367
52385
52409
52410
52438
52466
52494
52499
52500
52557
52569
52594
52606
52676
52681
52682
52727
52729
52735
52761
52762
52765
52774
52815
52905
52916
52918
52935
52951
52958
52975
53023
53073
53076
53077
53107
53130
53165
53176
53183
53187
53198
53244
53261
53262
53312
53341
53347
53405
53419
53428
53437
53441
53447
53460
53505
53533
53579
53623
53628
53673
53698
53702
53703
53708
53733
53740
53750
53758
53762
53794
53804
53855
53876
53883
53884
53890
53905
53946
53997
54051
54060
54069
54092
54106
54130
54133
54140
54163
54164
54221
54222
54279
54291
54294
54308
54317
54330
54338
54370
54388
54398
54412
54417
54452
54464
54470
54476
54479
54482
54503
54507
54508
54540
54583
54585
54588
54594
54628
54635
54649
54664
54725
54775
54825
54839
54862
54877
54884
54889
54899
54900
54908
54917
54923
54941
54962
54991
55026
55036
55037
55080
55112
55120
55128
55142
55149
55157
55167
55178
55200
55202
55229
55243
55257
55261
55269
55284
55295
55325
55327
55356
55371
55399
55411
55413
55416
55437
55442
55446
55448
55481
55549
55597
55616
55619
55650
55659
55660
55668
55675
55690
55699
55706
55727
55772
55852
55889
55915
55943
55985
56014
56027
56047
56069
56076
56078
56088
56108
56121
56137
56140
56165
56167
56204
56211
56217
56252
56259
56260
56287
56290
56340
56366
56381
56392
56408
56451
56464
56468
56476
56487
56488
56512
56547
56577
56595
56598
56606
56617
56646
56662
56682
56687
56690
56693
56707
56769
56771
56798
56816
56832
56843
56865
56939
56955
56970
56982
57004
57010
57030
57038
57103
57171
57175
57194
57229
57273
57274
57275
57303
57328
57335
57349
57351
57379
57385
57394
57420
57436
57439
57448
57465
57467
57493
57522
57526
57530
57539
57540
57553
57564
57594
57635
57656
57728
57734
57748
57792
57813
57814
57823
57844
57854
57855
57861
57872
57894
57911
57954
57958
57961
57977
58018
58025
58034
58068
58071
58088
58109
58125
58162
58163
58184
58209
58266
58310
58318
58326
58355
58365
58376
58401
58404
58477
58552
58569
58627
58637
58643
58646
58649
58685
58687
58717
58780
58785
58812
58816
58916
58948
58956
59025
59032
59047
59062
59063
59082
59171
59232
59236
59242
59247
59264
59269
59286
59310
59311
59369
59406
59417
59472
59486
59489
59510
59518
59526
59558
59643
59649
59653
59657
59687
59695
59709
59813
59841
59893
59955
59966
59979
59994
60001
60048
60074
60087
60127
60131
60137
60159
60184
60190
60232
60257
60271
60299
60300
60311
60325
60336
60376
60403
60418
60442
60443
60485
60486
60488
60500
60523
60551
60564
60566
60568
60575
60577
60613
60614
60621
60638
60709
60713
60716
60723
60736
60746
60748
60756
60846
60887
60897
60901
60905
60946
60967
60992
61004
61015
61032
61040
61058
61068
61092
61100
61115
61120
61127
61136
61142
61158
61165
61197
61199
61200
61212
61226
61229
61239
61243
61247
61260
61286
61296
61331
61341
61351
61368
61381
61395
61396
61399
61403
61429
61443
61482
61505
61536
61553
61580
61593
61620
61685
61716
61728
61750
61759
61769
61791
61809
61867
61880
61906
61908
61935
61982
62029
62082
62104
62134
62187
62190
62277
62286
62288
62318
62323
62342
62355
62383
62393
62396
62447
62453
62527
62537
62545
62574
62582
62590
62600
62604
62630
62635
62682
62686
62699
62734
62778
62780
62788
62794
62818
62824
62838
62839
62860
62869
62873
62879
62887
62897
62928
62948
62963
63014
63017
63033
63035
63051
63080
63117
63121
63136
63144
63175
63176
63202
63248
63251
63294
63308
63321
63329
63357
63377
63383
63405
63413
63475
63481
63489
63510
63524
63533
63539
63557
63570
63571
63597
63628
63649
63653
63663
63674
63682
63747
63760
63763
63773
63777
63779
63798
63869
63906
63945
63997
64002
64013
64047
64077
64095
64102
64107
64112
64120
64146
64151
64154
64165
64185
64205
64247
64261
64263
64268
64282
64287
64290
64328
64335
64343
64349
64374
64427
64430
64453
64456
64464
64505
64512
64541
64567
64599
64611
64614
64638
64649
64652
64655
64658
64662
64724
64769
64785
64804
64824
64848
64917
64927
64930
64951
64967
64998
65049
65071
65123
65143
65164
65182
65197
65202
65240
65300
65305
65329
65352
65364
65404
65414
65420
65430
65439
65441
65464
65465
65520
65527
65528
65535
65558
65572
65596
65616
65657
65661
65675
65680
65687
65716
65725
65729
65741
65751
65795
65833
65860
65862
65869
65898
66012
66031
66058
66065
66080
66093
66095
66096
66112
66122
66128
66137
66167
66198
66217
66225
66253
66268
66320
66335
66336
66344
66345
66373
66382
66383
66397
66404
66426
66428
66489
66515
66534
66544
66546
66561
66568
66574
66595
66600
66633
66660
66678
66681
66688
66731
66750
66769
66792
66798
66838
66849
66870
66903
66908
66911
66919
66929
66955
66960
66970
66975
66990
67009
67016
67032
67042
67110
67121
67125
67139
67151
67186
67190
67201
67203
67228
67242
67246
67301
67321
67326
67329
67374
67384
67387
67400
67408
67450
67459
67470
67485
67507
67553
67598
67625
67659
67665
67681
67748
67764
67775
67781
67802
67815
67847
67850
67872
67900
67933
67978
67987
68000
68006
68009
68015
68052
68069
68095
68110
68133
68154
68160
68165
68177
68203
68224
68225
68248
68284
68287
68325
68359
68431
68433
68437
68444
68452
68467
68471
68489
68515
68526
68554
68559
68576
68604
68621
68633
68639
68644
68645
68668
68682
68699
68701
68705
68747
68748
68757
68759
68788
68851
68894
68951
68967
68988
69005
69010
69029
69034
69045
69055
69060
69112
69127
69130
69184
69219
69292
69368
69388
69393
69421
69434
69452
69460
69500
69502
69527
69528
69549
69563
69582
69584
69607
69637
69675
69685
69700
69730
69731
69757
69765
69766
69767
69773
69778
69832
69856
69857
69865
69904
69925
69939
69952
69962
69981
69999
70059
70072
70096
70210
70223
70248
70305
70329
70344
70350
70354
70365
70385
70415
70473
70477
70491
70492
70514
70542
70545
70595
70599
70633
70640
70721
70732
70734
70773
70788
70817
70825
70835
70847
70886
70926
70932
70935
70994
71037
71040
71077
71081
71098
71121
71162
71166
71197
71246
71254
71282
71283
71307
71308
71313
71387
71420
71424
71425
71460
71466
71472
71484
71497
71516
71527
71538
71542
71546
71567
71573
71616
71621
71622
71625
71636
71652
71747
71756
71796
71801
71826
71847
71853
71929
71945
71967
71970
71976
71996
71998
72000
72004
72011
72019
72021
72031
72043
72097
72106
72157
72159
72203
72217
72218
72252
72317
72318
72323
72328
72336
72342
72411
72416
72422
72488
72550
72553
72568
72576
72577
72625
72632
72665
72699
72724
72754
72761
72766
72786
72807
72812
72818
72826
72837
72867
72883
72884
72901
72911
72923
72957
72972
72996
72998
73004
73025
73035
73075
73100
73107
73121
73124
73152
73174
73207
73302
73345
73381
73425
73441
73473
73477
73487
73509
73530
73550
73552
73576
73595
73605
73633
73656
73661
73685
73704
73707
73719
73754
73759
73760
73764
73769
73778
73790
73840
73849
73911
73931
73939
73943
73950
73954
73960
73975
73987
74000
74019
74020
74037
74045
74069
74140
74145
74152
74161
74170
74177
74188
74210
74213
74225
74234
74240
74259
74281
74296
74339
74356
74382
74383
74397
74413
74484
74486
74506
74567
74609
74613
74654
74721
74727
74734
74738
74766
74782
74795
74798
74883
74906
74913
75006
75087
75106
75135
75162
75189
75190
75220
75230
75264
75295
75298
75306
75310
75340
75348
75362
75370
75375
75401
75404
75405
75429
75451
75509
75531
75550
75554
75583
75630
75645
75650
75657
75680
75698
75739
75748
75750
75777
75790
75794
75822
75826
75845
75851
75899
75975
75989
76006
76045
76047
76052
76053
76093
76108
76110
76142
76147
76152
76185
76201
76252
76279
76293
76323
76334
76360
76398
76422
76423
76430
76493
76508
76536
76540
76596
76622
76633
76645
76652
76657
76798
76842
76850
76914
76924
76931
76972
76988
76990
77042
77090
77091
77128
77129
77133
77158
77180
77183
77191
77218
77229
77237
77291
77309
77319
77328
77348
77367
77390
77422
77423
77437
77453
77458
77490
77546
77590
77631
77634
77652
77673
77682
77697
77731
77734
77739
77747
77759
77769
77773
77785
77789
77917
77940
77981
78056
78103
78128
78143
78144
78208
78230
78236
78239
78244
78260
78270
78282
78306
78332
78363
78376
78455
78473
78507
78528
78538
78544
78559
78562
78668
78683
78688
78749
78750
78771
78814
78821
78839
78868
78872
78911
78915
78921
79025
79113
79164
79181
79206
79264
79293
79299
79338
79372
79383
79434
79435
79461
79473
79479
79527
79539
79547
79577
79594
79601
79609
79640
79723
79732
79737
79757
79779
79782
79799
79813
79816
79836
79858
79880
79885
79932
79940
79942
79952
79954
79956
79977
79988
79995
k
