99996
99983
99938
99911
99910
99905
99883
99814
99755
99715
99671
99622
99616
99573
99564
99558
99519
99515
99497
99461
99438
99431
99429
99426
99422
99349
99313
99311
99302
99291
99281
99218
99215
99213
99182
99174
99155
99135
99126
99124
99122
99088
99087
99071
99059
99055
99039
99033
99025
99004
98991
98989
98984
98978
98957
98913
98888
98868
98866
98817
98791
98768
98763
98731
98721
98704
98685
98683
98633
98623
98613
98604
98563
98546
98538
98492
98470
98457
98455
98443
98424
98414
98394
98360
98348
98346
98324
98312
98311
98303
98270
98263
98249
98223
98195
98180
98142
98126
98038
98036
98035
98016
98015
98011
97996
97963
97962
97920
97916
97905
97889
97887
97861
97826
97815
97798
97772
97728
97726
97706
97668
97617
97562
97548
97530
97503
97477
97474
97473
97438
97416
97401
97365
97361
97320
97292
97291
97233
97180
97153
97125
97103
97090
97088
97064
97048
97030
97017
96998
96991
96981
96912
96887
96885
96873
96839
96832
96816
96778
96774
96752
96740
96737
96735
96698
96689
96680
96677
96656
96651
96649
96642
96628
96621
96608
96604
96559
96550
96540
96524
96502
96488
96477
96466
96404
96398
96358
96355
96350
96287
96237
96217
96189
96166
96156
96119
96102
96086
96084
96059
96033
96013
96005
95960
95945
95867
95864
95846
95842
95829
95818
95794
95792
95790
95789
95772
95727
95638
95619
95613
95606
95600
95570
95561
95540
95524
95520
95489
95450
95433
95394
95360
95357
95354
95351
95332
95300
95292
95232
95226
95217
95202
95198
95174
95158
95094
95010
94983
94981
94974
94968
94962
94959
94948
94943
94912
94819
94811
94808
94805
94773
94767
94744
94709
94677
94663
94643
94635
94634
94586
94585
94581
94557
94515
94473
94470
94375
94345
94326
94315
94312
94284
94239
94221
94210
94188
94174
94172
94092
94090
94070
94038
94005
93977
93976
93960
93953
93937
93865
93839
93810
93805
93801
93780
93744
93722
93706
93682
93675
93633
93632
93624
93592
93561
93545
93534
93525
93521
93517
93516
93509
93501
93494
93447
93430
93382
93365
93352
93351
93333
93329
93326
93308
93299
93290
93250
93234
93230
93212
93208
93162
93114
93065
93064
93042
93023
93021
93014
93012
93010
93003
92972
92952
92926
92904
92896
92887
92830
92810
92803
92786
92774
92716
92704
92691
92662
92633
92571
92562
92549
92522
92519
92497
92450
92421
92364
92353
92319
92316
92302
92290
92244
92214
92183
92174
92151
92053
92021
92003
91994
91993
91930
91915
91908
91894
91872
91834
91819
91812
91809
91778
91772
91755
91686
91672
91635
91623
91619
91559
91542
91530
91517
91516
91512
91496
91464
91445
91438
91424
91420
91389
91357
91343
91339
91308
91185
91173
91169
91124
91115
91071
91049
91033
91016
91006
90978
90965
90951
90943
90942
90913
90878
90871
90845
90823
90803
90768
90746
90738
90729
90724
90693
90684
90671
90637
90598
90577
90575
90570
90546
90526
90437
90414
90403
90384
90377
90350
90274
90226
90218
90195
90097
90051
89998
89978
89907
89904
89896
89855
89854
89848
89844
89747
89743
89720
89677
89663
89635
89620
89611
89580
89570
89547
89539
89513
89478
89441
89412
89390
89366
89347
89339
89327
89321
89299
89287
89260
89256
89231
89224
89170
89147
89136
89135
89132
89071
88996
88995
88961
88912
88911
88900
88869
88844
88828
88775
88727
88701
88672
88655
88649
88635
88562
88532
88454
88452
88327
88322
88318
88313
88307
88285
88283
88270
88237
88226
88224
88186
88182
88179
88147
88114
88047
88034
87978
87974
87973
87969
87931
87895
87894
87858
87840
87774
87764
87759
87751
87654
87653
87628
87594
87592
87572
87570
87565
87554
87546
87524
87479
87453
87399
87346
87320
87261
87221
87217
87213
87212
87197
87155
87142
87124
87119
87112
87111
87100
87069
87055
87053
87048
87024
87007
87004
86981
86972
86907
86902
86875
86867
86847
86771
86712
86698
86691
86683
86676
86662
86657
86650
86635
86629
86616
86594
86580
86527
86499
86488
86469
86468
86452
86433
86374
86368
86365
86357
86356
86349
86321
86279
86243
86240
86229
86218
86216
86203
86181
86120
86115
86103
86072
86065
86064
86019
86015
86010
86008
86007
86000
85991
85981
85962
85956
85871
85849
85818
85808
85806
85750
85711
85698
85694
85669
85664
85649
85629
85617
85593
85557
85553
85545
85527
85509
85490
85471
85458
85441
85431
85418
85388
85385
85376
85371
85366
85363
85303
85293
85278
85270
85247
85197
85185
85182
85148
85109
85098
85094
85089
85065
85048
85022
84992
84981
84979
84898
84808
84741
84728
84718
84704
84672
84663
84651
84629
84570
84520
84500
84493
84486
84399
84382
84370
84346
84321
84275
84230
84215
84210
84169
84154
84145
84141
84138
84118
84105
84100
84072
83996
83987
83978
83946
83916
83910
83909
83893
83862
83860
83827
83814
83813
83807
83781
83777
83768
83761
83740
83718
83714
83685
83679
83668
83627
83600
83578
83564
83558
83535
83520
83484
83453
83446
83445
83424
83411
83403
83402
83401
83386
83363
83331
83322
83314
83289
83262
83229
83193
83185
83170
83156
83080
83046
83039
83019
82970
82965
82906
82904
82890
82868
82861
82854
82835
82796
82764
82745
82741
82694
82683
82655
82643
82622
82606
82588
82585
82537
82533
82511
82500
82489
82445
82400
82395
82346
82337
82253
82236
82232
82209
82165
82146
82138
82107
82105
82078
82046
82012
82007
81973
81968
81946
81928
81920
81919
81917
81909
81865
81831
81812
81798
81766
81762
81730
81723
81708
81705
81704
81693
81640
81625
81615
81582
81569
81568
81520
81500
81492
81424
81412
81405
81396
81395
81376
81361
81269
81221
81208
81207
81205
81203
81202
81170
81169
81120
81106
81077
81076
81000
80988
80986
80966
80958
80908
80899
80871
80865
80861
80808
80786
80741
80731
80713
80663
80652
80646
80631
80607
80602
80595
80582
80542
80531
80530
80526
80506
80502
80459
80434
80432
80427
80413
80384
80367
80356
80352
80314
80265
80255
80253
80248
80237
80204
80126
80122
80086
80054
80049
80031
80019
80004
79961
79936
79919
79877
79847
79821
79819
79816
79796
79785
79783
79781
79778
79765
79762
79715
79708
79698
79697
79682
79677
79659
79612
79599
79583
79554
79532
79495
79481
79468
79449
79437
79429
79425
79396
79384
79330
79328
79309
79301
79289
79288
79280
79278
79273
79258
79244
79208
79205
79164
79153
79151
79112
79041
78991
78975
78962
78955
78941
78940
78913
78901
78826
78822
78813
78762
78761
78750
78745
78726
78709
78693
78691
78682
78674
78669
78654
78599
78566
78545
78532
78515
78501
78499
78474
78458
78446
78440
78408
78396
78384
78369
78364
78362
78360
78344
78339
78301
78271
78268
78266
78261
78166
78140
78129
78128
78122
78120
78106
78099
78091
78081
78077
78046
78044
78026
78015
77999
77998
77985
77955
77905
77901
77892
77881
77878
77874
77835
77826
77818
77752
77741
77693
77659
77655
77635
77629
77620
77527
77520
77518
77505
77492
77482
77464
77443
77439
77302
77287
77280
77259
77212
77172
77156
77095
77094
77091
77064
77005
76980
76953
76928
76922
76861
76856
76853
76851
76813
76804
76796
76786
76741
76664
76661
76623
76611
76562
76561
76551
76525
76496
76477
76463
76449
76447
76435
76404
76372
76367
76318
76299
76294
76272
76269
76266
76246
76176
76164
76152
76142
76134
76130
76119
76100
76098
76085
76055
76049
76047
76035
76029
76019
76016
75985
75954
75911
75904
75881
75816
75784
75747
75736
75721
75709
75703
75700
75645
75601
75567
75565
75564
75546
75539
75508
75491
75469
75462
75447
75446
75404
75400
75306
75280
75277
75246
75243
75241
75199
75184
75178
75156
75118
75111
75087
75065
75043
75038
75018
74986
74942
74919
74877
74874
74860
74850
74823
74816
74804
74793
74777
74749
74735
74719
74712
74711
74673
74627
74621
74620
74588
74579
74570
74546
74534
74525
74478
74451
74434
74380
74322
74315
74292
74282
74254
74250
74232
74171
74168
74157
74098
74094
74093
74057
74035
74024
74012
74005
74000
73978
73969
73913
73894
73881
73856
73843
73826
73792
73785
73781
73757
73750
73720
73711
73686
73618
73612
73606
73592
73589
73588
73579
73578
73577
73541
73527
73478
73474
73458
73454
73450
73412
73396
73377
73334
73326
73324
73309
73298
73277
73259
73248
73225
73207
73200
73178
73153
73139
73138
73123
73096
73088
73050
73041
73027
73018
72981
72918
72913
72910
72908
72883
72872
72862
72847
72829
72819
72816
72760
72707
72701
72660
72657
72656
72640
72608
72551
72547
72481
72452
72417
72404
72402
72379
72370
72351
72335
72314
72310
72259
72250
72245
72214
72193
72170
72141
72100
72087
72074
72072
72058
72046
72043
72022
72011
71991
71949
71852
71843
71837
71827
71759
71740
71723
71700
71698
71633
71624
71616
71600
71588
71587
71568
71554
71541
71532
71514
71480
71459
71458
71450
71443
71423
71394
71388
71371
71331
71317
71316
71279
71268
71251
71204
71183
71160
71126
71115
71081
71047
71030
71007
70992
70974
70963
70960
70925
70924
70902
70876
70856
70846
70815
70795
70748
70740
70725
70722
70721
70700
70651
70578
70563
70558
70538
70534
70527
70517
70482
70465
70450
70394
70378
70375
70364
70329
70325
70315
70307
70280
70244
70237
70227
70224
70205
70194
70185
70173
70159
70107
70096
70077
69982
69973
69894
69861
69818
69791
69773
69754
69724
69718
69673
69638
69631
69627
69613
69595
69582
69567
69559
69515
69508
69502
69500
69498
69481
69476
69455
69382
69371
69353
69342
69340
69327
69319
69303
69292
69254
69249
69229
69220
69198
69192
69155
69152
69147
69117
69105
69104
69089
69065
69064
69019
68984
68980
68972
68965
68960
68950
68942
68892
68881
68880
68878
68867
68840
68839
68801
68770
68760
68731
68726
68719
68698
68656
68624
68613
68590
68562
68557
68550
68549
68480
68463
68450
68444
68412
68410
68385
68378
68369
68366
68362
68284
68273
68265
68264
68250
68246
68198
68175
68148
68094
68019
68016
67993
67981
67942
67938
67931
67902
67858
67854
67844
67837
67830
67785
67757
67702
67697
67694
67692
67644
67614
67598
67590
67589
67562
67506
67470
67468
67448
67438
67421
67417
67411
67383
67381
67317
67304
67291
67271
67235
67180
67172
67171
67159
67134
67124
67112
67110
67101
67096
67091
67050
67037
67036
66965
66951
66937
66935
66932
66925
66907
66901
66885
66878
66877
66874
66849
66841
66837
66800
66787
66786
66779
66760
66709
66695
66665
66622
66552
66539
66512
66472
66437
66426
66412
66363
66360
66324
66304
66300
66297
66203
66200
66071
66037
66017
66003
65994
65989
65977
65965
65952
65929
65912
65906
65901
65855
65853
65821
65789
65703
65702
65658
65625
65614
65595
65590
65574
65533
65522
65495
65482
65464
65455
65451
65446
65443
65437
65376
65346
65299
65283
65273
65268
65263
65181
65179
65174
65155
65119
65110
65067
65056
65038
65022
65014
64953
64945
64886
64874
64873
64782
64719
64695
64688
64665
64597
64591
64580
64543
64530
64524
64479
64471
64444
64435
64434
64420
64394
64358
64344
64309
64307
64300
64296
64245
64240
64238
64203
64195
64181
64179
64170
64139
64138
64130
64121
64118
64105
64104
64098
64089
64064
64061
64044
64024
63985
63973
63932
63910
63907
63905
63899
63898
63885
63858
63823
63820
63810
63803
63778
63776
63762
63740
63735
63702
63699
63675
63673
63663
63592
63589
63530
63524
63521
63504
63493
63489
63483
63474
63448
63435
63426
63420
63414
63403
63402
63388
63367
63342
63324
63308
63286
63283
63268
63266
63258
63256
63230
63209
63200
63186
63176
63154
63120
63116
63046
63028
63019
63015
63000
62908
62881
62870
62862
62834
62831
62819
62814
62785
62763
62743
62724
62718
62673
62634
62624
62559
62556
62537
62522
62503
62474
62458
62379
62378
62373
62354
62310
62309
62303
62299
62269
62264
62249
62193
62183
62167
62137
62116
62102
62098
62080
62066
62062
62021
61972
61952
61927
61907
61894
61892
61867
61843
61836
61832
61823
61818
61817
61813
61806
61779
61771
61716
61680
61676
61651
61619
61617
61616
61578
61542
61539
61523
61507
61495
61416
61392
61389
61370
61358
61292
61291
61290
61287
61279
61226
61225
61188
61180
61176
61131
61118
61110
61102
61053
61048
61044
61017
61004
60959
60950
60932
60904
60901
60898
60896
60874
60865
60855
60781
60756
60721
60674
60666
60658
60657
60652
60630
60589
60581
60537
60504
60501
60464
60416
60415
60383
60381
60355
60316
60308
60294
60287
60283
60270
60264
60255
60252
60248
60239
60228
60221
60186
60170
60145
60091
60058
60047
60043
60004
59979
59973
59966
59954
59935
59906
59904
59895
59864
59834
59816
59806
59799
59783
59777
59755
59710
59704
59703
59701
59684
59670
59642
59635
59633
59604
59602
59577
59555
59521
59507
59505
59482
59472
59461
59429
59405
59403
59358
59355
59349
59342
59266
59263
59256
59195
59188
59140
59125
59122
59110
59109
59050
59019
58977
58967
58957
58950
58938
58937
58915
58862
58857
58842
58840
58834
58818
58789
58736
58726
58724
58713
58712
58688
58685
58665
58638
58571
58569
58564
58464
58436
58427
58420
58353
58347
58326
58319
58312
58296
58290
58281
58248
58204
58167
58144
58140
58107
58105
58093
58081
58075
58042
58037
58031
57994
57967
57941
57900
57878
57869
57856
57847
57839
57834
57830
57798
57756
57737
57704
57703
57674
57652
57631
57557
57547
57543
57501
57497
57463
57445
57394
57362
57348
57331
57297
57289
57281
57268
57252
57217
57211
57197
57188
57184
57173
57168
57166
57130
57124
57119
57101
57095
57092
57087
57018
57001
56999
56996
56981
56979
56976
56968
56949
56876
56871
56850
56837
56835
56819
56817
56815
56799
56785
56773
56699
56663
56615
56599
56586
56581
56530
56527
56468
56461
56459
56447
56440
56411
56406
56373
56366
56359
56354
56342
56337
56308
56290
56263
56211
56208
56177
56109
56100
56092
56091
56047
56041
56003
55984
55940
55869
55864
55840
55835
55812
55783
55762
55752
55746
55734
55733
55718
55624
55614
55608
55606
55605
55602
55580
55541
55435
55368
55367
55352
55340
55295
55273
55252
55239
55222
55214
55194
55188
55182
55175
55084
55080
55078
54943
54921
54871
54860
54858
54857
54846
54820
54805
54786
54733
54722
54717
54686
54666
54664
54643
54632
54623
54615
54601
54575
54552
54538
54518
54511
54489
54473
54471
54458
54389
54388
54349
54263
54211
54202
54186
54174
54097
54091
54048
54034
54024
54001
53982
53952
53950
53944
53943
53935
53901
53883
53861
53860
53835
53792
53787
53768
53744
53739
53682
53630
53595
53581
53566
53562
53561
53553
53543
53541
53505
53489
53481
53444
53441
53409
53403
53388
53355
53332
53300
53262
53259
53252
53248
53245
53230
53218
53214
53187
53174
53153
53130
53104
53088
53061
53039
53029
53018
53011
53006
52998
52957
52925
52886
52861
52858
52850
52848
52800
52792
52775
52760
52756
52696
52690
52679
52670
52612
52608
52604
52582
52568
52564
52524
52448
52423
52414
52403
52377
52362
52351
52342
52335
52295
52252
52250
52234
52196
52166
52164
52147
52137
52112
52077
52066
52051
52043
52022
52000
51990
51974
51972
51958
51956
51920
51906
51815
51805
51800
51789
51770
51761
51753
51745
51723
51673
51662
51636
51629
51627
51609
51603
51584
51571
51542
51517
51514
51506
51499
51491
51485
51471
51418
51397
51347
51336
51318
51295
51294
51259
51172
51167
51153
51126
51107
51054
51034
50995
50983
50982
50977
50962
50943
50925
50899
50859
50844
50838
50837
50821
50799
50787
50783
50777
50762
50743
50742
50725
50711
50686
50683
50679
50644
50624
50594
50510
50505
50468
50442
50409
50406
50394
50385
50379
50353
50286
50266
50245
50146
50125
50114
50109
50101
50100
50087
50060
50057
50010
49979
49952
49930
49888
49853
49852
49844
49840
49773
49760
49755
49711
49710
49696
49695
49682
49676
49634
49597
49549
49504
49485
49483
49481
49477
49452
49450
49435
49434
49431
49408
49344
49329
49325
49297
49281
49272
49261
49244
49224
49181
49162
49151
49139
49108
49089
49079
49070
49062
49053
49027
49021
49006
48983
48975
48964
48958
48951
48918
48914
48890
48869
48829
48794
48786
48759
48753
48745
48728
48725
48716
48680
48673
48634
48632
48629
48626
48608
48604
48579
48573
48567
48556
48540
48530
48515
48499
48485
48478
48447
48400
48383
48361
48335
48303
48299
48269
48267
48253
48248
48230
48215
48210
48208
48192
48157
48139
48099
48075
48070
48064
47962
47892
47868
47867
47854
47837
47789
47775
47764
47720
47705
47701
47683
47682
47676
47666
47644
47639
47623
47616
47573
47536
47516
47505
47503
47492
47475
47462
47447
47442
47430
47423
47408
47389
47366
47348
47336
47320
47315
47282
47224
47202
47191
47183
47177
47153
47148
47147
47144
47128
47121
47021
47003
46998
46988
46979
46974
46956
46913
46883
46868
46852
46764
46763
46749
46673
46661
46642
46578
46567
46551
46538
46528
46438
46432
46396
46390
46349
46347
46326
46218
46216
46200
46184
46170
46166
46154
46122
46121
46105
46071
46050
46036
46023
46004
45943
45937
45934
45928
45894
45866
45848
45845
45811
45785
45753
45675
45639
45634
45623
45617
45591
45585
45583
45578
45570
45556
45552
45550
45485
45450
45433
45392
45387
45377
45341
45334
45307
45283
45269
45258
45243
45238
45230
45202
45179
45175
45170
45168
45157
45124
45119
45077
45038
45034
45031
45028
44988
44962
44939
44886
44881
44839
44830
44826
44813
44811
44801
44742
44729
44701
44686
44673
44666
44663
44655
44650
44628
44612
44594
44590
44587
44566
44559
44527
44459
44444
44413
44408
44369
44326
44323
44303
44286
44283
44269
44263
44256
44245
44242
44223
44191
44182
44145
44102
44073
44061
44010
43995
43985
43967
43955
43935
43932
43930
43927
43898
43896
43849
43846
43827
43824
43822
43775
43774
43765
43740
43732
43718
43717
43687
43616
43587
43577
43572
43562
43502
43487
43459
43406
43379
43363
43360
43299
43293
43292
43275
43259
43249
43236
43173
43117
43105
43100
43087
43085
43079
42974
42910
42896
42894
42890
42879
42810
42696
42677
42676
42660
42637
42576
42555
42461
42451
42442
42437
42385
42364
42329
42304
42292
42272
42213
42199
42168
42157
42129
42042
42002
41994
41990
41987
41972
41961
41924
41879
41866
41864
41862
41847
41805
41784
41739
41731
41719
41716
41692
41691
41687
41636
41588
41562
41561
41541
41525
41515
41500
41494
41466
41456
41447
41436
41426
41420
41411
41394
41263
41257
41232
41230
41204
41114
41111
41092
41081
41070
41066
41051
41020
40986
40983
40977
40947
40946
40921
40914
40879
40874
40869
40866
40828
40799
40779
40731
40722
40705
40698
40682
40669
40655
40654
40643
40637
40636
40632
40622
40608
40589
40564
40563
40560
40523
40495
40492
40433
40425
40403
40400
40342
40301
40293
40272
40270
40212
40210
40205
40197
40179
40169
40150
40147
40131
40120
40095
40044
40016
40011
40004
39995
39981
39962
39958
39948
39902
39875
39859
39828
39807
39792
39776
39768
39757
39725
39717
39695
39690
39682
39664
39662
39626
39603
39593
39590
39543
39488
39480
39440
39373
39371
39354
39343
39327
39314
39302
39295
39253
39248
39236
39195
39189
39128
39052
39051
39050
39041
39018
39014
38997
38987
38978
38973
38941
38897
38888
38874
38825
38779
38748
38736
38716
38651
38592
38581
38555
38501
38488
38481
38476
38465
38445
38416
38368
38349
38338
38331
38318
38316
38297
38260
38218
38160
38150
38143
38123
38083
38082
38077
37979
37962
37927
37879
37861
37850
37846
37800
37791
37773
37754
37740
37733
37716
37662
37653
37618
37608
37569
37563
37538
37509
37503
37498
37489
37479
37468
37461
37450
37449
37437
37430
37393
37327
37315
37311
37307
37299
37297
37282
37281
37274
37226
37225
37217
37161
37144
37127
37087
37080
37063
37055
37051
37045
37017
37002
36955
36920
36911
36858
36845
36809
36784
36742
36735
36728
36692
36691
36632
36622
36607
36598
36551
36544
36516
36511
36489
36484
36483
36439
36390
36380
36371
36358
36352
36346
36337
36285
36268
36239
36229
36216
36187
36160
36134
36131
36109
36092
36043
36029
36024
36004
35976
35970
35968
35943
35938
35928
35909
35899
35894
35888
35863
35852
35851
35831
35824
35815
35803
35763
35750
35748
35714
35698
35660
35631
35608
35607
35590
35552
35544
35534
35512
35508
35474
35463
35445
35438
35433
35430
35413
35412
35404
35388
35376
35361
35325
35294
35284
35283
35280
35278
35242
35231
35223
35206
35190
35189
35187
35161
35160
35095
35072
35071
35063
35039
35032
35024
35001
34937
34926
34920
34892
34844
34829
34824
34819
34813
34805
34775
34705
34618
34608
34589
34588
34532
34524
34523
34509
34502
34493
34479
34475
34459
34414
34394
34389
34352
34279
34259
34238
34228
34223
34208
34204
34199
34196
34192
34177
34164
34117
34109
34107
34091
34087
34078
34064
34044
34043
33963
33944
33906
33899
33859
33814
33770
33765
33745
33709
33694
33660
33656
33627
33622
33621
33610
33608
33594
33579
33534
33530
33527
33524
33513
33452
33446
33422
33398
33365
33319
33305
33271
33239
33233
33226
33223
33211
33201
33185
33165
33152
33151
33140
33100
33097
33075
33034
33031
33022
33011
33004
32967
32950
32928
32925
32826
32816
32815
32801
32792
32788
32744
32741
32715
32693
32689
32671
32660
32639
32595
32569
32567
32560
32546
32543
32520
32517
32491
32485
32477
32459
32421
32409
32404
32381
32373
32350
32343
32315
32304
32303
32272
32251
32241
32205
32204
32180
32177
32054
32050
32043
32008
31955
31943
31936
31935
31912
31907
31905
31836
31831
31825
31814
31806
31794
31792
31785
31782
31768
31749
31698
31697
31688
31642
31641
31626
31593
31590
31543
31534
31523
31510
31493
31468
31447
31440
31416
31359
31302
31294
31264
31253
31235
31230
31207
31195
31135
31111
31105
31064
31056
31049
31045
31000
30998
30969
30951
30864
30858
30773
30740
30728
30721
30706
30704
30673
30655
30641
30628
30595
30588
30561
30558
30537
30536
30528
30518
30488
30476
30475
30471
30458
30429
30384
30361
30360
30354
30339
30337
30333
30332
30298
30283
30277
30276
30250
30238
30226
30154
30132
30122
30096
30060
30015
30008
29990
29988
29982
29967
29949
29947
29934
29920
29894
29865
29854
29827
29749
29739
29702
29660
29652
29647
29571
29559
29528
29521
29516
29495
29468
29444
29439
29436
29390
29375
29347
29338
29310
29309
29294
29268
29261
29230
29203
29191
29183
29173
29170
29141
29134
29132
29102
29054
29039
29009
28985
28972
28970
28967
28960
28910
28903
28895
28889
28842
28825
28810
28780
28748
28747
28737
28730
28684
28682
28640
28630
28618
28580
28549
28463
28448
28435
28393
28381
28375
28364
28354
28353
28340
28333
28327
28290
28266
28248
28242
28240
28227
28212
28157
28113
28100
28085
28080
28060
28058
28051
28046
28044
28032
28022
27998
27991
27966
27963
27961
27945
27926
27912
27898
27894
27863
27856
27810
27737
27728
27703
27636
27627
27612
27595
27574
27561
27560
27556
27549
27499
27497
27488
27479
27445
27415
27376
27335
27312
27268
27256
27250
27246
27208
27200
27198
27189
27098
27082
27068
27064
27061
27056
27048
27015
26990
26984
26963
26962
26902
26875
26869
26840
26834
26826
26801
26795
26762
26701
26697
26676
26650
26647
26622
26565
26553
26540
26527
26516
26472
26468
26420
26406
26394
26379
26344
26330
26323
26280
26267
26264
26227
26206
26194
26185
26182
26164
26139
26127
26080
26079
26024
26011
25992
25977
25965
25958
25950
25936
25935
25926
25915
25888
25883
25869
25854
25851
25798
25715
25712
25691
25677
25669
25652
25602
25586
25579
25560
25543
25496
25467
25459
25449
25431
25423
25386
25370
25354
25331
25324
25262
25261
25188
25173
25155
25072
25053
25000
24996
24983
24963
24945
24944
24939
24923
24911
24893
24871
24864
24861
24857
24826
24779
24747
24738
24705
24649
24627
24617
24610
24576
24564
24488
24486
24475
24462
24454
24431
24426
24411
24350
24330
24311
24288
24239
24237
24216
24211
24194
24185
24182
24180
24175
24163
24149
24143
24135
24096
24061
24051
24045
24034
24008
24006
23902
23898
23878
23875
23828
23787
23766
23762
23686
23649
23617
23603
23588
23575
23512
23508
23461
23448
23435
23414
23412
23357
23339
23335
23311
23309
23219
23218
23167
23165
23141
23134
23114
23097
23091
23090
23084
23076
23042
23037
23031
23021
23008
22989
22953
22877
22862
22854
22844
22838
22810
22800
22776
22774
22766
22765
22754
22741
22713
22709
22678
22676
22661
22602
22593
22591
22580
22578
22576
22559
22547
22524
22510
22478
22475
22457
22435
22380
22352
22304
22292
22274
22230
22201
22194
22177
22155
22147
22113
22095
22083
22067
22054
22048
22042
22037
22025
22022
22014
22004
22001
21985
21931
21907
21905
21898
21870
21813
21811
21803
21780
21763
21695
21688
21653
21635
21616
21577
21573
21534
21524
21521
21512
21496
21493
21491
21458
21452
21413
21403
21397
21389
21371
21363
21360
21350
21343
21320
21271
21269
21258
21248
21238
21223
21200
21172
21158
21123
21115
21102
21091
21070
21052
21041
21015
20979
20970
20952
20945
20944
20943
20918
20849
20820
20769
20739
20711
20688
20672
20635
20440
20367
20362
20352
20313
20278
20275
20258
20256
20247
20199
20172
20171
20163
20155
20149
20144
20124
20118
20094
20088
20078
20075
20047
20013
19984
19966
19960
19944
19931
19916
19906
19879
19868
19846
19823
19821
19800
19787
19776
19765
19764
19761
19652
19617
19610
19601
19600
19587
19465
19459
19443
19403
19394
19364
19349
19334
19309
19288
19257
19243
19233
19223
19219
19203
19156
19140
19131
19127
19125
19112
19094
19075
19045
19006
19004
18989
18976
18966
18938
18931
18914
18836
18786
18779
18719
18696
18660
18648
18631
18601
18600
18588
18564
18555
18540
18481
18448
18435
18381
18344
18325
18324
18316
18312
18286
18282
18277
18273
18237
18234
18222
18220
18199
18173
18150
18145
18115
18111
18090
18086
18051
18049
18000
17979
17968
17967
17965
17960
17926
17905
17848
17820
17768
17741
17738
17731
17672
17661
17638
17610
17598
17595
17586
17572
17554
17545
17535
17513
17493
17449
17425
17357
17327
17326
17304
17292
17274
17240
17218
17213
17198
17168
17165
17135
17094
17080
17067
17020
16978
16938
16928
16908
16874
16869
16857
16853
16843
16841
16832
16823
16816
16809
16799
16777
16771
16749
16722
16713
16688
16661
16659
16655
16642
16611
16605
16602
16586
16542
16509
16496
16470
16461
16429
16425
16413
16396
16369
16362
16331
16254
16249
16216
16200
16192
16180
16161
16139
16101
16066
15994
15982
15976
15968
15962
15947
15928
15923
15914
15883
15854
15831
15814
15770
15769
15724
15716
15692
15677
15664
15646
15644
15601
15559
15540
15535
15514
15494
15478
15462
15446
15436
15386
15357
15340
15333
15332
15320
15317
15282
15268
15266
15260
15237
15225
15205
15179
15167
15149
15119
15101
15092
15058
15036
15004
14985
14979
14963
14939
14908
14831
14786
14784
14749
14744
14714
14679
14677
14618
14550
14529
14526
14516
14492
14477
14454
14450
14448
14436
14402
14357
14329
14320
14319
14302
14288
14287
14261
14233
14216
14205
14203
14194
14191
14186
14171
14166
14154
14148
14143
14127
14120
14119
14110
14094
14092
14086
14067
14055
14043
14016
14005
13998
13996
13989
13971
13949
13907
13898
13871
13869
13863
13850
13835
13834
13822
13815
13805
13794
13783
13763
13740
13707
13693
13658
13653
13637
13611
13603
13594
13571
13551
13531
13527
13522
13493
13468
13455
13442
13422
13411
13388
13367
13341
13298
13254
13245
13238
13222
13204
13179
13176
13172
13168
13158
13117
13051
13049
13020
13013
12991
12955
12902
12900
12878
12870
12829
12805
12800
12781
12780
12769
12705
12693
12658
12656
12648
12639
12576
12563
12547
12540
12514
12484
12418
12413
12375
12356
12331
12324
12317
12292
12285
12270
12256
12250
12235
12169
12115
12103
12102
12071
12066
12020
12018
12013
11995
11986
11985
11974
11972
11954
11941
11914
11897
11880
11862
11829
11826
11825
11813
11811
11776
11732
11731
11726
11711
11701
11670
11666
11664
11659
11608
11542
11482
11473
11439
11432
11403
11377
11361
11324
11311
11291
11259
11247
11243
11232
11220
11143
11138
11131
11111
11099
11087
11085
11033
11028
11016
11004
11002
10994
10966
10944
10942
10925
10919
10918
10895
10885
10866
10807
10764
10759
10733
10732
10677
10675
10674
10656
10644
10640
10639
10623
10618
10607
10600
10597
10585
10542
10485
10466
10456
10442
10408
10404
10378
10352
10332
10309
10285
10284
10283
10277
10264
10255
10229
10215
10183
10180
10178
10167
10164
10154
10138
10131
10126
10121
10068
10062
10054
10044
10016
9969
9963
9929
9924
9893
9887
9883
9849
9843
9828
9819
9781
9739
9728
9717
9693
9670
9658
9653
9641
9627
9598
9592
9580
9540
9529
9497
9467
9460
9386
9343
9325
9319
9314
9280
9266
9258
9235
9224
9204
9189
9180
9155
9151
9136
9132
9112
9085
9045
9000
8954
8932
8910
8909
8887
8885
8846
8835
8812
8794
8759
8746
8743
8736
8717
8690
8671
8664
8647
8595
8543
8530
8511
8508
8485
8458
8453
8389
8387
8373
8361
8309
8306
8275
8254
8248
8239
8238
8230
8218
8212
8190
8184
8177
8129
8114
8079
8076
8067
8052
8023
7999
7985
7928
7914
7898
7892
7879
7874
7865
7843
7730
7686
7662
7653
7641
7633
7538
7518
7517
7514
7513
7488
7472
7463
7437
7421
7342
7329
7326
7313
7294
7290
7280
7258
7242
7228
7205
7204
7176
7163
7103
7074
7009
7006
6981
6956
6949
6942
6907
6899
6894
6845
6837
6823
6803
6733
6720
6711
6704
6697
6657
6652
6621
6615
6609
6574
6559
6536
6464
6446
6436
6418
6415
6393
6383
6372
6357
6334
6320
6318
6296
6266
6220
6216
6201
6184
6167
6125
6049
6046
6031
6019
5976
5932
5928
5909
5890
5887
5884
5872
5866
5856
5846
5838
5825
5823
5793
5790
5788
5748
5743
5649
5642
5629
5612
5607
5605
5553
5510
5501
5494
5489
5475
5438
5429
5390
5385
5369
5356
5343
5253
5197
5169
5162
5156
5130
5126
5087
5059
5050
4961
4943
4912
4893
4855
4832
4807
4776
4706
4693
4670
4669
4544
4526
4503
4491
4489
4470
4458
4423
4405
4400
4289
4271
4270
4227
4220
4219
4172
4169
4156
4085
4084
4058
4033
4024
4012
3995
3980
3961
3945
3933
3929
3915
3914
3912
3904
3901
3898
3890
3873
3865
3856
3799
3769
3756
3733
3712
3704
3702
3689
3643
3623
3610
3589
3560
3524
3516
3449
3425
3421
3417
3405
3381
3364
3353
3334
3324
3323
3316
3241
3228
3216
3211
3138
3119
3115
3102
3101
3094
3050
3047
2960
2958
2937
2913
2894
2886
2863
2858
2851
2846
2824
2821
2816
2797
2760
2738
2713
2711
2699
2694
2692
2681
2653
2634
2629
2538
2537
2535
2525
2519
2516
2487
2453
2398
2367
2331
2329
2326
2319
2314
2303
2302
2297
2282
2247
2227
2143
2141
2131
2128
2113
2109
2090
2088
2076
2058
2054
2029
2021
2013
1991
1973
1958
1926
1919
1906
1809
1783
1742
1705
1700
1666
1650
1646
1581
1575
1555
1553
1523
1489
1488
1463
1458
1435
1420
1411
1406
1380
1339
1338
1336
1316
1298
1291
1289
1282
1262
1241
1196
1164
1134
1092
1059
1031
1009
980
937
915
911
884
878
872
862
856
823
816
812
798
789
771
737
736
727
723
720
636
599
580
571
567
565
561
538
526
517
503
492
486
476
473
407
406
403
402
399
395
381
300
218
207
157
149
69
67
58
54
36
30
9
27
54
60
77
98
148
192
219
220
291
299
347
383
384
385
428
438
465
467
481
493
534
538
544
591
633
648
655
662
666
701
711
722
750
751
781
786
805
824
882
894
897
906
918
919
1031
1079
1105
1116
1129
1136
1237
1278
1287
1301
1366
1407
1431
1462
1508
1570
1576
1587
1592
1623
1654
1660
1712
1717
1733
1750
1772
1773
1786
1846
1874
1875
1901
1980
1988
1995
2008
2021
2087
2097
2101
2115
2120
2121
2126
2141
2157
2161
2212
2227
2246
2268
2283
2296
2297
2316
2325
2362
2370
2393
2413
2465
2474
2478
2481
2489
2503
2510
2511
2530
2544
2545
2569
2583
2586
2593
2600
2605
2614
2632
2633
2670
2735
2754
2805
2810
2816
2830
2859
2883
2911
2946
2977
3020
3022
3036
3045
3046
3097
3136
3162
3214
3216
3234
3322
3334
3341
3342
3353
3402
3416
3529
3533
3546
3573
3578
3581
3587
3606
3614
3617
3623
3625
3647
3667
3691
3699
3707
3727
3728
3784
3791
3803
3818
3844
3877
3878
3902
3911
3929
3937
3944
4002
4003
4009
4042
4074
4078
4100
4101
4103
4106
4124
4125
4141
4224
4227
4232
4240
4242
4257
4272
4278
4297
4421
4423
4440
4458
4474
4486
4519
4520
4538
4542
4545
4559
4595
4605
4608
4681
4710
4741
4746
4754
4784
4803
4804
4812
4936
4965
5003
5046
5054
5083
5091
5113
5127
5177
5192
5194
5204
5217
5218
5220
5230
5232
5239
5244
5246
5247
5251
5252
5285
5296
5306
5316
5358
5387
5401
5478
5488
5566
5575
5581
5588
5597
5653
5718
5751
5776
5855
5891
5900
5930
5931
6002
6054
6098
6117
6122
6168
6203
6232
6245
6272
6280
6387
6411
6428
6441
6528
6615
6630
6662
6663
6679
6730
6754
6784
6829
6885
6892
6922
6928
6947
6953
6975
6992
7018
7029
7069
7081
7084
7192
7272
7281
7427
7485
7496
7501
7527
7547
7554
7564
7572
7579
7593
7594
7606
7608
7635
7662
7673
7699
7704
7721
7768
7774
7775
7785
7799
7813
7815
7821
7825
7827
7835
7884
7928
7972
8001
8022
8030
8037
8052
8058
8061
8078
8150
8155
8158
8184
8208
8233
8297
8299
8303
8308
8312
8322
8334
8343
8368
8376
8384
8404
8420
8424
8439
8449
8464
8465
8498
8506
8509
8549
8592
8618
8631
8643
8661
8663
8664
8674
8703
8713
8714
8716
8722
8781
8784
8786
8796
8814
8842
8853
8861
8906
8907
8926
8936
8939
8945
8959
8972
8993
9016
9024
9071
9126
9140
9161
9174
9187
9192
9201
9207
9218
9254
9261
9268
9269
9289
9299
9310
9352
9355
9361
9374
9375
9392
9402
9411
9416
9421
9425
9433
9448
9450
9455
9467
9511
9524
9532
9580
9620
9666
9679
9683
9733
9744
9751
9754
9868
9877
9894
9896
9920
9940
9966
9967
10017
10025
10033
10056
10115
10152
10166
10180
10188
10216
10230
10263
10268
10336
10375
10383
10387
10408
10434
10485
10487
10488
10489
10514
10531
10553
10568
10569
10583
10647
10648
10689
10710
10738
10741
10751
10777
10890
10913
10916
10957
10987
10988
10989
10995
11004
11030
11084
11161
11172
11183
11221
11244
11274
11301
11307
11351
11396
11425
11439
11459
11467
11473
11475
11480
11520
11542
11559
11567
11576
11580
11609
11622
11623
11643
11668
11690
11715
11730
11732
11785
11787
11834
11869
11887
11895
11991
12015
12046
12047
12050
12053
12056
12057
12081
12090
12093
12101
12103
12128
12140
12210
12240
12321
12330
12336
12341
12349
12370
12390
12401
12404
12445
12465
12472
12486
12496
12505
12551
12563
12616
12621
12659
12695
12697
12759
12778
12791
12865
12873
12919
12983
13012
13037
13060
13062
13091
13114
13135
13155
13163
13179
13187
13189
13194
13208
13231
13241
13287
13288
13292
13295
13320
13330
13335
13339
13354
13382
13397
13433
13439
13440
13451
13460
13485
13502
13503
13507
13517
13570
13581
13619
13626
13644
13666
13670
13673
13712
13713
13769
13789
13799
13806
13818
13820
13859
13863
13884
13885
13897
13970
13972
13982
14007
14017
14039
14059
14065
14079
14086
14091
14110
14131
14158
14168
14207
14226
14235
14242
14254
14282
14339
14342
14347
14370
14376
14396
14405
14407
14428
14461
14479
14486
14491
14575
14600
14614
14622
14689
14712
14732
14808
14812
14815
14824
14833
14834
14838
14846
14862
14873
14883
14896
14918
14919
14923
14941
14950
14952
15003
15063
15073
15083
15088
15101
15105
15111
15132
15150
15180
15235
15247
15269
15303
15308
15334
15357
15378
15383
15390
15395
15397
15405
15416
15421
15442
15498
15506
15532
15548
15568
15584
15586
15604
15611
15639
15651
15655
15677
15687
15704
15707
15755
15796
15806
15828
15833
15845
15861
15867
15884
15885
15900
15950
15958
15981
15999
16003
16049
16058
16089
16090
16123
16143
16166
16209
16227
16230
16231
16238
16280
16311
16314
16327
16347
16367
16384
16397
16425
16444
16459
16460
16467
16516
16528
16550
16583
16604
16672
16703
16712
16736
16741
16754
16757
16763
16794
16843
16845
16855
16861
16887
16905
16922
16926
16950
17017
17041
17057
17086
17110
17119
17193
17215
17228
17229
17232
17233
17237
17277
17278
17282
17295
17318
17319
17379
17388
17401
17435
17480
17485
17509
17522
17532
17538
17540
17577
17621
17623
17663
17695
17702
17703
17728
17731
17777
17784
17794
17829
17839
17893
17908
17910
17916
17926
17948
17950
18034
18081
18099
18110
18135
18140
18149
18164
18184
18187
18204
18316
18358
18368
18383
18399
18404
18494
18497
18541
18581
18604
18637
18657
18682
18701
18711
18749
18786
18793
18795
18816
18831
18838
18841
18849
18858
18867
18884
18886
18909
18919
18963
18970
18984
18996
19009
19038
19055
19087
19097
19109
19117
19130
19131
19140
19142
19153
19173
19175
19195
19214
19263
19275
19310
19349
19385
19386
19399
19402
19409
19447
19465
19505
19543
19547
19557
19558
19563
19580
19601
19607
19608
19612
19618
19638
19648
19695
19699
19718
19734
19765
19772
19776
19782
19790
19800
19803
19812
19891
19896
19906
19907
19946
19949
19974
20041
20050
20061
20089
20094
20100
20108
20138
20172
20173
20181
20185
20190
20202
20289
20295
20310
20317
20322
20377
20390
20391
20412
20418
20429
20439
20451
20456
20491
20529
20541
20545
20551
20584
20665
20666
20670
20674
20679
20743
20757
20766
20775
20819
20841
20861
20884
20888
20934
20938
20962
20966
20994
21019
21022
21024
21064
21094
21096
21100
21165
21221
21223
21236
21238
21251
21263
21271
21279
21345
21407
21478
21492
21550
21551
21575
21645
21718
21726
21743
21756
21794
21797
21824
21829
21836
21854
21899
21913
21916
21921
21923
21934
21947
21948
21962
21964
21998
22017
22041
22049
22104
22107
22120
22139
22143
22154
22175
22178
22201
22210
22213
22227
22229
22239
22274
22344
22346
22372
22374
22384
22401
22406
22421
22439
22474
22475
22497
22507
22528
22531
22550
22563
22627
22707
22713
22721
22729
22741
22748
22789
22847
22918
22957
22969
23032
23033
23040
23076
23102
23183
23211
23225
23226
23268
23269
23312
23322
23323
23332
23367
23401
23405
23419
23420
23424
23442
23501
23515
23517
23520
23521
23564
23581
23584
23608
23620
23638
23641
23647
23687
23714
23718
23753
23801
23882
23889
23907
23916
23922
23946
24001
24004
24016
24025
24034
24035
24073
24115
24124
24147
24167
24183
24191
24200
24236
24299
24300
24304
24305
24311
24317
24364
24379
24422
24434
24575
24576
24584
24586
24590
24598
24600
24674
24677
24689
24697
24730
24736
24778
24794
24822
24829
24834
24840
24842
24851
24857
24865
24870
24873
24881
24882
24884
24886
24891
24897
24908
24915
24934
24946
25010
25029
25032
25050
25066
25081
25086
25093
25109
25135
25141
25142
25153
25170
25175
25177
25190
25249
25304
25308
25314
25330
25373
25389
25405
25411
25428
25440
25509
25592
25635
25641
25643
25654
25674
25687
25694
25709
25737
25778
25807
25824
25829
25900
25903
25913
25942
25963
25967
25968
26040
26045
26120
26154
26155
26181
26189
26230
26233
26238
26275
26292
26302
26324
26338
26373
26421
26436
26439
26458
26482
26550
26562
26574
26640
26643
26708
26715
26720
26730
26763
26793
26812
26818
26830
26838
26840
26851
26869
26910
26914
26922
26934
26960
26977
26997
26999
27018
27024
27050
27056
27092
27116
27136
27151
27193
27241
27274
27279
27288
27299
27307
27318
27324
27355
27357
27358
27362
27365
27382
27388
27419
27423
27426
27442
27493
27509
27579
27590
27605
27620
27653
27671
27691
27693
27713
27718
27750
27751
27766
27769
27797
27814
27840
27847
27862
27868
27872
27886
27907
27916
27917
27941
27946
27950
28006
28010
28026
28073
28074
28096
28131
28179
28250
28256
28298
28302
28333
28410
28418
28423
28436
28482
28559
28620
28622
28626
28656
28669
28681
28682
28692
28701
28718
28727
28728
28748
28766
28767
28803
28807
28813
28821
28832
28850
28881
28900
28923
28985
28998
29008
29021
29088
29090
29113
29119
29145
29156
29161
29169
29178
29191
29245
29273
29284
29343
29370
29375
29450
29502
29507
29551
29565
29569
29595
29609
29633
29637
29656
29661
29664
29737
29764
29772
29801
29881
29883
29947
30029
30046
30051
30076
30117
30118
30119
30170
30227
30234
30241
30250
30293
30305
30320
30347
30358
30365
30366
30386
30395
30396
30397
30404
30438
30494
30512
30522
30538
30546
30550
30557
30567
30597
30664
30674
30675
30703
30717
30754
30755
30759
30761
30767
30783
30790
30799
30888
30892
30905
30906
30911
30970
30971
30990
31030
31038
31082
31107
31122
31135
31168
31188
31194
31225
31277
31303
31311
31337
31341
31439
31441
31457
31491
31513
31520
31523
31540
31547
31549
31587
31599
31602
31652
31659
31680
31725
31734
31739
31763
31767
31803
31846
31891
31908
31918
31956
31986
31993
32018
32054
32058
32079
32080
32083
32089
32098
32139
32181
32183
32200
32209
32210
32212
32227
32248
32251
32257
32262
32283
32292
32312
32319
32348
32370
32371
32373
32404
32425
32451
32482
32483
32516
32521
32553
32572
32630
32633
32652
32664
32700
32757
32759
32773
32777
32780
32916
32926
32950
32966
32967
33071
33078
33086
33094
33141
33142
33177
33196
33236
33291
33320
33353
33370
33374
33418
33461
33464
33473
33478
33484
33510
33521
33548
33551
33576
33582
33584
33626
33678
33697
33705
33718
33753
33784
33801
33811
33817
33862
33883
33886
33887
33902
33907
33912
33942
33948
33962
33971
33984
33990
34004
34040
34045
34077
34085
34117
34122
34141
34143
34157
34164
34190
34191
34192
34212
34255
34266
34302
34350
34372
34394
34402
34452
34457
34460
34476
34481
34559
34576
34579
34636
34677
34680
34686
34687
34719
34738
34740
34749
34763
34775
34826
34850
34871
34897
34903
34938
34950
34984
34985
34986
34999
35010
35039
35042
35047
35055
35076
35084
35091
35121
35136
35151
35179
35181
35225
35234
35238
35253
35298
35301
35325
35379
35391
35414
35481
35482
35495
35504
35525
35536
35591
35611
35654
35679
35726
35750
35772
35818
35847
35859
35864
35870
35871
35878
35880
35890
35973
35982
35999
36037
36084
36132
36136
36144
36170
36172
36247
36266
36278
36282
36313
36388
36441
36455
36502
36515
36516
36531
36598
36609
36648
36655
36686
36713
36761
36767
36787
36803
36816
36827
36833
36861
36865
36899
36904
36905
36925
36945
36977
36996
37039
37106
37124
37151
37158
37164
37177
37200
37212
37213
37259
37268
37293
37304
37399
37460
37479
37486
37498
37500
37539
37548
37575
37594
37669
37672
37676
37685
37709
37727
37729
37753
37826
37831
37832
37843
37848
37873
37886
37890
37897
37926
37959
37961
38039
38058
38074
38100
38121
38152
38175
38193
38272
38298
38322
38329
38337
38356
38363
38392
38413
38419
38442
38443
38474
38506
38509
38510
38570
38575
38592
38602
38608
38620
38687
38726
38780
38785
38794
38798
38800
38810
38812
38815
38817
38846
38851
38855
38885
38894
38906
38921
38959
38969
38985
38986
38995
39018
39046
39080
39092
39117
39119
39125
39132
39156
39164
39168
39178
39179
39188
39190
39199
39214
39228
39238
39270
39314
39325
39328
39339
39379
39381
39391
39424
39450
39453
39458
39477
39480
39531
39542
39571
39576
39590
39645
39649
39657
39729
39732
39754
39787
39793
39803
39805
39807
39809
39827
39828
39864
39873
39896
39913
39930
39934
39966
39972
39994
39998
39999
40004
40016
40026
40035
40037
40069
40076
40082
40094
40095
40097
40118
40124
40137
40154
40163
40224
40236
40254
40265
40276
40289
40356
40447
40485
40549
40620
40622
40626
40653
40659
40663
40673
40683
40685
40738
40754
40756
40778
40823
40840
40856
40879
40885
40893
40898
40899
40926
40931
40999
41001
41009
41016
41035
41046
41079
41141
41154
41155
41198
41242
41262
41337
41364
41380
41391
41436
41449
41474
41477
41481
41490
41510
41529
41536
41563
41564
41613
41651
41671
41678
41686
41695
41697
41706
41736
41762
41773
41780
41811
41814
41835
41842
41880
41901
41944
41952
41960
41981
42128
42130
42205
42218
42219
42222
42255
42281
42295
42298
42306
42326
42336
42338
42353
42356
42372
42407
42436
42463
42499
42503
42509
42516
42542
42567
42571
42597
42600
42609
42628
42631
42659
42682
42692
42710
42720
42740
42758
42770
42788
42793
42804
42814
42817
42820
42828
42841
42854
42883
42907
42910
42921
42926
42949
42992
43033
43053
43067
43091
43101
43117
43119
43170
43211
43241
43245
43294
43323
43365
43379
43394
43400
43421
43426
43431
43534
43544
43599
43636
43656
43664
43681
43723
43728
43764
43767
43787
43797
43802
43805
43815
43817
43846
43856
43857
43878
43891
43921
43969
44014
44017
44061
44082
44089
44099
44103
44125
44128
44140
44162
44172
44222
44249
44257
44296
44333
44345
44361
44400
44459
44487
44522
44534
44646
44655
44699
44717
44723
44726
44733
44750
44751
44791
44793
44795
44811
44814
44844
44864
44909
44953
44958
44964
44975
44998
45012
45033
45074
45132
45158
45162
45185
45195
45196
45199
45235
45258
45295
45315
45331
45357
45360
45380
45381
45385
45400
45439
45477
45479
45487
45509
45520
45521
45534
45536
45568
45571
45585
45610
45621
45644
45661
45672
45688
45717
45750
45785
45789
45824
45833
45868
45909
45925
45985
46005
46060
46094
46115
46116
46117
46118
46129
46167
46195
46228
46254
46293
46310
46325
46344
46393
46397
46445
46447
46482
46484
46498
46508
46518
46533
46537
46581
46593
46610
46640
46702
46750
46767
46768
46769
46782
46843
46844
46870
46893
46908
46910
46928
46932
46936
46974
46984
47004
47024
47041
47073
47163
47168
47176
47183
47214
47243
47266
47274
47281
47282
47290
47294
47303
47331
47338
47350
47351
47353
47358
47416
47418
47441
47460
47471
47478
47516
47525
47531
47560
47570
47572
47598
47616
47629
47645
47646
47662
47672
47685
47689
47699
47722
47731
47755
47779
47794
47796
47812
47884
47910
47930
47963
47989
47996
48018
48019
48020
48034
48079
48080
48084
48087
48104
48109
48126
48144
48147
48150
48158
48181
48191
48205
48225
48229
48248
48267
48287
48292
48355
48410
48425
48441
48463
48466
48483
48511
48515
48519
48528
48534
48642
48647
48672
48683
48692
48779
48792
48796
48799
48835
48864
48873
48877
48977
49003
49065
49086
49109
49193
49197
49238
49308
49309
49343
49370
49371
49384
49388
49403
49436
49468
49504
49516
49519
49520
49537
49565
49572
49582
49594
49633
49681
49689
49714
49761
49768
49817
49860
49883
49901
49918
49939
49943
49954
49963
49969
49972
49975
50002
50016
50018
50025
50038
50081
50104
50107
50123
50124
50127
50137
50154
50190
50234
50258
50299
50323
50375
50411
50453
50460
50469
50480
50483
50494
50498
50514
50555
50580
50593
50604
50658
50660
50661
50687
50757
50769
50813
50824
50850
50853
50873
50875
50915
50937
50956
50976
50995
51027
51031
51033
51042
51084
51096
51113
51172
51182
51209
51246
51248
51260
51266
51307
51319
51330
51396
51412
51432
51466
51496
51513
51558
51565
51571
51600
51636
51661
51663
51689
51770
51771
51894
51910
51926
51953
51964
51993
52000
52023
52067
52075
52082
52088
52105
52108
52171
52180
52181
52222
52232
52243
52261
52264
52266
52275
52280
52307
52310
52317
52321
52324
52338
52345
52355
52360
52367
52372
52397
52414
52422
52430
52436
52451
52452
52486
52530
52534
52536
52543
52599
52638
52649
52662
52720
52721
52727
52730
52766
52802
52807
52824
52830
52862
52893
52895
52921
52955
53020
53045
53083
53087
53099
53119
53129
53173
53185
53187
53204
53211
53217
53220
53250
53251
53264
53297
53327
53333
53334
53336
53358
53393
53410
53427
53437
53449
53462
53470
53492
53496
53503
53513
53545
53558
53578
53637
53662
53701
53705
53724
53732
53752
53772
53802
53830
53840
53849
53858
53863
53869
53886
53934
53960
53994
53998
54011
54025
54130
54164
54200
54208
54212
54231
54233
54235
54280
54284
54297
54320
54380
54388
54390
54423
54428
54459
54470
54473
54485
54501
54505
54520
54549
54569
54574
54594
54608
54697
54699
54750
54787
54802
54815
54829
54831
54837
54840
54866
54878
54882
54897
54918
54923
54931
54935
54943
54962
55007
55016
55021
55039
55059
55071
55106
55109
55116
55128
55138
55170
55175
55195
55213
55227
55274
55301
55303
55307
55312
55318
55327
55333
55354
55415
55417
55440
55447
55464
55474
55476
55485
55526
55529
55551
55554
55582
55592
55610
55611
55614
55615
55620
55638
55659
55698
55770
55777
55784
55791
55831
55857
55870
55904
55927
55961
56019
56021
56028
56032
56034
56057
56058
56077
56080
56088
56101
56109
56141
56152
56157
56181
56187
56214
56220
56221
56246
56265
56281
56282
56292
56304
56324
56330
56372
56409
56411
56422
56426
56436
56438
56451
56457
56459
56469
56484
56532
56534
56553
56582
56585
56608
56611
56664
56708
56753
56756
56758
56786
56792
56794
56826
56851
56855
56897
56912
56939
56944
56951
56982
57002
57020
57044
57048
57054
57055
57068
57119
57194
57216
57257
57261
57294
57333
57334
57338
57346
57357
57399
57432
57434
57454
57535
57561
57567
57608
57611
57640
57642
57649
57668
57671
57684
57716
57721
57722
57737
57754
57770
57781
57795
57815
57844
57847
57876
57902
57904
57972
57974
58000
58006
58035
58058
58093
58100
58114
58124
58125
58142
58145
58149
58154
58162
58173
58196
58243
58254
58308
58331
58337
58338
58341
58352
58362
58379
58393
58402
58412
58417
58419
58428
58436
58479
58488
58499
58533
58564
58583
58585
58602
58604
58608
58609
58612
58621
58632
58637
58741
58768
58776
58782
58812
58857
58922
58947
58970
59004
59016
59027
59032
59033
59036
59049
59124
59125
59138
59219
59262
59316
59335
59376
59377
59404
59409
59432
59439
59457
59495
59503
59505
59513
59518
59522
59538
59565
59571
59656
59663
59680
59736
59739
59777
59787
59795
59817
59818
59848
59858
59946
59954
59963
59982
59995
60026
60062
60064
60078
60087
60096
60114
60156
60171
60185
60196
60198
60233
60236
60242
60281
60302
60338
60345
60369
60373
60380
60382
60383
60400
60404
60445
60474
60486
60543
60594
60604
60688
60690
60695
60697
60716
60718
60728
60732
60749
60762
60778
60790
60792
60822
60855
60900
60913
60936
60940
60941
60949
60999
61001
61027
61061
61074
61093
61111
61157
61158
61162
61175
61200
61207
61212
61232
61287
61329
61409
61416
61507
61510
61519
61527
61555
61562
61579
61595
61608
61615
61642
61650
61675
61686
61687
61695
61705
61726
61734
61748
61759
61760
61801
61817
61870
61886
61887
61917
61938
61942
61961
61963
61988
62021
62025
62026
62058
62086
62131
62134
62140
62197
62236
62255
62259
62286
62321
62327
62333
62350
62351
62382
62415
62431
62447
62453
62489
62497
62527
62529
62533
62564
62573
62580
62589
62599
62601
62626
62636
62666
62675
62696
62707
62722
62726
62764
62766
62799
62813
62818
62827
62836
62860
62862
62890
62893
62942
62948
62955
62989
63033
63048
63066
63127
63144
63147
63191
63233
63282
63314
63316
63336
63358
63375
63380
63382
63407
63434
63447
63460
63481
63500
63506
63509
63563
63588
63594
63634
63642
63647
63654
63690
63691
63700
63701
63704
63711
63730
63766
63773
63828
63856
63877
63892
63899
63917
63943
63959
63978
63990
64001
64029
64033
64039
64048
64058
64089
64097
64104
64116
64118
64140
64141
64143
64160
64161
64226
64227
64237
64261
64280
64294
64300
64358
64423
64439
64453
64491
64499
64508
64547
64559
64582
64597
64601
64705
64727
64736
64747
64801
64807
64865
64882
64944
64991
64993
64996
65000
65032
65046
65110
65124
65156
65162
65192
65205
65213
65217
65227
65233
65234
65262
65319
65320
65326
65366
65382
65388
65396
65427
65452
65454
65505
65530
65547
65554
65624
65638
65668
65758
65776
65777
65787
65795
65815
65820
65828
65839
65856
65876
65880
65882
65940
65951
65954
65955
65971
65989
66004
66024
66026
66087
66088
66095
66139
66154
66203
66214
66215
66228
66251
66263
66281
66291
66297
66301
66307
66313
66348
66358
66363
66393
66397
66425
66494
66520
66524
66531
66535
66536
66545
66571
66647
66649
66664
66684
66697
66699
66788
66816
66827
66847
66871
66879
66883
66931
66937
66977
66979
66983
67099
67133
67138
67142
67166
67189
67217
67218
67237
67280
67282
67320
67339
67375
67412
67418
67424
67445
67463
67475
67487
67517
67563
67575
67583
67586
67633
67638
67658
67666
67667
67698
67706
67758
67781
67799
67849
67871
67885
67894
67908
67913
67929
67957
67970
67971
67974
67976
67987
67994
68015
68022
68071
68098
68136
68150
68164
68242
68310
68311
68318
68333
68337
68342
68358
68381
68389
68404
68435
68446
68482
68512
68549
68551
68580
68607
68647
68697
68710
68728
68733
68831
68877
68889
68906
68927
68971
69000
69018
69026
69045
69049
69056
69066
69088
69114
69117
69176
69181
69222
69223
69266
69274
69282
69304
69311
69319
69338
69339
69344
69345
69353
69395
69459
69468
69481
69551
69593
69596
69609
69621
69635
69647
69654
69668
69728
69739
69740
69772
69773
69806
69821
69860
69866
69872
69901
69904
69916
69922
69944
69968
69973
69986
70000
70034
70045
70059
70068
70084
70127
70143
70149
70217
70245
70282
70310
70350
70389
70424
70431
70441
70442
70489
70498
70578
70593
70656
70685
70705
70711
70716
70738
70739
70749
70750
70766
70805
70845
70861
70924
70957
70983
71002
71014
71015
71023
71060
71104
71141
71162
71188
71189
71241
71256
71272
71287
71307
71320
71325
71328
71352
71385
71397
71399
71403
71423
71426
71430
71486
71510
71541
71560
71602
71628
71640
71666
71742
71760
71780
71782
71783
71789
71849
71856
71860
71884
71889
71896
71941
72013
72023
72049
72060
72061
72064
72065
72073
72094
72095
72127
72211
72212
72231
72281
72296
72300
72346
72366
72416
72418
72419
72422
72433
72458
72486
72490
72513
72536
72563
72567
72584
72630
72634
72672
72673
72681
72699
72712
72733
72746
72754
72794
72799
72812
72840
72843
72867
72868
72874
72883
72891
72896
72936
72944
72946
72970
73045
73080
73089
73095
73098
73109
73154
73181
73188
73204
73213
73215
73228
73232
73246
73266
73294
73298
73301
73303
73314
73431
73434
73440
73456
73475
73479
73483
73510
73519
73542
73557
73561
73621
73662
73726
73728
73750
73781
73787
73795
73798
73804
73829
73833
73834
73836
73837
73867
73870
73916
73932
73945
73946
73963
73984
73990
73995
74007
74023
74036
74057
74078
74085
74106
74115
74141
74207
74234
74240
74249
74276
74290
74292
74294
74336
74337
74342
74349
74350
74355
74379
74437
74440
74458
74459
74469
74491
74498
74546
74566
74568
74576
74589
74590
74602
74607
74612
74613
74680
74719
74760
74763
74786
74799
74811
74828
74832
74838
74877
74917
74922
74971
75091
75109
75120
75135
75140
75173
75185
75194
75212
75215
75237
75249
75266
75270
75277
75289
75290
75297
75319
75326
75382
75441
75447
75448
75507
75509
75524
75527
75536
75590
75598
75606
75617
75626
75633
75671
75726
75844
75856
75889
75920
75943
75959
75967
75973
76016
76020
76046
76064
76092
76093
76094
76130
76142
76143
76154
76157
76163
76167
76188
76195
76200
76263
76298
76316
76353
76400
76463
76493
76597
76602
76615
76650
76670
76706
76717
76718
76727
76741
76772
76790
76815
76829
76890
76898
76922
76926
76950
76961
76966
76973
77006
77051
77057
77058
77094
77099
77104
77116
77138
77166
77177
77222
77335
77340
77341
77357
77374
77381
77431
77444
77473
77477
77487
77513
77516
77521
77551
77582
77621
77646
77700
77704
77736
77774
77864
77877
77882
77914
77932
77935
77938
77953
78003
78031
78063
78083
78118
78136
78178
78240
78275
78286
78333
78354
78416
78421
78437
78449
78460
78463
78468
78472
78481
78492
78499
78528
78540
78613
78628
78633
78673
78688
78717
78751
78756
78769
78772
78777
78832
78879
78936
78937
78965
78968
78971
78990
79055
79082
79099
79105
79112
79114
79122
79130
79139
79141
79146
79170
79192
79205
79208
79230
79265
79296
79297
79300
79366
79395
79427
79428
79435
79438
79475
79478
79529
79551
79558
79576
79622
79649
79670
79706
79739
79742
79764
79821
79836
79837
79866
79959
79961
79965
79988
80019
80026
80035
80039
80041
80067
80098
80111
80173
80177
80236
80239
80240
80256
80268
80321
80332
80369
80375
80379
80404
80410
80424
80443
80525
80605
80610
80628
80633
80661
80665
80693
80703
80714
80730
80750
80755
80770
80772
80773
80789
80829
80830
80841
80886
80941
80951
80962
80967
80976
80981
80985
80986
81013
81019
81031
81040
81052
81095
81099
81112
81184
81203
81216
81222
81257
81273
81342
81357
81360
81376
81400
81407
81449
81466
81475
81504
81520
81537
81566
81594
81618
81636
81650
81715
81728
81732
81765
81779
81796
81815
81836
81851
81901
81909
81911
81936
82021
82022
82080
82095
82111
82123
82145
82227
82234
82247
82248
82271
82290
82344
82356
82374
82376
82396
82403
82422
82439
82443
82451
82462
82484
82498
82499
82524
82559
82571
82606
82624
82693
82701
82734
82738
82740
82743
82745
82767
82797
82806
82809
82827
82904
82918
82954
82994
83026
83047
83072
83075
83092
83098
83155
83161
83186
83199
83203
83251
83256
83270
83279
83287
83297
83314
83322
83406
83468
83502
83559
83570
83598
83637
83647
83664
83680
83691
83692
83739
83761
83776
83798
83804
83806
83819
83826
83851
83862
83939
84023
84024
84028
84031
84046
84063
84070
84096
84108
84179
84198
84208
84210
84226
84276
84278
84294
84315
84321
84331
84342
84363
84370
84374
84379
84387
84390
84399
84401
84406
84414
84418
84463
84466
84496
84504
84506
84511
84567
84586
84599
84603
84629
84632
84667
84672
84694
84716
84718
84719
84738
84789
84807
84815
84864
84874
84881
84894
84897
84908
84945
84971
84989
84992
84995
85037
85072
85079
85096
85122
85127
85144
85146
85147
85148
85152
85164
85190
85213
85220
85253
85256
85259
85288
85345
85373
85411
85431
85439
85465
85472
85507
85516
85520
85523
85538
85552
85562
85569
85570
85586
85606
85621
85687
85722
85727
85735
85785
85799
85800
85845
85847
85883
85891
85892
85970
85974
85976
85977
85990
86018
86023
86077
86097
86104
86106
86135
86146
86148
86174
86212
86250
86253
86281
86283
86299
86319
86359
86367
86384
86396
86422
86423
86433
86443
86464
86487
86489
86491
86500
86501
86513
86536
86554
86555
86651
86674
86688
86704
86720
86721
86773
86784
86790
86805
86834
86878
86882
86885
86942
86969
86994
87011
87022
87038
87066
87072
87073
87088
87091
87114
87169
87184
87207
87209
87222
87252
87279
87285
87288
87319
87350
87363
87510
87513
87532
87541
87543
87569
87616
87650
87653
87659
87690
87696
87710
87741
87742
87746
87748
87750
87752
87802
87809
87816
87820
87858
87873
87880
87881
87884
87897
87919
87941
87943
87944
87951
88028
88042
88068
88082
88091
88099
88101
88137
88181
88213
88224
88251
88255
88257
88278
88279
88295
88323
88324
88338
88375
88384
88387
88440
88450
88453
88458
88463
88470
88511
88564
88586
88589
88593
88623
88632
88640
88642
88675
88727
88740
88751
88754
88771
88778
88787
88794
88799
88811
88835
88854
88886
88895
88901
88919
88920
88936
88943
88945
88948
88958
88961
88963
88984
88989
89012
89020
89052
89118
89126
89165
89169
89179
89202
89205
89226
89236
89247
89248
89262
89297
89337
89355
89356
89378
89441
89451
89463
89492
89494
89583
89663
89698
89707
89781
89784
89787
89830
89833
89863
89876
89923
90012
90025
90040
90075
90092
90117
90124
90150
90159
90162
90179
90184
90192
90216
90240
90259
90268
90296
90308
90316
90337
90345
90352
90353
90395
90427
90453
90473
90476
90504
90512
90525
90528
90547
90563
90580
90594
90605
90631
90661
90674
90699
90721
90732
90739
90741
90785
90788
90794
90815
90833
90841
90888
90891
90934
90937
90950
90962
90970
91059
91069
91153
91236
91247
91257
91262
91266
91273
91283
91324
91343
91389
91409
91429
91436
91437
91451
91458
91487
91492
91521
91529
91534
91566
91585
91619
91657
91667
91668
91672
91684
91712
91715
91733
91760
91766
91768
91783
91796
91797
91824
91861
91897
91961
91972
92007
92048
92161
92164
92167
92180
92205
92217
92219
92274
92295
92311
92345
92346
92360
92368
92423
92428
92442
92455
92471
92474
92569
92614
92650
92654
92745
92785
92786
92799
92830
92844
92846
92851
92864
92887
92951
92963
92985
92991
93001
93014
93020
93048
93069
93073
93121
93138
93173
93174
93185
93188
93191
93218
93223
93229
93236
93238
93265
93283
93324
93345
93431
93469
93507
93509
93546
93556
93557
93572
93583
93590
93599
93635
93667
93696
93753
93782
93801
93830
93850
93865
93891
93892
93900
93906
93907
93913
93916
93936
93945
93961
93977
94026
94042
94052
94070
94072
94076
94082
94106
94110
94128
94150
94202
94217
94228
94262
94268
94332
94343
94364
94376
94392
94415
94444
94481
94484
94519
94523
94540
94550
94578
94581
94602
94609
94613
94635
94685
94698
94703
94741
94766
94813
94836
94857
94861
94866
94911
94932
94957
94979
94980
94996
95017
95062
95070
95088
95096
95103
95117
95199
95208
95209
95212
95217
95244
95255
95266
95267
95274
95276
95310
95322
95376
95383
95402
95406
95416
95440
95455
95458
95468
95471
95475
95480
95484
95491
95555
95577
95600
95629
95666
95667
95683
95741
95744
95763
95793
95841
95888
95905
95906
95914
95988
95999
96000
96006
96016
96023
96028
96034
96052
96101
96116
96120
96132
96160
96200
96268
96278
96303
96367
96370
96382
96444
96450
96454
96457
96470
96481
96488
96492
96495
96503
96531
96535
96572
96597
96607
96671
96708
96714
96715
96766
96779
96824
96825
96859
96863
96905
96919
96966
97041
97050
97055
97117
97124
97147
97155
97184
97193
97229
97236
97253
97265
97283
97297
97315
97334
97343
97356
97381
97385
97433
97479
97506
97533
97550
97561
97572
97583
97593
97595
97618
97632
97651
97676
97703
97718
97728
97735
97780
97782
97787
97796
97829
97830
97832
97919
97930
97955
97976
97996
98001
98010
98078
98082
98097
98111
98192
98206
98212
98220
98221
98262
98276
98302
98303
98363
98374
98392
98405
98407
98420
98427
98476
98479
98508
98532
98580
98615
98628
98658
98673
98697
98702
98716
98721
98722
98727
98755
98773
98775
98795
98830
98900
98926
98930
98941
98960
99004
99100
99115
99116
99141
99205
99221
99227
99251
99253
99270
99279
99282
99290
99302
99312
99363
99388
99395
99400
99426
99457
99465
99474
99481
99498
99518
99521
99529
99560
99589
99599
99605
99630
99638
99659
99711
99712
99728
99749
99782
99791
99799
99803
99838
99896
99950
99951
99989
k
